10
      55.0        5.0       -1.0        7.0        6.0       10.0        8.0       -3.0        6.0        0.0 =      651.0
       6.0      -53.0        1.0       -2.0        8.0        7.0       -2.0        0.0       -9.0      -10.0 =     -216.0
      10.0        4.0       58.0        4.0        2.0       -7.0       -3.0       -1.0       -9.0        8.0 =     -264.0
       0.0        5.0       -5.0      -50.0       -7.0        4.0        3.0       -7.0        5.0       -7.0 =       59.0
       6.0        8.0       -7.0        3.0      -50.0        3.0        0.0        2.0       -9.0       -7.0 =     -306.0
       0.0       -7.0        3.0       -2.0        4.0       45.0        6.0       -7.0        1.0        7.0 =     -150.0
       6.0        3.0        0.0        4.0       -7.0       -9.0       50.0        0.0       -9.0       -5.0 =      165.0
      -4.0        6.0       -9.0       -3.0       -3.0        7.0       -4.0       47.0       -3.0       -4.0 =       30.0
      -6.0       -7.0        8.0        9.0        4.0        5.0        4.0       -1.0      -54.0       -8.0 =      414.0
       7.0       -2.0       -3.0        9.0        9.0       -7.0        3.0       -9.0        5.0       64.0 =      380.0

       7.0        4.0       -4.0       -1.0        6.0       -3.0        5.0        1.0       -9.0        5.0
