10
     -47.0        6.0        1.0       -1.0        6.0       -9.0        1.0       -4.0       -1.0      -10.0 =      116.0
      -6.0      -51.0       -2.0       10.0        4.0       -3.0       -7.0       10.0        3.0        3.0 =     -195.0
      -2.0        2.0       28.0        2.0        3.0       -7.0        4.0        2.0        3.0       -2.0 =      -66.0
       4.0        9.0       10.0      -61.0       -9.0       -7.0        0.0        2.0        2.0       -9.0 =      354.0
       9.0        6.0       -1.0       -8.0       51.0       10.0        0.0       -2.0        2.0       -7.0 =     -480.0
       0.0       -2.0        4.0        1.0        9.0       41.0       -3.0       -7.0       -5.0        6.0 =     -220.0
       0.0        7.0       -9.0       -4.0      -10.0       -8.0       43.0        0.0        1.0        0.0 =       80.0
      -3.0        7.0        7.0       -3.0       -7.0        4.0        3.0       57.0       -9.0        9.0 =     -260.0
      -3.0       -1.0        5.0        1.0      -10.0       -4.0        7.0       -4.0       40.0       -2.0 =     -116.0
       0.0       -8.0       -8.0        4.0       -1.0       -6.0        9.0        1.0       -7.0       50.0 =      136.0

      -2.0        5.0       -2.0       -6.0       -8.0       -5.0        4.0       -4.0       -4.0        4.0
