10
      60.0       -3.0       -3.0        8.0        5.0       10.0       -6.0       -7.0        2.0        9.0 =     -150.0
       8.0      -40.0       -4.0       -2.0       -5.0        7.0        1.0       -1.0       -6.0        3.0 =     -234.0
       9.0        7.0      -53.0       -8.0       -4.0        7.0        2.0       -2.0       -8.0       -2.0 =     -416.0
       0.0       -1.0       -8.0      -50.0        6.0       -4.0        9.0        4.0        8.0        6.0 =      -60.0
       8.0        5.0       -7.0        9.0       74.0       -5.0        9.0       -8.0        5.0       -8.0 =     -820.0
      -3.0        6.0        5.0        8.0        8.0       52.0       -8.0        8.0       -3.0        1.0 =        0.0
      -5.0       -6.0        7.0      -10.0        0.0        3.0      -46.0        6.0       -4.0        1.0 =      -54.0
       6.0       -2.0       -4.0       -2.0        3.0        7.0       -7.0       46.0       -7.0       -5.0 =     -175.0
      -8.0        7.0       -9.0        8.0        8.0        4.0       -9.0       -8.0       75.0        8.0 =     -608.0
       4.0        7.0       -8.0       -7.0        3.0        3.0        1.0        9.0       -3.0      -50.0 =      -82.0

      -2.0        6.0        8.0        2.0      -10.0        0.0        1.0       -5.0       -8.0        2.0
