10
     -55.0        6.0        9.0       -2.0       -7.0        5.0        6.0        1.0        6.0        6.0 =      -50.0
      -7.0       61.0       -2.0        8.0        6.0       -9.0       -5.0       -2.0       -4.0       -9.0 =      333.0
       1.0       -3.0      -52.0       -5.0       -8.0       -2.0       10.0        7.0        2.0        8.0 =      294.0
       0.0       -6.0       10.0      -47.0        6.0       -5.0       -1.0        0.0       -9.0        3.0 =      147.0
       6.0        6.0        0.0        6.0       48.0        8.0       -2.0       -7.0       -3.0       -8.0 =      378.0
       7.0        8.0        4.0       -4.0       -8.0      -59.0        3.0        6.0       -6.0       -7.0 =     -112.0
       5.0        6.0        6.0       -7.0        1.0       -5.0       50.0        8.0        6.0        5.0 =     -375.0
      -3.0        5.0      -10.0        6.0       -9.0       -4.0       -5.0       52.0       -1.0       -6.0 =     -125.0
      -9.0        5.0        1.0       -2.0        2.0       -2.0       -2.0       -1.0       32.0        3.0 =      -54.0
       5.0        8.0        3.0       -2.0        9.0        8.0        3.0       -2.0        7.0      -50.0 =      -66.0

       2.0        9.0       -7.0       -3.0        7.0        2.0       -5.0       -5.0       -2.0        6.0
