10
     -54.0        4.0       -6.0       -8.0       -2.0       -8.0        2.0        4.0        8.0       -8.0 =     -272.0
      -9.0       61.0       10.0        3.0       -4.0        5.0        6.0       10.0        9.0        4.0 =     -950.0
      -4.0       -9.0      -63.0       -3.0       -9.0       -3.0       -6.0        9.0       -3.0       -9.0 =     -200.0
       3.0        1.0       -7.0      -48.0       -1.0        2.0        7.0      -10.0        8.0       -2.0 =      -94.0
       1.0       -2.0        6.0        9.0      -49.0        8.0       -9.0       -2.0        1.0        8.0 =      261.0
       3.0        2.0       -4.0       -1.0        6.0      -47.0        6.0       -7.0        9.0       -7.0 =      280.0
      -9.0        2.0       -7.0       -9.0        7.0        3.0      -64.0       -9.0       -9.0        8.0 =      348.0
      -2.0       -5.0        1.0        3.0        4.0        6.0        6.0      -43.0       -2.0       -7.0 =       78.0
      10.0       -3.0        2.0       -8.0        3.0       -8.0      -10.0        1.0      -54.0        3.0 =      512.0
      -5.0       -6.0        3.0       -7.0       -3.0       -3.0        1.0       -7.0       -1.0       40.0 =       72.0

       4.0      -10.0        2.0        2.0       -9.0       -7.0       -4.0       -2.0       -8.0        6.0
