12
      52.0        5.0       -7.0       -3.0       -4.0       -9.0        6.0       -3.0        0.0        5.0        7.0        1.0 =     -500.0
       1.0       63.0       10.0       -3.0       -6.0        9.0        8.0        8.0        5.0        0.0        4.0       -3.0 =     -576.0
       9.0       -4.0       56.0        8.0       -1.0        0.0       -4.0        1.0        3.0       -9.0       -7.0        3.0 =     -385.0
      -9.0        2.0       -3.0       62.0        7.0       -4.0        4.0        9.0        8.0       -8.0        4.0       -2.0 =     -140.0
      -2.0        4.0        8.0        1.0      -54.0        0.0        8.0       -1.0       -3.0        4.0        8.0       -5.0 =      160.0
       6.0       -6.0        5.0        4.0        9.0       70.0       -8.0        9.0        0.0        6.0        7.0        6.0 =     -432.0
       2.0        6.0       -3.0        6.0        3.0       -4.0       49.0        0.0        4.0       -4.0       -3.0       10.0 =      396.0
       9.0       -9.0       -5.0       -9.0      -10.0        3.0       -3.0       63.0        3.0        5.0        3.0        2.0 =      156.0
      -5.0       -8.0        5.0        8.0        8.0       -9.0       -5.0       10.0       72.0        5.0        3.0        4.0 =     -440.0
       0.0        8.0       -3.0       -4.0       -4.0        2.0       -1.0       -8.0      -10.0      -53.0        7.0       -4.0 =     -210.0
       9.0       -6.0        4.0        4.0       -4.0        8.0       -1.0        4.0        9.0        1.0       57.0       -4.0 =      243.0
      -2.0       -1.0       -3.0        3.0        0.0        8.0       -1.0       -2.0        2.0        6.0       -6.0      -43.0 =       78.0

     -10.0       -6.0       -7.0       -2.0       -5.0       -4.0        6.0        3.0       -5.0        3.0        3.0       -2.0
