12
     -65.0        2.0        1.0       -8.0        6.0        9.0        3.0       -4.0        7.0       -3.0        5.0       -8.0 =     -330.0
      -6.0       60.0       -4.0        7.0        2.0        9.0        2.0        5.0        6.0        2.0       -9.0        4.0 =        0.0
       9.0        8.0      -78.0        9.0       -2.0       -3.0       -3.0       -9.0        6.0       -7.0        7.0        8.0 =      165.0
      -5.0        3.0        6.0       63.0       -4.0        0.0       -9.0       -6.0       -3.0        9.0       -6.0        7.0 =      330.0
      -9.0       -7.0        1.0       -8.0       78.0       -5.0       -4.0       -9.0        8.0       -9.0        9.0        3.0 =     -192.0
       7.0       -2.0        0.0       -7.0        5.0      -57.0       -5.0       -8.0       -2.0        5.0       -8.0        0.0 =      -72.0
       7.0        9.0        1.0        6.0        2.0        1.0       53.0        8.0       -7.0        0.0       -5.0       -2.0 =      657.0
       6.0        0.0       10.0       -8.0      -10.0        3.0        5.0      -59.0       -2.0        4.0        7.0        0.0 =      264.0
      -3.0        0.0        9.0      -10.0        6.0        9.0        4.0        4.0      -69.0       -6.0       -4.0        7.0 =     -159.0
      -3.0        0.0        2.0       -4.0        5.0        1.0        2.0       -3.0       -6.0       42.0       -1.0       -6.0 =     -145.0
       6.0        4.0       -3.0       -9.0       -9.0       -7.0       -5.0       -8.0       -3.0        9.0       76.0       -6.0 =      360.0
       4.0        9.0       -4.0        7.0        1.0       -3.0       -7.0      -10.0       -7.0        6.0      -10.0      -74.0 =      -88.0

       6.0        0.0       -3.0        6.0       -4.0        1.0        9.0       -6.0        3.0       -5.0        8.0        1.0
