12
      68.0        7.0        9.0       -7.0        2.0        9.0       -3.0       -5.0       -2.0       -6.0       -9.0       -7.0 =     -112.0
       9.0       71.0        6.0       -8.0       -4.0        4.0       -1.0        6.0       -8.0        4.0       -2.0       -9.0 =      476.0
      -2.0        7.0       52.0        4.0       -9.0        3.0       -2.0        4.0        0.0        4.0       -9.0        3.0 =      110.0
       5.0       -7.0       -6.0       74.0      -10.0       -6.0        8.0       -6.0        5.0        4.0       -8.0        7.0 =      480.0
       7.0        9.0        9.0       -2.0      -67.0       -2.0        4.0       10.0        8.0       -2.0        1.0        4.0 =       63.0
      -1.0       -4.0        2.0        0.0        5.0       44.0        7.0      -10.0        2.0       -3.0       -8.0       -1.0 =        0.0
       3.0       -6.0      -10.0       -7.0        9.0        6.0       58.0       -8.0        1.0       -1.0        0.0       -3.0 =     -336.0
       4.0       -1.0        6.0       -3.0        2.0        2.0       -8.0       46.0       -4.0       -3.0        6.0        0.0 =     -235.0
      -2.0       -4.0        3.0       10.0       -1.0        3.0       -6.0        8.0      -51.0        5.0       -1.0       -1.0 =      370.0
       9.0       -7.0       -5.0       -1.0       -4.0      -10.0       -3.0       -1.0       -5.0       53.0       -1.0       -1.0 =     -216.0
      -8.0       -9.0        3.0       -3.0        0.0       -9.0       -1.0       -2.0       10.0        6.0       57.0        3.0 =     -423.0
      -3.0        3.0       -9.0        4.0        4.0       -1.0       -5.0       10.0       -7.0       -9.0        1.0       59.0 =      -47.0

      -2.0        7.0        2.0        8.0       -3.0        0.0       -8.0       -5.0      -10.0       -9.0       -9.0       -1.0
