12
     -60.0       -7.0        6.0       -6.0       -7.0       -3.0       -6.0        1.0       -1.0       10.0        5.0       -1.0 =     -621.0
      -4.0       38.0       -8.0        0.0        3.0        5.0       -2.0        0.0       -2.0       -3.0        0.0        4.0 =      279.0
      -7.0        4.0       58.0        5.0       -8.0       -1.0       -9.0        3.0        0.0        2.0       -3.0        6.0 =      350.0
      -1.0        4.0       10.0      -60.0        4.0        1.0       -5.0        2.0       -2.0      -10.0       -3.0      -10.0 =        0.0
      -7.0       -1.0        0.0       -1.0      -50.0       -5.0       -3.0        6.0        7.0       -1.0       -8.0       -5.0 =      612.0
       0.0       -8.0       -9.0       -8.0        6.0      -74.0        8.0        7.0       -7.0        4.0        5.0       -7.0 =     -332.0
      -8.0       -8.0      -10.0        9.0       -9.0       -4.0       80.0        3.0        3.0        3.0       -7.0       -7.0 =      135.0
      -2.0        2.0        7.0       -6.0       -7.0       -9.0        8.0       63.0        0.0       -4.0       10.0       -5.0 =      399.0
       4.0       -3.0        2.0        7.0        2.0        8.0        8.0       -4.0      -58.0        4.0       -4.0       -8.0 =     -126.0
      -4.0       -5.0        0.0       -3.0       -6.0       -2.0       -3.0        7.0       -5.0       49.0        8.0       -4.0 =      256.0
      -1.0        1.0        6.0        0.0        3.0       -2.0        4.0        6.0        5.0       10.0      -52.0        4.0 =      160.0
      -3.0       10.0       -1.0       -3.0        8.0       -5.0       -6.0       -8.0       -8.0       -2.0       -5.0       60.0 =     -259.0

       9.0        9.0        7.0        0.0       -9.0        4.0        3.0        7.0        3.0        8.0      -10.0       -7.0
