12
     -57.0        3.0        4.0        7.0       -1.0        3.0        4.0       10.0       -7.0        7.0       -5.0        3.0 =      203.0
      -3.0      -32.0        2.0       -6.0        0.0        3.0        0.0       -1.0        0.0        5.0        6.0        2.0 =      216.0
      -3.0       -9.0      -74.0        5.0        9.0       -8.0        6.0       -8.0      -10.0        1.0       -9.0       -1.0 =      909.0
       9.0        4.0      -10.0       77.0      -10.0        3.0       -3.0       -9.0       -6.0       -7.0        7.0        7.0 =      496.0
      -4.0        9.0       -8.0        6.0      -61.0       -9.0       -2.0      -10.0       -1.0        0.0       -8.0        1.0 =       87.0
       8.0        2.0        8.0       -6.0       -4.0      -46.0       -1.0       -6.0       -4.0       -2.0       -2.0        1.0 =     -520.0
       7.0        8.0      -10.0       -2.0       -4.0        2.0      -72.0      -10.0       -6.0       -3.0       -8.0       -9.0 =      856.0
      -6.0        6.0       -8.0        3.0        7.0       -6.0        5.0       64.0        7.0        2.0       -1.0       -5.0 =     -272.0
      -1.0       -3.0       -3.0        0.0       -2.0       -4.0       -5.0       -3.0       49.0       -9.0       -8.0        9.0 =       80.0
     -10.0       -7.0       -3.0      -10.0        9.0        3.0       -1.0        0.0       -5.0      -65.0      -10.0       -2.0 =     -909.0
       8.0       -3.0        9.0        7.0        9.0       -4.0        1.0       -1.0       -9.0       -8.0       64.0        0.0 =      438.0
       4.0        9.0       -5.0        8.0       -9.0       -2.0        1.0       -3.0       -1.0       -5.0        9.0      -57.0 =     -306.0

      -7.0       -9.0       -9.0        8.0       -1.0       10.0       -8.0       -4.0        4.0        9.0        6.0        6.0
