14
      75.0       -1.0       -2.0        0.0       -9.0       -8.0       -3.0        9.0        7.0       -8.0       -7.0       -2.0        6.0       -9.0 =      384.0
      -3.0       59.0       -2.0        9.0       10.0        5.0        1.0       -8.0       -8.0       -2.0        3.0        1.0       -2.0       -4.0 =       59.0
      -4.0       -8.0      -66.0        9.0        6.0        0.0       -4.0       -2.0        8.0       -5.0        2.0        5.0        0.0       -5.0 =     -320.0
       6.0        8.0       -2.0      -71.0        8.0       -5.0        1.0        9.0       -7.0       -2.0        7.0       -6.0       -2.0        2.0 =     -270.0
       6.0       -8.0        0.0        3.0       93.0       10.0        8.0       -6.0       -7.0        4.0        9.0        6.0        9.0       -8.0 =      476.0
      10.0       -4.0        1.0       -6.0       -2.0       74.0       -9.0       -4.0        5.0       -8.0        2.0       -2.0        7.0       10.0 =     -666.0
       4.0        1.0        3.0       -9.0       -5.0       -5.0       82.0      -10.0       10.0        9.0        8.0       -5.0        2.0       -7.0 =      -78.0
      -2.0        7.0        2.0        0.0        8.0        5.0       -8.0      -61.0        0.0       -3.0        9.0       -3.0       10.0        3.0 =       33.0
       3.0       -7.0       -6.0        2.0       -8.0        7.0        5.0        1.0       64.0       -1.0       -5.0       -8.0        9.0       -1.0 =      495.0
      -9.0        1.0       -6.0       -4.0       -5.0        9.0       -4.0       10.0        0.0       69.0        9.0       -1.0       -1.0        4.0 =     -288.0
       8.0       -2.0        0.0       -7.0        8.0       -1.0        0.0       -8.0       -1.0       -6.0       58.0        0.0       -4.0        6.0 =      102.0
      -5.0        1.0        8.0        5.0       -3.0       -6.0       -5.0        1.0       -1.0        2.0        7.0      -58.0        3.0        7.0 =     -132.0
      -6.0       -3.0        0.0       -2.0       -9.0        3.0        6.0       -1.0        3.0       -5.0      -10.0       -4.0      -62.0        4.0 =      516.0
      -4.0        3.0        3.0        9.0        7.0        9.0       -2.0       10.0        7.0       -1.0       -2.0       -4.0        6.0       69.0 =      990.0

       8.0        1.0        5.0        5.0        4.0       -9.0       -1.0       -1.0        9.0       -4.0        2.0        3.0       -6.0        9.0
