14
      79.0       -2.0       -3.0       -2.0       10.0        9.0        3.0        8.0        6.0        1.0       -2.0        7.0        8.0        8.0 =     -650.0
      -9.0      -77.0        2.0        4.0       -5.0       -4.0       10.0       10.0        1.0       -6.0        7.0       -4.0        7.0        3.0 =     -427.0
       0.0        8.0      -70.0       -9.0       -9.0        2.0        5.0        7.0        0.0        3.0        2.0        5.0       -8.0       -8.0 =     -576.0
      -9.0       -9.0       -2.0       67.0       -2.0       -5.0        2.0        9.0        6.0        5.0       -1.0       -3.0        0.0       -9.0 =     -245.0
      -8.0        1.0       -2.0        9.0       84.0       -9.0       -9.0        7.0       -6.0        7.0       -7.0       -8.0        0.0        6.0 =     -130.0
      -4.0       -6.0        2.0       -1.0       -3.0       67.0       -2.0       -9.0       -6.0        9.0        9.0        4.0       -2.0        8.0 =      330.0
      -6.0       -2.0        7.0        8.0        8.0        9.0       81.0        3.0       -2.0        2.0      -10.0       -9.0      -10.0       -1.0 =      312.0
       9.0        7.0        0.0        9.0        1.0       -1.0        5.0      -68.0        1.0      -10.0        1.0       -5.0        8.0       -5.0 =      336.0
       7.0       -6.0        1.0      -10.0        6.0        5.0        9.0        6.0      -84.0       -9.0       -3.0        2.0        7.0        4.0 =      650.0
       7.0        9.0        9.0       10.0       -1.0       -7.0        8.0       -5.0       -2.0      -74.0       -4.0       -1.0        5.0        5.0 =     -246.0
       0.0        3.0        1.0        7.0        4.0       -7.0       -6.0        9.0       -7.0        9.0      -71.0        5.0        7.0        5.0 =     -164.0
       3.0        0.0       -1.0       -9.0        4.0      -10.0      -10.0       -5.0        3.0       -8.0       -2.0      -71.0       -9.0       -3.0 =    -1062.0
       4.0        0.0        0.0       -6.0        5.0        2.0        5.0       -1.0       -4.0       -4.0       -3.0       -6.0       53.0        8.0 =      265.0
      -4.0        7.0        8.0        9.0       -3.0       -9.0        7.0       -9.0      -10.0        1.0       -7.0       -6.0       -4.0       91.0 =     -284.0

      -5.0        7.0        8.0       -5.0       -2.0        5.0        4.0       -7.0      -10.0        6.0        4.0        9.0        5.0       -4.0
