14
     -62.0        8.0       -3.0        2.0        1.0        3.0       -1.0       -9.0        0.0       10.0        0.0        6.0        7.0        9.0 =      232.0
       1.0      -69.0        9.0        1.0       -6.0        2.0      -10.0        1.0        1.0       -9.0       -5.0       -7.0        1.0        8.0 =      492.0
      -7.0        6.0       74.0       -2.0        7.0        6.0       -8.0        5.0        9.0        8.0       -2.0       -1.0       -2.0        5.0 =     -784.0
       8.0       -9.0        6.0      -83.0        3.0        8.0        7.0      -10.0       -5.0       -4.0       -8.0       -2.0       -3.0        1.0 =      637.0
       9.0        9.0        9.0       -7.0       88.0       -6.0       -8.0       -1.0        9.0        4.0        3.0        4.0       -3.0       -6.0 =      728.0
       5.0        8.0        2.0       -9.0       -8.0       84.0        8.0       -2.0        3.0       -2.0      -10.0       -7.0        1.0       -9.0 =     -256.0
      -1.0        7.0       -7.0       -9.0       -7.0        1.0       74.0       -9.0        6.0       -1.0       -7.0        7.0        5.0        3.0 =      372.0
       3.0        1.0        0.0        2.0        3.0       -2.0        5.0      -52.0       -9.0        4.0       -1.0        5.0        7.0       -4.0 =     -152.0
      -5.0       -9.0        1.0       -8.0        7.0       -5.0       -1.0        7.0       76.0      -10.0        4.0        5.0       -5.0       -4.0 =       53.0
       9.0        8.0        4.0        8.0        4.0        5.0       -9.0       -3.0        1.0       69.0        4.0       -1.0        8.0       -3.0 =     -312.0
       4.0        3.0       -9.0        5.0        7.0       -3.0       -7.0        9.0        3.0        3.0       81.0       -4.0        6.0      -10.0 =       88.0
      -4.0       -4.0       -2.0       -5.0        8.0       -6.0       -8.0        4.0        9.0        3.0       -1.0       66.0        5.0        6.0 =      497.0
       0.0        6.0        8.0        8.0       -7.0       -4.0        5.0        6.0       -3.0      -10.0        4.0       -6.0       78.0       10.0 =      665.0
      -7.0        7.0        5.0        4.0       -5.0       -8.0       -9.0        7.0        6.0        9.0        1.0       -6.0       -3.0       78.0 =      158.0

      -8.0       -6.0       -8.0       -7.0        7.0       -4.0        6.0        4.0        1.0       -3.0        1.0        7.0        7.0        2.0
