14
      55.0       -1.0       -4.0       -2.0        5.0        7.0        3.0        6.0        4.0        6.0        7.0        0.0       -6.0       -1.0 =      237.0
      -3.0       44.0        0.0       -9.0        2.0        3.0        0.0      -10.0        0.0       -1.0       -3.0       -1.0        2.0        0.0 =     -216.0
      -7.0       -5.0      -86.0       10.0       -7.0       -9.0       -4.0        9.0        9.0       -2.0        6.0       -7.0       -4.0       -4.0 =      808.0
      -8.0        6.0       -1.0       78.0       -9.0       -2.0        1.0        8.0       -7.0       -2.0      -10.0       -4.0       -9.0        3.0 =     -132.0
      -6.0       -8.0       -3.0        2.0       62.0       -9.0        5.0       -7.0       -7.0        2.0        4.0        1.0        0.0       -4.0 =        0.0
       0.0        7.0       -7.0       -5.0       -4.0       70.0        8.0       -8.0       -2.0        9.0        4.0        7.0        3.0        0.0 =        0.0
       0.0        5.0        7.0       -1.0        5.0        7.0      -68.0        7.0        3.0       -7.0       -4.0       -4.0        7.0       -4.0 =     -470.0
       2.0       -6.0       -9.0        3.0       -5.0       -2.0       -2.0       69.0       -8.0       -6.0        1.0        4.0        8.0        7.0 =     -112.0
      -2.0      -10.0      -10.0       -2.0       -3.0       -9.0       -9.0        0.0       74.0        0.0       -3.0       -8.0       -5.0       -3.0 =       60.0
      -6.0        7.0       -7.0       -4.0        7.0       -5.0        8.0        4.0        5.0       80.0        9.0        7.0        2.0       -1.0 =      212.0
      -4.0       -6.0       -4.0        2.0        8.0        2.0       -4.0        6.0       -2.0       -7.0      -62.0       -2.0        2.0        7.0 =      192.0
       5.0        1.0        1.0       10.0       -5.0       -8.0        8.0        0.0       -9.0        1.0        5.0      -67.0       -6.0       -6.0 =       70.0
      -9.0       -6.0        1.0        9.0       -8.0        8.0       -1.0       10.0       -2.0      -10.0       -8.0       -5.0      -86.0        2.0 =      945.0
      -7.0       -7.0        4.0        3.0       -6.0       -7.0        9.0        2.0        4.0       -7.0       -2.0        8.0       -1.0       69.0 =        0.0

       3.0       -9.0       -8.0       -3.0        0.0        0.0       10.0       -2.0        6.0        2.0       -3.0       -1.0       -9.0        0.0
