14
      79.0       -9.0       -3.0       -8.0        7.0       -5.0       -8.0       -8.0        6.0        6.0       -1.0       -5.0       10.0        1.0 =      620.0
       4.0       55.0       -1.0       10.0        8.0       -3.0        5.0       -1.0       -1.0       -1.0       -3.0        9.0        7.0        0.0 =      -88.0
       1.0        6.0       62.0       -8.0       -1.0        1.0       -2.0      -10.0       -6.0        1.0       -3.0        5.0       -6.0       -7.0 =       99.0
       6.0       -2.0        7.0       79.0       -8.0        7.0        5.0        8.0       -1.0       -1.0        5.0        9.0        9.0        5.0 =      896.0
       1.0       -1.0       -3.0       -4.0      -68.0       -9.0       -9.0        1.0       -2.0        9.0       -8.0        3.0      -10.0        7.0 =       93.0
      -1.0       -3.0       -8.0        3.0        4.0      -60.0        0.0       -8.0       -5.0        0.0       -5.0       -7.0       -1.0       -9.0 =      300.0
      -5.0       -4.0       -1.0        1.0        6.0        2.0       61.0        7.0        8.0        4.0       -3.0        1.0        9.0        4.0 =     -360.0
       1.0       -6.0       -6.0       -3.0        1.0       -2.0        8.0      -57.0       -1.0       -4.0       -8.0       -4.0        5.0       -6.0 =      738.0
      -5.0        0.0        7.0       -4.0       -2.0       -1.0        4.0        2.0      -62.0       -6.0        8.0       -5.0        7.0       -5.0 =      248.0
       9.0        2.0       -6.0       -8.0       -1.0        9.0       10.0       -1.0       -4.0       75.0       -9.0       -3.0       -4.0        3.0 =     -504.0
       3.0       -5.0        5.0       -2.0        0.0       -1.0       -6.0        7.0       -1.0       -3.0       57.0        5.0       -8.0        9.0 =     -420.0
       8.0        3.0        1.0        3.0       -4.0       -5.0        1.0        8.0        4.0        2.0       -6.0      -54.0        3.0        3.0 =      165.0
       2.0       -2.0        8.0       -9.0       -5.0        7.0        3.0        5.0        2.0       -4.0       -7.0        3.0       69.0       -9.0 =     -126.0
      -7.0       -4.0        4.0        0.0        2.0       -1.0        3.0        3.0        6.0        6.0        9.0       -7.0       -1.0      -62.0 =      490.0

      10.0       -1.0        3.0        7.0       -1.0       -3.0       -4.0       -9.0       -4.0       -7.0       -7.0       -5.0       -2.0      -10.0
