16
     -88.0        6.0       -7.0      -10.0        4.0        3.0       -4.0        2.0       -7.0       -9.0        9.0        5.0       -2.0        1.0       -6.0        4.0 =     -396.0
      -7.0       73.0        8.0       -6.0        8.0       -9.0        3.0        0.0       -1.0        8.0        1.0       -1.0       -7.0       -4.0       -3.0        6.0 =     -483.0
      -5.0       -4.0       95.0       -2.0        9.0       -6.0        9.0        9.0       -6.0        8.0       -9.0       -3.0        6.0        6.0       -6.0       -3.0 =      588.0
      -4.0        7.0       -2.0       73.0        2.0       -2.0       10.0        2.0        5.0        9.0        4.0       -6.0       -7.0        0.0        6.0       -4.0 =      558.0
      -3.0        2.0        9.0       -3.0      -61.0        3.0        0.0       -5.0       -8.0        4.0       -3.0        6.0        1.0        4.0       -4.0        1.0 =      342.0
       1.0        3.0       -9.0        1.0       -8.0      -83.0       -9.0       -4.0        3.0        6.0        4.0        1.0       -9.0       -5.0        4.0       -7.0 =      222.0
      -3.0       -5.0       -1.0        8.0       -8.0        8.0       91.0        3.0       -5.0       -1.0        9.0       -8.0       10.0        5.0        9.0       -1.0 =      777.0
      -7.0        8.0        3.0       -3.0        2.0        8.0       -4.0      -79.0       -2.0        8.0        1.0        3.0        8.0      -10.0        3.0        0.0 =      305.0
      -5.0        9.0        3.0        0.0       -1.0        4.0        1.0      -10.0      -86.0        8.0       -7.0       -9.0       -8.0       10.0       -2.0        6.0 =      609.0
       3.0       -6.0       -8.0        9.0        4.0       -4.0        4.0        8.0        6.0       79.0        3.0       -7.0       -8.0        1.0        1.0        5.0 =        0.0
      -8.0        4.0        0.0        8.0        2.0       -2.0        2.0       -1.0        0.0        1.0       61.0       -5.0        5.0        4.0       10.0       -3.0 =      624.0
      10.0       -2.0        8.0        0.0        9.0       -8.0        4.0        3.0        1.0       -8.0        5.0      -82.0        3.0        9.0        4.0       -4.0 =      240.0
       4.0       -5.0       -8.0        3.0       -5.0        9.0       -4.0       -6.0        9.0        7.0       -3.0        2.0       82.0       -8.0        1.0        1.0 =     -474.0
      -7.0       -8.0       -6.0        0.0       -6.0        2.0        1.0        9.0        9.0        3.0        6.0       -5.0        6.0      -86.0       -3.0       -9.0 =     -846.0
      -3.0        3.0       -2.0        8.0        6.0       -6.0        7.0       -8.0        6.0        5.0       -3.0       -3.0        9.0       -1.0      -73.0        2.0 =     -159.0
      -5.0        2.0        0.0       -5.0       -9.0        4.0       -3.0       -3.0        8.0        3.0        9.0       -8.0       -7.0        7.0       -5.0      -81.0 =     -744.0

       4.0       -7.0        6.0        6.0       -6.0       -2.0        7.0       -5.0       -7.0        0.0        8.0       -5.0       -6.0        9.0        3.0        8.0
