16
      69.0       -6.0        2.0        1.0        2.0       -7.0       -7.0        0.0       -8.0       -6.0       -4.0       -9.0       -2.0       -2.0       -2.0       -8.0 =     -104.0
      -7.0       89.0       -2.0        7.0       -5.0       -9.0       -7.0        4.0       -7.0       -4.0        8.0        6.0       -7.0       -4.0        6.0       -3.0 =     -325.0
       9.0       -6.0       77.0        9.0       -3.0        3.0        0.0       -9.0        0.0       -1.0       -3.0       10.0        3.0       -9.0        7.0        4.0 =      728.0
       9.0       -1.0        1.0       76.0        8.0        8.0       -7.0       -9.0       -7.0       -5.0        1.0        2.0        1.0        1.0       -2.0        9.0 =     -425.0
      10.0        9.0       -6.0        3.0      -81.0       -7.0        6.0       -5.0       -5.0       -8.0        0.0        2.0        0.0        4.0        5.0        8.0 =      455.0
       1.0       -2.0        5.0       -1.0       -5.0       56.0        0.0        4.0       -4.0        2.0        0.0       -1.0       -4.0       -8.0        8.0      -10.0 =     -328.0
       0.0       -6.0       -4.0        2.0       10.0       10.0       85.0        8.0        1.0        3.0       -4.0       -5.0        9.0        2.0       -8.0       -8.0 =      855.0
       6.0       -4.0        0.0       -2.0        4.0       -4.0       -2.0       74.0       10.0        4.0        6.0       -3.0       -6.0        3.0       10.0        7.0 =     -309.0
      -3.0        8.0       -3.0        1.0       -2.0       -7.0       -2.0        0.0       70.0       -8.0        6.0        7.0        2.0        5.0        0.0        9.0 =      664.0
       0.0        8.0       -7.0        0.0       10.0       -1.0       -2.0       -5.0       -1.0      -75.0       -6.0       -5.0       -6.0      -10.0        2.0        4.0 =      -94.0
       1.0        1.0        0.0        7.0       -7.0        2.0       -5.0        2.0        7.0        5.0       71.0       -6.0        9.0       -6.0        7.0       -4.0 =       84.0
      -1.0       -8.0       -3.0       -1.0        7.0       -5.0       10.0        0.0        8.0        6.0        2.0       84.0        8.0       -9.0        7.0        4.0 =     -981.0
      -8.0       -1.0       -3.0        7.0       -8.0        0.0       -6.0        7.0       -6.0       -3.0       -1.0        2.0      -73.0        8.0       -3.0       -4.0 =     -736.0
       8.0       -7.0       -7.0        1.0       -6.0       -2.0        2.0        1.0       -9.0       -9.0        7.0        3.0       -2.0       88.0       -4.0      -10.0 =     -378.0
       0.0        9.0        3.0       -9.0       -6.0        0.0        1.0       -8.0       10.0       -3.0        7.0       -9.0       -4.0        0.0       76.0       -6.0 =      366.0
      -9.0       -5.0       -8.0        4.0       -1.0       -7.0        8.0        6.0        6.0       -8.0        2.0        7.0        5.0        2.0       -5.0      -91.0 =      752.0

      -8.0       -5.0        8.0       -5.0       -7.0       -8.0        9.0       -3.0        8.0        1.0        1.0       -9.0        8.0       -7.0        6.0       -8.0
