16
      73.0       -1.0        7.0       -2.0       -4.0        0.0        0.0       -7.0        9.0      -10.0       -1.0        9.0        6.0      -10.0        0.0       -2.0 =      134.0
      -3.0      -66.0       -7.0       -1.0       -4.0        8.0        3.0        9.0        8.0        1.0       -7.0        5.0        2.0       -1.0        3.0        2.0 =     -384.0
       1.0       -9.0      -83.0        1.0        9.0        6.0       -8.0       -3.0        8.0        7.0        2.0        1.0        4.0       -3.0       -9.0       -6.0 =     -656.0
      -5.0        7.0        7.0      -73.0        0.0        7.0       -3.0       10.0        9.0       -3.0       -4.0        3.0       -2.0        0.0       -7.0        1.0 =       53.0
       9.0        8.0        3.0        0.0      -64.0        0.0        2.0        2.0       -8.0        2.0        0.0        3.0        3.0        7.0        2.0        8.0 =       69.0
       3.0        6.0      -10.0        5.0       -9.0       90.0       -8.0        0.0       -4.0        7.0       -5.0        5.0       -3.0       10.0        5.0       -4.0 =     -352.0
       1.0       -8.0        4.0       -6.0       -6.0        4.0       68.0       -5.0        0.0       -4.0       -7.0        5.0       -5.0        3.0       -7.0       -2.0 =      175.0
      -5.0        1.0        8.0       -9.0        0.0        3.0       -2.0       83.0       10.0        4.0        8.0        6.0       -6.0        2.0        4.0      -10.0 =     -679.0
       5.0        6.0        4.0        3.0        4.0        3.0       -4.0       -3.0       82.0       -6.0       -8.0       -8.0        9.0       -8.0       -2.0       -3.0 =     -148.0
      -2.0        5.0       -1.0        6.0       -7.0       -9.0        8.0       -8.0       -4.0      -88.0        2.0       -7.0       -9.0       -7.0        1.0        5.0 =     1150.0
       7.0        3.0        9.0        7.0       -5.0        7.0       -4.0       -9.0       -3.0        1.0       97.0       10.0       -4.0        9.0        5.0       -7.0 =    -1107.0
      -2.0       -8.0       -6.0       -1.0       -5.0        0.0       -9.0        0.0        8.0       -2.0       -7.0       67.0       -2.0        2.0       -2.0        8.0 =     -287.0
      -7.0       -3.0       -7.0       -3.0       -6.0        8.0      -10.0        8.0       -2.0        6.0        1.0        8.0      -93.0       -4.0       -5.0       10.0 =      594.0
       3.0        7.0        6.0        3.0       -4.0       -7.0       -7.0       -7.0       -2.0       -5.0       -3.0        1.0        9.0       74.0       -3.0       -4.0 =      366.0
      -3.0        1.0       -2.0       -4.0        3.0        6.0        4.0        8.0       -1.0       -5.0       -5.0       -4.0       10.0        3.0       65.0       -1.0 =      150.0
       6.0       -4.0        0.0      -10.0        2.0        3.0        2.0        2.0       -5.0        2.0        3.0        0.0       -4.0        3.0       -3.0       52.0 =      294.0

       2.0        8.0        8.0       -1.0       -3.0       -4.0        5.0       -7.0       -2.0      -10.0       -9.0       -7.0       -6.0        6.0        2.0        6.0
