16
     -79.0       -9.0        0.0        5.0       -2.0       -8.0       -1.0        8.0      -10.0        6.0       -2.0       -1.0        8.0       -2.0       -1.0        7.0 =      243.0
       2.0       82.0       10.0        9.0        7.0       -3.0       -3.0        3.0        2.0       10.0        3.0       -4.0        6.0        6.0        8.0        4.0 =     -994.0
      -6.0       -5.0      -88.0        2.0       -2.0        9.0       -3.0       10.0       -6.0       -7.0       -5.0       -9.0        8.0        6.0        5.0       -1.0 =      644.0
      -5.0       -1.0        3.0       80.0       -6.0        8.0       -4.0       -6.0       -7.0        0.0       -8.0       -9.0       -2.0        8.0       -3.0       -6.0 =      252.0
       8.0        8.0        1.0        5.0      -69.0        3.0       -6.0        2.0       -3.0       -2.0       -3.0       -3.0        2.0        2.0       -9.0        7.0 =      513.0
      -4.0       -3.0        1.0        2.0       -5.0       70.0       -4.0        6.0        4.0       -9.0        5.0        2.0       -5.0       -5.0        4.0       -8.0 =      408.0
       9.0        3.0       -3.0       -9.0        7.0        8.0     -108.0       -9.0        8.0       -7.0      -10.0       -7.0       -7.0        3.0       -8.0        4.0 =     -252.0
      -2.0       -1.0        2.0        4.0        4.0       -5.0       -6.0      -76.0        1.0       -8.0        8.0       -1.0       10.0       -2.0       -7.0       -6.0 =      340.0
      -9.0        5.0       -8.0       -1.0        1.0       -7.0        2.0       -3.0       73.0        6.0        0.0       -1.0       -5.0       -7.0       -7.0       -5.0 =     -170.0
       6.0       -7.0       -5.0       -8.0        9.0      -10.0        2.0       -3.0       10.0      -93.0        0.0       -5.0       -8.0       -4.0       -2.0       -6.0 =     -124.0
      -9.0       -9.0       10.0        5.0        4.0        1.0        9.0       -3.0       -4.0       -1.0       86.0        4.0       -7.0       -9.0        5.0       -4.0 =     -312.0
       4.0       -1.0        5.0        0.0        2.0      -10.0       -9.0        8.0       -2.0       -9.0       -4.0      -91.0       -5.0       10.0       -5.0       -9.0 =      116.0
      -8.0        9.0       -4.0       -6.0        7.0       -1.0       -7.0        2.0       -1.0       -9.0        4.0       -9.0      -82.0        4.0        4.0       -2.0 =      297.0
      -4.0       -9.0        8.0        2.0        4.0       -4.0       -7.0        3.0        1.0        7.0       -2.0       -1.0       10.0      -72.0       -2.0       -2.0 =     -680.0
      -4.0        5.0       -9.0        2.0       -8.0        2.0        2.0       -8.0        5.0       -4.0        9.0        6.0        7.0        9.0       99.0       -9.0 =     -520.0
       6.0       -2.0        1.0        9.0        2.0       -7.0       -3.0        1.0        6.0        2.0       -6.0       -6.0       -7.0        4.0       -3.0      -70.0 =      657.0

      -3.0       -7.0       -7.0        6.0       -9.0        8.0        2.0       -4.0       -5.0        1.0       -4.0       -1.0       -3.0       10.0       -5.0       -9.0
