16
      79.0       -2.0        0.0        9.0        6.0       -8.0        7.0       -5.0        3.0       -1.0       -6.0        6.0        7.0        5.0        4.0       -6.0 =      392.0
       7.0      -84.0        4.0        1.0        5.0        8.0       -1.0       -8.0        1.0        7.0       -8.0       -8.0       -4.0        7.0        4.0        9.0 =     -360.0
      -4.0       -4.0       64.0        2.0        7.0        3.0        4.0        3.0       -3.0       -3.0       -9.0        0.0       -2.0       -9.0        4.0        5.0 =     -522.0
       8.0        9.0        4.0      -79.0       -8.0       -8.0        0.0       -6.0       -9.0       -2.0       -7.0        0.0        1.0        6.0       -4.0        1.0 =     -282.0
       7.0       -2.0        1.0        5.0      -80.0       10.0       -8.0       -3.0        4.0       -2.0        4.0        3.0       10.0        5.0       -9.0       -2.0 =      228.0
      -8.0        5.0        1.0        5.0        2.0      -70.0       -5.0        2.0       -5.0        5.0       -6.0       -5.0       -9.0       -1.0       -3.0       -7.0 =      792.0
      -4.0       -4.0       -1.0        8.0        8.0        4.0      -67.0        0.0        3.0        2.0        9.0        6.0       -2.0       -9.0        2.0        4.0 =      -41.0
       1.0        4.0        0.0        6.0       -9.0       -9.0        8.0       86.0       -8.0       -8.0       -1.0        5.0       -4.0        8.0        5.0        7.0 =      273.0
      -3.0       -8.0        0.0       -4.0       -5.0       -4.0        1.0       -4.0      -80.0        3.0        8.0       -4.0      -10.0       10.0       10.0       -5.0 =     -950.0
      -8.0        9.0       -1.0        8.0      -10.0       -2.0      -10.0        2.0        0.0      -86.0        9.0        6.0        4.0       -3.0       -8.0        0.0 =       90.0
       6.0        8.0       -4.0        9.0       -1.0        1.0       -4.0        0.0        9.0        0.0      -79.0       -8.0       -9.0       -3.0        8.0       -6.0 =     -657.0
      -7.0       -1.0        4.0       -1.0       -7.0       -3.0        1.0        7.0       -5.0        2.0       -3.0       60.0        1.0       -2.0        7.0        4.0 =      456.0
     -10.0        1.0        4.0        9.0       -4.0       -1.0       -4.0        9.0        1.0        0.0       -7.0        2.0       67.0        2.0        2.0        8.0 =      553.0
       9.0       -3.0        5.0       -5.0        1.0       -3.0        1.0       -9.0        2.0        5.0       -2.0        5.0        1.0      -74.0        9.0       -5.0 =        0.0
       3.0        9.0        4.0       -4.0       -5.0        2.0       -3.0       -8.0       -9.0        1.0       -3.0        5.0        4.0       -7.0      -78.0        4.0 =      680.0
       2.0       -8.0       -7.0       -1.0       -1.0       -5.0        0.0        6.0       -4.0       -3.0       10.0       -9.0        9.0        4.0       -5.0       79.0 =       67.0

       4.0        6.0       -9.0        3.0       -4.0       -8.0        1.0        3.0       10.0       -1.0        9.0        8.0        7.0        0.0       -8.0        1.0
