18
     -94.0        6.0        3.0        5.0        5.0        7.0        2.0       -1.0        2.0       -9.0       10.0       -9.0        9.0        6.0       -7.0       -1.0       -4.0       -6.0 =     -456.0
      -1.0       75.0        3.0        2.0       -6.0        1.0       -7.0       -1.0        8.0        7.0        1.0        6.0       -1.0        4.0       -3.0       -2.0       10.0        8.0 =      520.0
       2.0       -1.0       99.0       10.0       -9.0       -9.0        0.0       -8.0        6.0        8.0       -1.0        7.0       -9.0       -9.0        9.0        3.0       -2.0        4.0 =     -900.0
      -1.0        0.0       -1.0      104.0      -10.0       -7.0       -5.0        9.0        8.0        5.0       -5.0       -4.0       -7.0        8.0       -9.0       10.0        4.0       -8.0 =      273.0
      -9.0        2.0       -2.0        5.0      -88.0       -1.0        4.0       -5.0        6.0       -8.0        2.0        0.0        7.0        8.0       -5.0        7.0        5.0        3.0 =     -138.0
       7.0        7.0        5.0        6.0        6.0      -82.0        6.0       -3.0       -8.0        0.0       -5.0        2.0        1.0        2.0        1.0       -7.0       -9.0       -4.0 =      375.0
       5.0        2.0        8.0       -1.0        4.0        9.0       84.0       -1.0        7.0       -3.0        5.0        5.0        8.0       -7.0        9.0        3.0       -4.0        0.0 =      399.0
       1.0       -8.0       -3.0        7.0       -5.0        2.0       -6.0       76.0       -7.0       -2.0       -5.0       -2.0        6.0        1.0       -7.0      -10.0        2.0        0.0 =      240.0
       3.0        8.0        4.0        9.0        7.0       -1.0        9.0       -5.0     -111.0       -9.0        8.0        8.0        7.0       -9.0       -6.0       -6.0        1.0        7.0 =      608.0
       1.0        7.0        4.0       -4.0       -2.0       -5.0       -7.0        8.0       -8.0       81.0       -7.0        9.0       -2.0        1.0        0.0        4.0        5.0       -1.0 =     -756.0
      -9.0        4.0       -9.0       -1.0        2.0       -1.0       -6.0        0.0       -3.0        3.0       77.0        0.0       -2.0        4.0       -4.0       -9.0       -4.0       -8.0 =      272.0
      -1.0       -3.0        9.0        5.0      -10.0       -8.0        3.0        9.0        1.0        7.0       -4.0       99.0       -6.0       -8.0       -4.0        8.0       -6.0        3.0 =      188.0
      -5.0        5.0        7.0        9.0       -2.0       -5.0        7.0        5.0       -4.0        3.0       -2.0        4.0       88.0        8.0        7.0       -7.0        1.0        3.0 =      976.0
       4.0       -5.0        0.0       -2.0        3.0        1.0       -9.0        6.0       -7.0       10.0       -8.0       10.0        4.0       88.0       -6.0        2.0        0.0       -7.0 =     -588.0
       3.0       -7.0       -8.0        5.0        9.0        2.0        1.0       -9.0       -9.0        4.0        9.0        0.0        6.0        7.0     -101.0        5.0       10.0        4.0 =      690.0
     -10.0        6.0        2.0       -8.0        2.0        3.0       -6.0       -7.0        1.0        6.0       -6.0        1.0      -10.0       -5.0       10.0     -104.0       -4.0       -8.0 =      548.0
      -4.0       -8.0        1.0       -2.0        4.0       -6.0       -5.0        5.0        6.0       -1.0       -5.0       -1.0       -5.0       -8.0        8.0       -8.0      -85.0       -7.0 =     1210.0
       7.0        0.0       -3.0        8.0        3.0       -4.0       -9.0        3.0       -2.0        5.0        4.0       -2.0       -5.0        5.0       -7.0        3.0        7.0      -86.0 =     -365.0

       6.0        5.0       -9.0        3.0        2.0       -5.0        3.0        6.0       -8.0       -9.0        8.0        2.0        8.0       -7.0      -10.0       -4.0      -10.0        5.0
