18
      81.0       -6.0       -7.0        0.0        8.0       -2.0        1.0       -5.0        5.0        1.0       -2.0       -4.0        8.0       -6.0        9.0        5.0        1.0       -8.0 =     -553.0
       5.0       75.0       -3.0        1.0       -2.0        7.0       -1.0        5.0        2.0       -2.0       -8.0       -7.0        2.0       -4.0       -8.0       -6.0       -8.0       -1.0 =     -376.0
      -4.0       -5.0      -57.0       -2.0        4.0        1.0        1.0        5.0        4.0       -7.0       -1.0        1.0       -3.0       -2.0       -1.0        1.0       -9.0       -1.0 =     -225.0
      -4.0       -1.0        9.0       82.0       -1.0        1.0       -7.0        3.0      -10.0       -5.0       -7.0        4.0       -3.0        5.0        5.0       -6.0       -6.0        3.0 =      372.0
       8.0        1.0      -10.0        7.0      -91.0        1.0       -4.0       -6.0        7.0       -1.0        5.0        7.0        3.0        5.0       -2.0        4.0        9.0        7.0 =      100.0
       8.0        8.0        0.0       -3.0        3.0      -78.0        3.0       -8.0       -2.0        0.0        8.0       -4.0       -4.0       -3.0        7.0       -9.0       -2.0       -5.0 =      -81.0
      -2.0       -1.0      -10.0       -9.0        2.0       -2.0       72.0        5.0       -9.0        6.0        1.0       -3.0       -4.0        0.0       -8.0       -1.0        0.0        8.0 =     -405.0
       4.0       -8.0        4.0       -9.0      -10.0       -1.0       -6.0      -89.0        4.0        3.0        6.0        3.0        4.0        4.0        8.0       -6.0        6.0       -2.0 =     -340.0
       1.0       10.0       -4.0       -9.0        8.0       -8.0        4.0       -3.0      -91.0       -5.0       -2.0        4.0        8.0       -1.0        9.0        4.0       -5.0       -2.0 =      410.0
       0.0       -9.0        0.0       -9.0        7.0        3.0       -6.0        4.0        5.0      -81.0       -9.0       -3.0       -2.0        3.0       -2.0        4.0        0.0        8.0 =     -435.0
       6.0        0.0        8.0        8.0        5.0       -1.0        0.0       -3.0       -5.0       -7.0       80.0        6.0        5.0        8.0       -2.0       -6.0        1.0        6.0 =      654.0
       4.0       -8.0       -7.0        3.0       -6.0        3.0        7.0       -1.0        1.0        0.0        0.0       86.0       -6.0       10.0        1.0        2.0       10.0       -8.0 =      728.0
      -5.0       -2.0       -2.0        5.0        0.0        1.0        5.0        0.0       -6.0       -7.0        7.0        7.0       90.0       -8.0        8.0        6.0        9.0        7.0 =      115.0
       6.0       -1.0        8.0       -6.0        0.0        5.0       -3.0       10.0        2.0       -7.0      -10.0        9.0       -3.0      102.0      -10.0        8.0        3.0       -8.0 =      630.0
       9.0       -2.0       -5.0       -4.0        7.0        8.0        1.0       -1.0      -10.0        4.0       -2.0        3.0       -7.0        5.0      -87.0       -6.0        2.0       -8.0 =     -558.0
      -5.0       -2.0        2.0       10.0       -6.0        2.0       -9.0        7.0        9.0        5.0        3.0        8.0        2.0        3.0       -3.0      -92.0        3.0        8.0 =      330.0
       9.0       -6.0       -5.0        7.0       -7.0       -1.0       -9.0       -5.0        9.0       -1.0       -1.0       -4.0        8.0       -6.0       -7.0       -9.0      103.0       -2.0 =     -584.0
       2.0       -8.0        5.0      -10.0       -2.0       -8.0        2.0        8.0        3.0       -8.0        4.0      -10.0       -2.0       -3.0       -8.0       -4.0        1.0       96.0 =     -348.0

      -7.0       -8.0        3.0        6.0       -2.0        1.0       -9.0        4.0       -5.0        5.0        6.0        8.0        1.0        6.0        6.0       -6.0       -8.0       -6.0
