18
    -112.0        5.0        7.0        4.0       -4.0       -3.0      -10.0        2.0       -9.0       10.0        8.0       -2.0        4.0       10.0       -9.0      -10.0       -1.0       -8.0 =      826.0
      -7.0       81.0        2.0       -3.0       -3.0       -2.0        7.0        6.0       -4.0       -9.0        6.0        6.0        1.0        8.0        0.0        1.0       -8.0        5.0 =      870.0
      -3.0        3.0      -75.0        6.0       -1.0       -2.0       -5.0       -3.0        4.0       -4.0        6.0        4.0       -2.0       -3.0        7.0        4.0        5.0       -9.0 =     -408.0
      -3.0        9.0        2.0     -103.0        9.0       -9.0       -2.0       -2.0        1.0       -6.0       -5.0       -2.0       -9.0       -9.0       -7.0       -9.0        9.0        2.0 =      938.0
       1.0        4.0        4.0        4.0      -86.0       -2.0        2.0        6.0       -6.0       -4.0       -5.0       -7.0        3.0        4.0       -4.0        7.0       -7.0       -7.0 =     -465.0
      -6.0       -1.0       -6.0        8.0       -5.0      -97.0       -6.0       -2.0        7.0       10.0        2.0        7.0       -2.0       -8.0       -5.0        5.0        3.0      -10.0 =     -212.0
      -7.0       -1.0       -7.0       -8.0        4.0       -6.0      -99.0        8.0        5.0       -1.0       -8.0       -6.0        2.0        8.0       -5.0      -10.0        1.0       -9.0 =     1390.0
       6.0       -1.0        4.0      -10.0        1.0       -2.0        0.0      -74.0        3.0       -6.0        4.0        0.0        9.0      -10.0        0.0        5.0        8.0        2.0 =      366.0
       8.0       -2.0       -9.0        8.0       -3.0        4.0        0.0        9.0      -80.0        7.0        4.0        0.0       -5.0        3.0       -4.0        2.0       -2.0        7.0 =      371.0
       7.0       -1.0       -8.0       -6.0        9.0        1.0       -2.0       -3.0       -2.0      -89.0        6.0        6.0        2.0        3.0        4.0        8.0       -8.0        9.0 =     -576.0
      -6.0        7.0       -3.0        4.0       -7.0       -8.0       -6.0        4.0       -3.0       -5.0      -84.0        9.0       -3.0        2.0       -3.0       -2.0       -2.0       -9.0 =     -805.0
       8.0       -4.0       -1.0       -6.0       -3.0       -5.0       -9.0        0.0       10.0       -8.0        0.0      -84.0        1.0      -10.0        0.0       -7.0        4.0        4.0 =     -220.0
       5.0       -9.0       -7.0        7.0        7.0        7.0        7.0       -4.0        6.0        8.0        2.0        5.0     -108.0        7.0        0.0        8.0        6.0       -5.0 =      -58.0
       3.0        4.0        3.0        5.0        1.0        0.0        7.0       -9.0        7.0        7.0       -1.0        8.0        1.0       79.0       -8.0        0.0       -8.0       -4.0 =     -475.0
      -4.0       -2.0      -10.0        0.0       -6.0       -4.0       -1.0        6.0        4.0       -7.0        7.0       -9.0       -2.0       -5.0      -79.0        2.0        2.0       -1.0 =     -327.0
      -2.0       -8.0       -6.0       -1.0        6.0       -8.0        9.0      -10.0       -6.0        9.0        5.0       -1.0       -5.0       -2.0        5.0     -104.0       -6.0        9.0 =     -232.0
      -7.0        7.0        3.0        5.0        5.0        7.0        0.0       -9.0       -9.0        8.0       -4.0        2.0       -7.0        0.0       -4.0        1.0      -91.0       -5.0 =      490.0
      -9.0        7.0        1.0       -4.0       -9.0        0.0       -7.0       -7.0      -10.0       -3.0       -8.0       -9.0       -6.0       -1.0       -9.0       -2.0       -9.0      103.0 =       18.0

      -7.0       10.0        6.0       -7.0        5.0        2.0      -10.0       -6.0       -7.0        9.0        7.0        2.0        1.0       -5.0        3.0        2.0       -5.0        1.0
