18
     -65.0       -5.0       -4.0       -6.0        4.0       -9.0       -5.0        4.0        0.0        2.0       -4.0       -3.0        1.0        4.0        2.0       -2.0       -1.0       -3.0 =        0.0
       1.0       84.0        3.0        5.0        1.0       -6.0        1.0       -9.0       -1.0        6.0       -7.0        9.0       -6.0       10.0        2.0       -8.0        2.0        0.0 =     -783.0
      10.0        9.0     -121.0        0.0        8.0       -8.0        1.0      -10.0        8.0        6.0        9.0       -8.0        7.0       -7.0        8.0       -4.0       -9.0       -6.0 =     -856.0
       3.0        5.0       -7.0      -91.0        0.0       -3.0       -8.0       -3.0        6.0        1.0       -9.0       -8.0        5.0        8.0       -6.0       -8.0       -2.0       -2.0 =      595.0
      -7.0        2.0       -8.0        6.0       83.0       -7.0       -2.0       -1.0        3.0        5.0       -7.0       -2.0       -4.0        9.0       -4.0        4.0        7.0        0.0 =      616.0
      -2.0        2.0       -7.0        2.0        9.0      -74.0        0.0       -6.0        0.0       -5.0       -2.0       -9.0        8.0       -7.0       -3.0        4.0       -1.0        3.0 =        0.0
      -4.0        6.0        2.0        7.0        4.0        2.0      -64.0        1.0       -9.0        7.0        0.0        3.0        1.0        8.0        4.0       -2.0        2.0        1.0 =      155.0
       5.0        2.0       -7.0        2.0       -3.0       -8.0       10.0      -89.0        4.0       -6.0        6.0       10.0        6.0       -2.0        6.0        0.0        5.0        2.0 =     -513.0
       0.0       -2.0        3.0        3.0        4.0        8.0        7.0        3.0       73.0        9.0        0.0        7.0       -4.0        1.0        3.0        1.0        0.0      -10.0 =      318.0
       4.0       10.0        6.0       10.0       -2.0       -5.0       -1.0       -5.0       -5.0     -111.0       -6.0        4.0        9.0        8.0       -7.0        7.0        8.0       -8.0 =     -420.0
       0.0        2.0       -1.0        8.0       -3.0        5.0       -7.0        7.0       10.0        0.0       92.0        3.0        7.0       -6.0        8.0       -9.0        5.0        9.0 =     -390.0
      -5.0        7.0        1.0       -2.0       -5.0       -4.0       -4.0       -9.0      -10.0       -7.0       -7.0       87.0        8.0        9.0        0.0        1.0        0.0       -7.0 =     -159.0
       8.0        3.0        6.0       -9.0        0.0       -7.0       -1.0       -9.0       -4.0        2.0        8.0       -8.0     -103.0       -9.0       -9.0        0.0       10.0        9.0 =      113.0
      -3.0       -8.0       -6.0       -3.0       -8.0       -6.0       -3.0       -1.0        2.0       -9.0        8.0       10.0        3.0      -96.0        0.0        5.0       -7.0        7.0 =      920.0
       4.0        4.0        7.0       -7.0        2.0       -3.0        8.0       -6.0        3.0        2.0        4.0        5.0        4.0       -3.0      -85.0       -9.0        4.0       -9.0 =      525.0
       3.0        3.0       -6.0        1.0      -10.0        9.0       -4.0        3.0        1.0        1.0        7.0       -3.0       -9.0       -5.0       -4.0      -82.0        8.0        1.0 =     -258.0
       8.0        6.0       -7.0       -7.0       -7.0        4.0       -8.0       -4.0        0.0        1.0       10.0       -3.0        6.0        8.0       -1.0        0.0       91.0        2.0 =       99.0
      -7.0        1.0       -2.0      -10.0       -7.0       -2.0       -8.0       -6.0        7.0       -7.0        2.0        2.0        3.0      -10.0       -7.0       -2.0        4.0      -88.0 =     -137.0

       0.0       -9.0        8.0       -5.0        8.0        0.0       -5.0        9.0        3.0        5.0       -3.0       -3.0       -1.0       -8.0       -7.0        3.0        1.0        1.0
