18
     -98.0       10.0       -3.0        5.0        4.0       -8.0       -1.0        3.0        8.0        3.0        5.0        6.0       -5.0       10.0        4.0       -2.0       10.0       -8.0 =     -171.0
      -1.0       84.0        4.0        4.0       -9.0       -4.0        7.0        8.0        4.0        0.0        7.0       -5.0        5.0       -6.0        4.0        3.0        2.0       -8.0 =     -495.0
      -8.0        5.0      -84.0        6.0        6.0       -2.0       -2.0        0.0        1.0       10.0        5.0        3.0        3.0       -4.0       -4.0       -7.0        3.0        7.0 =      -62.0
      -2.0        7.0       -5.0       99.0       -9.0       -5.0       -6.0       -3.0        2.0       -1.0       -1.0       -8.0        8.0        9.0       -4.0       -6.0        9.0        5.0 =     -712.0
       7.0        1.0       -8.0        0.0       67.0      -10.0        8.0       -3.0        1.0        4.0       -8.0        2.0        0.0        2.0        0.0        6.0        3.0        2.0 =      592.0
      -7.0       -3.0        0.0        2.0       -1.0      -74.0       -2.0        5.0        1.0        5.0       -5.0       -8.0      -10.0       -5.0       -1.0      -10.0        0.0        3.0 =        0.0
       6.0       -3.0       -3.0        9.0        5.0       -9.0      -99.0        6.0        7.0        4.0       -9.0       -5.0        9.0       -3.0       -2.0       -3.0        6.0        4.0 =      640.0
       4.0       -7.0       -6.0       -4.0        5.0       -2.0      -10.0      -78.0       -6.0        9.0       -3.0        2.0       -3.0       -3.0       -5.0        3.0        0.0       -4.0 =     -108.0
      -6.0        9.0       -9.0       -6.0       10.0        6.0        2.0        3.0      -99.0        6.0       -7.0        1.0        4.0      -10.0       -4.0        3.0        2.0       -4.0 =      891.0
      -3.0        7.0        3.0        0.0        8.0        1.0       -2.0       -3.0        3.0      -67.0       -2.0       -2.0        2.0        8.0        5.0        2.0        4.0       -2.0 =      190.0
       7.0       -1.0       -7.0       -6.0        5.0        1.0        0.0        9.0       -1.0      -10.0      -84.0       -1.0       -7.0        8.0       -4.0        1.0       -2.0       -9.0 =      404.0
       7.0        0.0        8.0       -1.0       -8.0       -1.0        9.0        4.0       -9.0       -5.0       -7.0      -87.0       -3.0        6.0       -7.0        3.0        5.0        2.0 =      672.0
       8.0       -2.0        3.0       -2.0       -6.0        4.0       -4.0        1.0        9.0       -9.0       -3.0       -9.0      -92.0        9.0       -1.0        5.0        8.0       -1.0 =      492.0
      10.0        9.0      -10.0       -7.0        0.0       -1.0        2.0       -2.0       -4.0       -8.0        5.0        3.0       -7.0      -81.0       -1.0       -6.0        0.0        2.0 =      384.0
      -1.0        1.0        2.0       -6.0        7.0       -6.0        6.0        6.0       -1.0        5.0        8.0        0.0        7.0       -6.0       74.0        5.0       -3.0        1.0 =     -792.0
      -8.0       -2.0        0.0       -8.0        9.0        9.0        4.0        0.0       -8.0        7.0       -3.0        3.0       -9.0       -4.0       -6.0      -97.0       -9.0       -6.0 =    -1024.0
      -1.0       -3.0        3.0        7.0       -9.0        9.0       -7.0        3.0       -8.0        2.0       -3.0        2.0        1.0        8.0       -4.0        8.0       84.0       -2.0 =     -360.0
       4.0        4.0       -6.0       -3.0       -1.0        9.0       -7.0       -7.0       -5.0       -2.0      -10.0       -3.0        3.0       -4.0       -8.0        2.0        4.0       84.0 =      108.0

       3.0       -5.0        1.0       -8.0        8.0        0.0       -8.0        1.0       -9.0       -5.0       -4.0       -8.0       -6.0       -4.0       -8.0        8.0       -4.0        2.0
