20
     102.0       -3.0       -2.0        0.0        5.0       -1.0       -2.0        7.0        8.0        9.0        5.0       -5.0       -4.0        6.0       -7.0       -5.0       -6.0        9.0        9.0       -2.0 =     -369.0
       6.0      136.0        4.0        7.0      -10.0       -6.0      -10.0        8.0       -3.0        9.0        7.0        4.0       -9.0        8.0        9.0        6.0       -5.0       -5.0       -9.0        1.0 =     -888.0
      -7.0       -5.0     -102.0        4.0        2.0       -6.0       -9.0        6.0       -6.0       -1.0        2.0        7.0        4.0        7.0        3.0        4.0       -9.0        7.0        7.0        4.0 =      616.0
      -1.0        4.0        4.0      100.0        0.0       -1.0       -5.0       10.0        7.0        3.0       -9.0        6.0        0.0        1.0        3.0       -8.0       -9.0       -5.0        9.0        7.0 =     -928.0
      10.0       -9.0        7.0       10.0      103.0        5.0       -6.0       -5.0       -4.0        1.0       -1.0       -1.0        7.0      -10.0        1.0       -2.0        9.0        2.0       -7.0        3.0 =     -452.0
       5.0       -8.0       -9.0       -2.0        5.0     -122.0       -4.0      -10.0        7.0       -1.0        8.0       -6.0        9.0       -6.0       -6.0        0.0       -5.0       -8.0        9.0       -6.0 =     -450.0
      -2.0        2.0        6.0       -8.0       -9.0       -5.0       99.0        9.0       -3.0       -2.0       -7.0        1.0       -1.0       -7.0        2.0       -5.0       -3.0       -1.0        7.0       10.0 =      332.0
       4.0        2.0       -2.0       -2.0       -7.0        0.0        8.0       93.0        3.0       -5.0       -8.0       -8.0        4.0        2.0       -1.0        9.0       -6.0       -4.0       -6.0       -8.0 =     -544.0
       9.0       -3.0       -9.0       -2.0        1.0        5.0       -3.0       -6.0      -96.0       -8.0        8.0        3.0       -6.0        5.0        1.0        0.0        6.0       -9.0       -5.0        1.0 =    -1080.0
      -2.0        8.0        1.0        3.0        1.0       -1.0       10.0        0.0       -8.0      -69.0        1.0       -3.0       -1.0       -2.0       -3.0      -10.0       -1.0        9.0       -1.0       -3.0 =      -71.0
       2.0       -7.0       -6.0       -1.0        5.0        5.0        8.0        9.0      -10.0        1.0      119.0       -5.0       -8.0       -9.0        9.0       -3.0       -8.0       -6.0       -8.0       -8.0 =      474.0
      -7.0        9.0       -2.0       -5.0        4.0        1.0        8.0       -4.0      -10.0       -8.0        0.0      -90.0        8.0        4.0        0.0       -2.0        0.0       -5.0       -1.0        2.0 =     -882.0
       9.0       -7.0       -2.0       -9.0      -10.0        1.0        5.0       -9.0       -2.0       -5.0        9.0        4.0      117.0       -8.0        7.0        9.0       -3.0       -3.0       -5.0       -4.0 =     -470.0
      -4.0       10.0        5.0        3.0       -8.0       -6.0        9.0        5.0        5.0        8.0        8.0        0.0        8.0     -114.0        2.0        5.0       -9.0        4.0       -8.0        1.0 =      380.0
      -9.0       -5.0       -1.0        9.0        2.0       -8.0       10.0       -8.0       -2.0       -9.0       -2.0        5.0       -7.0       -9.0     -117.0       -1.0       -7.0       -2.0        8.0      -10.0 =     1304.0
      -1.0        6.0       -5.0        5.0       -9.0        9.0       -6.0        9.0       -8.0        0.0       -1.0        3.0       -7.0       -7.0        4.0      113.0        8.0        7.0        5.0       -4.0 =     -363.0
       7.0        3.0       -6.0        2.0        4.0        7.0       10.0       -2.0        6.0        5.0       -2.0       -7.0       -5.0        7.0       -4.0       -6.0      115.0        6.0       -9.0       -9.0 =     -122.0
      -2.0        6.0       -1.0       -4.0       -1.0       -7.0        0.0        2.0        1.0        9.0       -4.0       -1.0       -3.0        5.0        7.0       -7.0       -7.0      -76.0        1.0        3.0 =        0.0
      -8.0        9.0        3.0       -6.0        0.0        0.0       -2.0        2.0       -6.0        6.0       -9.0       -4.0       -2.0       -3.0       -2.0       -3.0        8.0       -6.0      -80.0        0.0 =     -721.0
      -8.0        4.0        1.0       -5.0       10.0       -2.0       -4.0       -9.0        0.0        2.0        6.0        8.0        9.0        0.0       -1.0       -9.0       -2.0        5.0       -3.0      -93.0 =     -728.0

      -3.0       -6.0       -7.0       -8.0       -4.0        3.0        4.0       -8.0       10.0        1.0        6.0        9.0       -5.0       -5.0       -8.0       -3.0       -1.0        0.0        7.0        8.0
