20
    -114.0       -5.0       -6.0        6.0       -5.0        3.0        7.0        3.0        5.0        7.0       -4.0        7.0       -9.0        6.0       -6.0        9.0       -2.0       -5.0        9.0        8.0 =      860.0
      -5.0      -95.0       10.0       -6.0        5.0       -1.0       -3.0        1.0       -9.0        6.0        4.0        6.0       -6.0        5.0        0.0       -1.0       -5.0        7.0       -2.0       -6.0 =     -760.0
       6.0       10.0     -115.0       -5.0       -1.0        3.0       -8.0        6.0       -9.0       -9.0        9.0       -7.0        9.0       -2.0        2.0        1.0       10.0        0.0       -7.0       -6.0 =      904.0
      -1.0        6.0        2.0      -63.0        2.0        4.0       10.0       10.0       -2.0        0.0       -3.0       -5.0       -1.0        0.0        1.0       -3.0        1.0        6.0        2.0       -3.0 =      -37.0
       9.0       -3.0        6.0        8.0     -111.0       -5.0       -8.0        2.0       -8.0        3.0       -5.0       -6.0        5.0        2.0        7.0       -4.0        4.0        5.0       -3.0      -10.0 =      448.0
      -6.0       -8.0       -2.0       -7.0        3.0      102.0       -3.0       -7.0        1.0       -9.0        7.0       -2.0        6.0       -4.0      -10.0        3.0        6.0        0.0       -4.0        9.0 =     -675.0
      -6.0       -7.0        1.0       -7.0       -1.0        3.0     -108.0       -9.0        8.0        2.0       -4.0       -3.0        5.0       -8.0       -8.0        4.0        8.0      -10.0        2.0       -3.0 =      705.0
       8.0        5.0       -2.0       -8.0        1.0        6.0        4.0      -98.0        5.0        0.0       -1.0        6.0        2.0       -3.0       -7.0       10.0       -9.0       -7.0        2.0        9.0 =      -77.0
       5.0        4.0        9.0       -1.0        6.0       -8.0       -1.0        3.0      -95.0       -4.0        3.0       -1.0       10.0        6.0        4.0       -2.0        7.0        1.0        6.0        9.0 =      312.0
       4.0        4.0       -2.0       -8.0       -3.0       -7.0        9.0        1.0        8.0      100.0        2.0       -6.0        7.0        7.0       -8.0       -2.0       -3.0        9.0        5.0        1.0 =     -118.0
       9.0        8.0        0.0       -8.0       -6.0       -4.0        4.0        3.0        8.0        3.0      -95.0        3.0       10.0        4.0        1.0        8.0        0.0       -6.0        3.0        1.0 =     -432.0
       6.0        2.0       -9.0       10.0       -8.0       10.0       10.0       -1.0        5.0       -9.0       -8.0     -133.0       -5.0        7.0        4.0       -5.0      -10.0        9.0       -8.0        2.0 =      262.0
       3.0        3.0        3.0        5.0       -6.0       -9.0       -7.0        4.0       -6.0        3.0       -3.0        7.0      -96.0        1.0        1.0       -8.0       -3.0       -4.0       -7.0       -5.0 =    -1116.0
      -4.0        6.0       -9.0        5.0        9.0      -10.0        7.0       -1.0        5.0        9.0       -8.0       10.0        8.0      128.0        7.0       -4.0        8.0       -2.0       -3.0        4.0 =    -1650.0
       3.0       -2.0        2.0        5.0        2.0       -9.0       -8.0        4.0        5.0        9.0       -8.0        0.0       -4.0        0.0     -100.0        6.0        4.0        4.0       -6.0       10.0 =     -581.0
       9.0       10.0       -2.0       -9.0        3.0        9.0       -8.0       -3.0      -10.0        5.0        7.0       -4.0       -2.0        5.0       -8.0      121.0        8.0       -5.0        2.0       -7.0 =      605.0
      -9.0        2.0       -3.0      -10.0       -2.0        5.0        7.0       -1.0        3.0        6.0       -9.0        7.0       -4.0       -4.0        0.0        0.0      -96.0        5.0        6.0      -10.0 =     -856.0
      -5.0        7.0        1.0       -1.0        9.0        4.0        9.0       -7.0       -1.0       -3.0       -5.0       -7.0       -8.0       -6.0        6.0       -3.0        6.0     -103.0        2.0       -4.0 =     -545.0
       7.0       -6.0        1.0        4.0        5.0       -4.0        6.0       -1.0        7.0       -9.0       -6.0       -2.0        9.0        2.0        3.0       -2.0       -7.0        3.0       93.0        2.0 =      105.0
      -7.0       -9.0        1.0        5.0       10.0        7.0        8.0       10.0        7.0       -3.0        8.0       -3.0        0.0       -4.0       -6.0        9.0        6.0       -1.0       -3.0      116.0 =     1057.0

     -10.0        8.0       -8.0        1.0       -4.0       -9.0       -5.0        1.0       -8.0       -1.0        8.0       -2.0        9.0      -10.0        7.0        5.0        8.0        5.0        1.0        7.0
