20
     -87.0        3.0       -2.0        8.0        1.0        4.0       -3.0        9.0       -6.0       -1.0       -4.0       -3.0       -4.0      -10.0       -7.0        2.0       -5.0        0.0        6.0        7.0 =      920.0
      -4.0       90.0       -4.0        0.0        6.0       -4.0        6.0       -5.0       -4.0        2.0       -8.0        6.0        7.0        9.0       -2.0        2.0        0.0       -9.0        3.0        5.0 =     -480.0
      -2.0        3.0     -104.0       -9.0      -10.0        1.0        8.0       -6.0       -1.0       -8.0       -4.0        9.0        2.0        7.0       -3.0        4.0      -10.0       -9.0       -2.0       -5.0 =      417.0
       5.0        4.0        9.0      -80.0        1.0       -4.0       -8.0        2.0       -3.0        1.0        9.0       -8.0        1.0        0.0        3.0        2.0        7.0        6.0        2.0       -4.0 =     -550.0
       7.0       -9.0        2.0        4.0     -109.0        4.0        8.0       -2.0       -1.0        7.0       -5.0        0.0       -2.0        6.0        6.0      -10.0       -7.0        4.0        7.0       -8.0 =      392.0
      -8.0        5.0       -8.0       -2.0       10.0     -105.0       -1.0        7.0        3.0        7.0        8.0        2.0       -3.0        1.0       -2.0       -7.0       -4.0        7.0      -10.0        6.0 =      282.0
      -3.0        0.0        3.0       -6.0        8.0        9.0      100.0        6.0       -8.0       -4.0       -6.0        6.0        8.0       -5.0        4.0       -1.0        7.0       -8.0        0.0        7.0 =      234.0
       1.0       -6.0       10.0        3.0       -3.0       -4.0        3.0      -91.0        0.0       -3.0       10.0       -7.0       -3.0       -1.0       -5.0        9.0       -1.0       -4.0        8.0       -2.0 =      688.0
       3.0        2.0       -3.0       -5.0       10.0        0.0       -8.0       -2.0      109.0       -1.0        8.0       -1.0        5.0        9.0        6.0        9.0      -10.0        4.0        8.0       -9.0 =      804.0
      -2.0        8.0        8.0       -4.0       -9.0       -9.0       -5.0        4.0       -4.0      109.0       -5.0       -3.0        5.0       -9.0        2.0        3.0        0.0       -3.0        9.0       -8.0 =      783.0
      10.0       -1.0       -1.0        1.0       -9.0       -2.0       -7.0       -8.0       -2.0        6.0       90.0       -4.0        3.0      -10.0       -4.0        3.0       -4.0        2.0       -2.0       -4.0 =      228.0
       5.0       -7.0        4.0       10.0       -9.0      -10.0        0.0       -3.0        9.0        9.0       -4.0      133.0       -5.0       -7.0        7.0        4.0        8.0        4.0       -9.0      -10.0 =      516.0
       0.0        6.0       -5.0        6.0        1.0        2.0       -3.0       -6.0      -10.0       -3.0       -5.0       -5.0      -77.0       -2.0       -4.0        1.0       -9.0       -4.0        4.0        0.0 =      226.0
       1.0        1.0       -5.0       -2.0        5.0       -1.0        4.0       -7.0       -2.0       -7.0        4.0        8.0       -9.0       84.0        2.0       -5.0       -1.0        6.0       -6.0        7.0 =        0.0
       2.0       -5.0       -2.0        3.0        8.0        8.0       -2.0       -1.0       -1.0       -1.0        8.0       -9.0       -2.0        8.0       93.0       -9.0       -2.0        3.0        2.0       -8.0 =     -558.0
       2.0       -1.0        1.0        3.0        6.0       -8.0        6.0      -10.0        9.0       -2.0        9.0       -3.0        1.0        1.0       -1.0      -88.0        0.0        7.0       -4.0        9.0 =     -252.0
      -4.0        0.0       -7.0        3.0       -6.0       -2.0       -9.0       -7.0       -7.0       -7.0        0.0      -10.0       -6.0        5.0        1.0        0.0      -86.0        3.0       -3.0       -5.0 =     -147.0
       2.0        7.0       -9.0        1.0       -1.0       -1.0        2.0       -6.0        5.0        4.0      -10.0       -5.0       -8.0       -3.0        0.0        4.0        2.0      -85.0        5.0       -3.0 =      396.0
     -10.0        4.0        4.0       -2.0        4.0        8.0       -3.0       -2.0        3.0       -4.0        0.0       -4.0        5.0        3.0        5.0       -4.0       -8.0       -9.0     -100.0        8.0 =     -816.0
       8.0       -2.0        7.0        0.0       -8.0       -8.0        1.0        4.0       -9.0       -9.0       -8.0       -7.0        4.0        6.0        4.0       -9.0       -8.0        6.0       -9.0     -124.0 =    -1449.0

     -10.0       -5.0       -3.0       10.0       -4.0       -3.0        2.0       -8.0        6.0        9.0        4.0        4.0       -2.0        0.0       -6.0        4.0        1.0       -4.0        8.0        9.0
