20
     103.0       -2.0       -5.0       -5.0        7.0       -8.0        2.0       -5.0        9.0        3.0        9.0        5.0        0.0       -4.0        9.0        6.0       -9.0       -3.0       -2.0        9.0 =      238.0
       7.0       98.0        6.0       -2.0        5.0       -8.0        0.0        8.0       -5.0       -1.0        6.0       -7.0        8.0        3.0        2.0        4.0       -8.0        2.0       -5.0       -2.0 =     -999.0
      -5.0       10.0     -128.0        9.0        7.0       -2.0        9.0        5.0        5.0       -3.0       -8.0       10.0        8.0        4.0       -7.0        8.0       -2.0        9.0       -5.0       -4.0 =     -240.0
      -2.0        9.0       -5.0      102.0       10.0       -2.0       -3.0        5.0       -9.0       -1.0        3.0        5.0        8.0        0.0       -7.0        4.0      -10.0       -7.0        7.0       -4.0 =     -103.0
       5.0        8.0        9.0        7.0      101.0        4.0        4.0        7.0        1.0       -3.0       -4.0        7.0        9.0       -1.0        7.0       -6.0       -9.0        3.0        1.0        2.0 =    -1064.0
      -6.0       -9.0        2.0        0.0        0.0      104.0        9.0        7.0       -2.0        7.0        3.0        8.0        5.0        7.0        5.0       -1.0        8.0       -8.0      -10.0        3.0 =     1056.0
      -7.0        2.0       -2.0       10.0       -3.0        5.0      124.0       -2.0       -6.0        8.0       -9.0        4.0       -6.0       -8.0       -9.0       -9.0       -8.0       -3.0       -8.0       -7.0 =      132.0
       9.0       -8.0        2.0       -3.0        8.0        6.0       -8.0     -121.0        7.0       -9.0        0.0        4.0       10.0        9.0        1.0        2.0        4.0        6.0        6.0       -9.0 =      336.0
       5.0        1.0        8.0        3.0        4.0        8.0       -1.0       -5.0       95.0        5.0       -7.0        3.0       -1.0       -8.0       -2.0       -1.0        8.0       -4.0       -9.0        9.0 =      111.0
       8.0       -9.0      -10.0       -5.0       -9.0        7.0        0.0       -3.0      -10.0     -125.0        9.0        8.0       -6.0       -7.0       -8.0       -4.0        7.0        4.0        1.0        8.0 =    -1152.0
       9.0        9.0       -4.0       -7.0       -1.0        2.0       -2.0       -4.0       -8.0      -10.0       97.0       -5.0        0.0        6.0       10.0       -7.0        0.0        2.0        6.0        0.0 =     -186.0
      -3.0        5.0       -7.0        3.0        0.0       -8.0        3.0        0.0        4.0        5.0        4.0      -96.0        1.0       -8.0       -8.0       10.0        4.0        1.0       -8.0        6.0 =     -736.0
       6.0       -8.0       -2.0       -9.0        0.0       -9.0        7.0        5.0        4.0        6.0       -3.0       -6.0       87.0        0.0        4.0       -4.0       -5.0        0.0       -1.0        6.0 =     -624.0
       8.0        8.0        9.0        5.0       -7.0        2.0       -4.0       -5.0       -7.0       -3.0        1.0       -8.0        2.0     -115.0        9.0      -10.0        9.0       -1.0       -8.0       -7.0 =    -1220.0
       6.0       -1.0       -5.0        5.0        2.0       -1.0       -8.0       -2.0       -3.0        2.0        7.0        6.0        1.0        0.0       83.0        4.0        3.0       -7.0       -7.0        6.0 =      364.0
      -2.0       -6.0        3.0       -4.0        0.0       -5.0        2.0      -10.0       -8.0        1.0       -6.0       -7.0        2.0       -3.0        0.0      -88.0        4.0       10.0       -1.0        7.0 =      555.0
       5.0        7.0       -3.0      -10.0      -10.0      -10.0        4.0        3.0       -4.0       -8.0        4.0        3.0        8.0        1.0        0.0       -6.0      104.0        2.0       -3.0       10.0 =      291.0
       8.0        8.0       -7.0        3.0        6.0        8.0       -8.0       -7.0        9.0       -7.0       -3.0       10.0        2.0       -6.0       -1.0       -9.0       -5.0     -118.0        0.0        4.0 =      904.0
       1.0        1.0        1.0        9.0        9.0       10.0       -7.0        8.0        5.0        5.0        5.0       -9.0       -6.0       -3.0        9.0        4.0       -5.0        2.0     -115.0        8.0 =      -68.0
       4.0       -3.0       -2.0       -8.0       -3.0        3.0       -5.0        8.0        5.0        6.0        0.0       -2.0       -3.0        8.0      -10.0        7.0        6.0       10.0       -2.0     -104.0 =      680.0

       2.0       -9.0        3.0       -1.0       -7.0        8.0        2.0       -4.0        1.0        8.0       -2.0        8.0       -8.0       10.0        4.0       -5.0        3.0       -8.0        1.0       -8.0
