20
     112.0       -5.0       -5.0        2.0       -5.0       -9.0        8.0        6.0       -8.0       -9.0        7.0        9.0        7.0       -9.0        0.0       -8.0       -3.0        4.0       -3.0        3.0 =     -658.0
       1.0      -83.0        8.0        9.0        6.0        2.0        2.0       -5.0       -4.0       -1.0       -2.0       -4.0        4.0        9.0       -4.0       -3.0        3.0       -4.0       -2.0       -5.0 =      657.0
       5.0        4.0      -94.0        5.0        9.0        1.0       -5.0       -5.0        5.0       -1.0       -4.0       -6.0        1.0        9.0        2.0       -8.0        8.0        7.0       -5.0        3.0 =     -414.0
      -7.0        9.0        6.0       99.0       -4.0        4.0        7.0        2.0       -4.0        8.0        1.0       -7.0       -9.0       -9.0       -8.0       -5.0       -1.0        3.0        1.0        3.0 =      445.0
       0.0        7.0       -4.0       -4.0       87.0        3.0        0.0        2.0       -8.0       -6.0       -6.0       -3.0       -5.0        0.0       -7.0        6.0        2.0       -2.0      -10.0       -4.0 =      480.0
      -5.0        8.0       -5.0      -10.0       -1.0      122.0       -9.0       -1.0        6.0       -6.0       -4.0       -8.0       -4.0       -2.0       10.0       -8.0        4.0        9.0       -3.0        9.0 =      612.0
      -1.0       10.0       -1.0       -2.0        2.0       -6.0     -105.0       -5.0       -1.0       -5.0       -7.0       -4.0        8.0       -5.0        6.0        8.0        9.0       -9.0       -7.0       -6.0 =      726.0
      -1.0        2.0       -5.0        4.0        7.0       -7.0       -2.0      101.0       10.0        6.0       -8.0        9.0       -5.0       -7.0        0.0       -8.0        5.0        9.0        2.0       -1.0 =      777.0
      -3.0       -6.0        0.0        3.0        9.0        4.0        6.0       -3.0       53.0        1.0        0.0        6.0        0.0       -2.0        2.0       -1.0        1.0        0.0        1.0       -2.0 =        0.0
       1.0        3.0        9.0        2.0        2.0        4.0       -3.0       -1.0        9.0       82.0        0.0       10.0        6.0        0.0       -9.0        7.0        0.0        3.0       -5.0       -5.0 =     -575.0
      -7.0       -5.0        3.0       -4.0      -10.0        4.0        5.0       -4.0       -4.0       -9.0     -117.0        8.0       -8.0       -7.0        8.0        5.0       -9.0        1.0       -4.0        7.0 =     -147.0
       2.0       -4.0        1.0       -1.0        2.0       -8.0       -8.0       -9.0        2.0        7.0        8.0     -104.0        2.0      -10.0        6.0       -6.0        0.0        8.0       -3.0       -9.0 =      372.0
      -5.0        3.0        1.0        7.0        0.0       -9.0       -9.0        5.0        7.0        0.0        2.0        7.0      110.0       10.0        6.0       -6.0        8.0        7.0        9.0        4.0 =      785.0
       6.0       -3.0       -5.0        2.0        9.0        8.0        1.0       -8.0        0.0        0.0        1.0       -8.0       -9.0       91.0        6.0        1.0       -1.0        4.0        7.0       -5.0 =     -485.0
       2.0        6.0       -2.0       -7.0       -3.0       -1.0        7.0        5.0        7.0       -9.0        8.0       -3.0       -7.0       -9.0       97.0        6.0       -2.0       -1.0        0.0       -9.0 =     -680.0
       9.0       -4.0        3.0        2.0       -9.0        3.0        7.0       -5.0        4.0       -7.0        7.0       -3.0       -6.0       -4.0       -5.0     -103.0       -3.0        7.0        2.0        5.0 =     -900.0
      -7.0       -3.0       -1.0       -7.0        1.0        0.0       -1.0       -9.0       10.0       -4.0        0.0       -8.0        1.0       -9.0       -8.0        6.0      -91.0        3.0       -7.0        2.0 =      264.0
       9.0       -9.0       -6.0       -8.0        6.0       -8.0       -9.0      -10.0        5.0        3.0       -5.0      -10.0       -2.0       -7.0       -4.0       -9.0        9.0     -124.0        0.0       -1.0 =     -900.0
       1.0       -2.0        6.0        4.0        7.0       10.0        1.0       -8.0       10.0        9.0        5.0       -1.0        9.0        4.0        7.0       -1.0        7.0       -3.0      103.0       -4.0 =     1312.0
      -1.0       -4.0       -9.0        2.0       -7.0        6.0        9.0        5.0       -7.0        4.0       -7.0        9.0        8.0       -3.0       -3.0        7.0       -4.0       -2.0        5.0     -108.0 =     -200.0

      -7.0       -9.0        6.0        5.0       10.0        6.0       -6.0        7.0        0.0       -5.0        1.0       -3.0        5.0       -5.0       -8.0        9.0       -2.0        5.0        8.0        2.0
