22
    -125.0      -10.0        8.0       -2.0        7.0       -5.0       10.0       -8.0        5.0       -4.0        3.0       10.0       -4.0       -2.0        7.0        4.0        8.0        0.0       -6.0       -4.0        3.0        9.0 =      768.0
       7.0      -78.0        1.0       -3.0        7.0        3.0       -5.0        1.0        0.0       -3.0       -4.0       -3.0        0.0       -7.0       -3.0        5.0        3.0        2.0       -1.0       -6.0        2.0        3.0 =      -79.0
       5.0       -6.0      110.0        7.0       -3.0        2.0       -7.0        5.0       -7.0       -4.0        5.0       -5.0        5.0        2.0       -9.0        5.0        0.0       -6.0        7.0       -1.0       -5.0        5.0 =      210.0
      -2.0       -8.0       -5.0      -97.0        0.0       -4.0       -1.0        1.0       -9.0        2.0        1.0        3.0        9.0       -9.0       -3.0        4.0        4.0       -2.0        1.0        1.0       10.0       -8.0 =        0.0
       0.0        1.0       -6.0        3.0     -106.0       -4.0       -4.0        2.0        2.0       -9.0        7.0        7.0       -8.0        6.0        3.0        9.0       -7.0        7.0        5.0        0.0        5.0       -5.0 =     -644.0
       8.0       -5.0        7.0       10.0        6.0     -145.0       -9.0       -6.0        5.0       10.0        2.0        5.0        4.0       -5.0        9.0       -9.0       -9.0        9.0        9.0       -4.0       -1.0       -8.0 =     -936.0
       0.0       -5.0       -5.0       -4.0        0.0        1.0       99.0        7.0        3.0       -4.0       -8.0       -3.0      -10.0       10.0        5.0        3.0        1.0       -7.0       -4.0        8.0        2.0        3.0 =     -736.0
       7.0       -6.0       -6.0       -1.0       -6.0        5.0        5.0      116.0       -7.0        3.0       -4.0        8.0        9.0       -3.0        4.0        1.0        7.0        6.0       -3.0       -4.0       -9.0        9.0 =     1048.0
      -3.0        7.0        4.0        7.0        3.0        7.0       -8.0        2.0      115.0        1.0       10.0        7.0        9.0       -2.0       -4.0       -6.0        3.0        6.0       -2.0       -5.0       -9.0        3.0 =    -1160.0
      -6.0      -10.0       -3.0        8.0        0.0       -7.0        6.0       -4.0        8.0       96.0       -1.0        1.0        0.0       -3.0      -10.0       -1.0       -6.0       -5.0        7.0       -4.0        2.0       -3.0 =       65.0
       4.0       -9.0        5.0        2.0       -7.0        5.0      -10.0        6.0       -1.0       -8.0       87.0        0.0       -4.0       -1.0        4.0        1.0        2.0        0.0       -5.0        3.0        4.0       -2.0 =     -760.0
      -9.0        9.0       -2.0        2.0        3.0        6.0        5.0       -2.0        9.0        8.0        9.0      106.0        8.0       -1.0        1.0       -1.0        0.0        2.0       -3.0      -10.0       -5.0       -2.0 =      665.0
     -10.0        5.0        1.0       -4.0        8.0       -5.0        8.0       -3.0       -1.0       -7.0        7.0        0.0      112.0       -4.0       -8.0       -5.0       -2.0        5.0        9.0       -9.0       -7.0       -1.0 =     -801.0
       2.0        4.0        4.0        1.0        2.0       10.0        4.0        9.0       -8.0       -5.0        0.0       -6.0        1.0     -114.0        8.0       -6.0        3.0        9.0        7.0       -2.0       -7.0       -7.0 =      637.0
       7.0       -1.0       -3.0        8.0        3.0        4.0      -10.0       -1.0        8.0        0.0        2.0        1.0       10.0        7.0      106.0       -6.0       -6.0        7.0        5.0       -4.0       -3.0        8.0 =      710.0
      -2.0       -9.0       -2.0       -2.0       -9.0        7.0        9.0        6.0        3.0       -2.0       -3.0        6.0       -2.0        4.0        3.0       94.0        0.0        9.0       -1.0       -4.0        4.0        4.0 =     -904.0
       7.0       -5.0       -1.0        6.0        4.0        0.0       -3.0        1.0        4.0       -4.0       -5.0       -9.0       -6.0        9.0        1.0        7.0     -110.0        9.0       -8.0        8.0       -5.0        0.0 =      200.0
       7.0        6.0        3.0       -3.0       -2.0       -4.0       -3.0       -7.0        0.0       -2.0       -2.0        8.0       -3.0        6.0        1.0        9.0        2.0      102.0       -3.0       -5.0       -8.0      -10.0 =      644.0
       9.0       -3.0      -10.0        5.0       -8.0        4.0       -2.0        2.0       -4.0       -6.0        3.0       10.0       -6.0       -7.0        1.0        7.0        7.0        4.0     -112.0       -2.0       -1.0        3.0 =      530.0
      -1.0        1.0        5.0        5.0        4.0        4.0       -7.0       -6.0        8.0       -6.0       10.0        4.0        8.0       -9.0        7.0       -1.0        5.0       -3.0       -9.0     -112.0       -3.0        1.0 =      475.0
      -7.0        4.0        5.0       -2.0        9.0        9.0        6.0        9.0        4.0        8.0       -4.0        8.0        0.0        9.0        9.0        4.0       -1.0       -4.0        7.0        0.0      121.0        9.0 =     -609.0
       4.0        0.0        4.0        6.0       10.0        8.0       -3.0        9.0        5.0        3.0        3.0       -8.0       -6.0        2.0       -2.0        6.0        9.0       -9.0        1.0       -8.0       -6.0     -117.0 =      801.0

      -8.0        1.0        2.0        0.0        7.0        8.0       -8.0        8.0       -8.0        1.0      -10.0        5.0       -9.0       -7.0        5.0       -8.0       -2.0        7.0       -5.0       -5.0       -3.0       -9.0
