22
      99.0        8.0        2.0       -3.0       -4.0        1.0       -7.0       -2.0        6.0       -7.0      -10.0        8.0       -6.0       -4.0        2.0       10.0        1.0        1.0       -3.0       -3.0        2.0        7.0 =      588.0
       2.0       98.0        5.0       10.0        4.0       -1.0       -5.0       -2.0        0.0        0.0       -7.0       -4.0       -4.0        6.0       -5.0        4.0       -8.0       -8.0       -9.0        6.0        2.0        2.0 =     -602.0
      -2.0       -3.0       93.0       -3.0       -8.0       -6.0        3.0        2.0       -7.0        6.0       -1.0       10.0        2.0       -8.0       -5.0        0.0        3.0        0.0        2.0        6.0       -1.0        8.0 =     -910.0
      -2.0       -9.0      -10.0       99.0        5.0        7.0       -2.0        7.0        4.0       -2.0        0.0       -8.0       -3.0        3.0       -7.0        5.0       -1.0       -3.0       -6.0        3.0       -7.0       -3.0 =     -280.0
      -8.0        4.0       -3.0        1.0       92.0        5.0       -7.0       -9.0        0.0       -3.0        0.0        2.0       -1.0        7.0       -3.0        6.0        1.0       -6.0        5.0       -3.0       -1.0      -10.0 =     -207.0
      -8.0        5.0       -9.0       -7.0       -3.0      -95.0        0.0        2.0        7.0        9.0       -1.0        1.0        0.0       -1.0        6.0        4.0        3.0       -2.0        0.0        5.0        8.0        7.0 =      552.0
      10.0       -7.0        5.0        5.0       -1.0        4.0      106.0        1.0       -1.0        8.0       -1.0        9.0      -10.0        4.0        4.0        6.0       -5.0       -5.0        1.0        2.0       -8.0       -3.0 =      372.0
       8.0        0.0        7.0        4.0        5.0       -3.0        1.0       95.0       -5.0        1.0       -2.0        3.0      -10.0        4.0        6.0        4.0       -7.0       -2.0        1.0        9.0       -6.0       -6.0 =     -963.0
       5.0        5.0       -7.0        9.0       -7.0       -8.0       -9.0       -5.0     -108.0        6.0        8.0        2.0        2.0        6.0        4.0       -1.0        6.0        9.0        1.0        4.0       -2.0        1.0 =     -711.0
      -8.0       -3.0       -5.0       -6.0        9.0       -6.0        1.0        7.0       -9.0     -120.0       -5.0        8.0        9.0       -2.0       -8.0        8.0       -6.0       -5.0       -9.0        0.0        0.0        1.0 =     -447.0
      -1.0       -5.0       -1.0        8.0       -1.0        5.0        0.0       -4.0       -7.0       -5.0       98.0       -6.0       -5.0      -10.0       -8.0        3.0       -5.0       -4.0       -3.0        1.0       -8.0        4.0 =     -138.0
       9.0       -1.0        6.0        6.0        5.0        3.0       -8.0       -1.0       -4.0       -1.0        4.0       92.0        5.0        5.0        2.0       -5.0        2.0        1.0       -7.0      -10.0        3.0        0.0 =     -954.0
      -2.0        6.0        5.0        9.0       10.0        1.0       -4.0       -8.0        6.0        8.0        2.0        8.0     -114.0       -6.0       -7.0        2.0        6.0        6.0        7.0        0.0        3.0        3.0 =      236.0
      -4.0       -6.0        8.0        1.0       -2.0       -3.0        7.0       -5.0        0.0        9.0        6.0        8.0        3.0      113.0        1.0       -2.0       -4.0       -9.0        8.0        7.0       -5.0        6.0 =      822.0
      10.0        1.0       -4.0        7.0       -5.0        7.0        3.0        8.0        2.0       -3.0       -3.0        3.0        2.0       -9.0     -106.0        9.0        0.0       -7.0       -7.0        4.0        1.0        2.0 =      340.0
       8.0       -5.0        6.0      -10.0       -9.0        1.0       -3.0        7.0        0.0        3.0        7.0        1.0        5.0       -8.0        1.0     -119.0        8.0       -3.0        7.0        5.0       -8.0       -8.0 =     -684.0
      -8.0       -8.0       -9.0       -5.0       -6.0       -1.0       10.0       -4.0       -7.0       -7.0        6.0       -7.0        6.0       -1.0        7.0        0.0      132.0       10.0        6.0        0.0       -6.0      -10.0 =     -392.0
       9.0       -1.0        0.0        4.0       -9.0        5.0        1.0       -3.0       -9.0       -6.0       -1.0        4.0        2.0       -1.0       -6.0       -5.0        2.0      -91.0        2.0       -7.0        5.0        4.0 =      404.0
      10.0        9.0        6.0      -10.0       -6.0       -7.0       -8.0        6.0      -10.0        2.0        2.0       -2.0       -6.0        7.0        7.0       -5.0       -1.0       -9.0     -133.0       10.0        2.0        1.0 =     -675.0
       0.0        6.0       -9.0       -3.0        3.0        5.0       -6.0       -9.0       -7.0        3.0        4.0       -7.0       -2.0       -3.0       -6.0       -3.0        8.0       -2.0        6.0     -100.0       -2.0        5.0 =     -833.0
      -5.0       -7.0        2.0       -8.0        9.0       -7.0       -2.0       -8.0       -6.0       -6.0        5.0        2.0        5.0        8.0       -7.0        9.0        1.0        3.0       -3.0        1.0      120.0        8.0 =      798.0
       8.0        8.0       -5.0        8.0        2.0        6.0        8.0        2.0       -4.0       -6.0        1.0       -4.0        4.0        0.0        0.0        4.0        2.0        5.0        8.0        0.0       -1.0       92.0 =    -1242.0

       6.0       -7.0      -10.0       -4.0       -3.0       -8.0        3.0       -9.0        9.0        3.0       -3.0       -9.0       -4.0        6.0       -4.0        6.0       -4.0       -4.0        5.0        7.0        7.0       -9.0
