22
    -103.0        3.0       -7.0        7.0        3.0        5.0        2.0       -2.0       -7.0        1.0        6.0       -1.0       -8.0        4.0        2.0        9.0        0.0       -7.0        6.0       -6.0       10.0        5.0 =       78.0
       9.0     -113.0        2.0        4.0       -4.0       -6.0       -4.0        9.0        2.0       -9.0       -1.0       -8.0       -1.0        6.0        7.0        9.0       -4.0        3.0       -1.0       -4.0        8.0      -10.0 =      424.0
      -4.0       -2.0     -120.0       10.0       -6.0        8.0        7.0        5.0       -4.0       -8.0        8.0        4.0       -2.0       -9.0       -1.0        3.0       -4.0        7.0        7.0       -2.0       -6.0       -3.0 =      224.0
       4.0       -5.0       -4.0     -126.0       -8.0       -2.0       -7.0        8.0        5.0       -8.0       -8.0        9.0        8.0        7.0       -1.0       -2.0       -9.0       -6.0        3.0       -3.0       -9.0        2.0 =        0.0
       3.0        5.0        7.0       10.0      130.0        0.0        9.0       -7.0        0.0        7.0        7.0       -7.0        6.0        5.0       10.0      -10.0       -7.0       -7.0        7.0        5.0        1.0       -9.0 =     -495.0
      -5.0        0.0       -7.0        0.0        0.0       94.0       -2.0       -5.0        2.0        9.0       -7.0       -3.0       -8.0        8.0       -9.0        4.0       -2.0       -3.0       -4.0       -2.0       -3.0        4.0 =      549.0
      -3.0       -7.0        8.0        6.0        3.0        4.0      132.0        2.0        6.0       -9.0       -9.0        2.0       -6.0       -7.0       -2.0       10.0       -5.0       -8.0       -9.0        7.0       -1.0        9.0 =     -492.0
       6.0        0.0        0.0       -6.0       -3.0        0.0       -7.0     -103.0       -7.0       -8.0       -6.0       -3.0       -1.0      -10.0       -9.0        1.0        2.0        4.0        7.0        5.0       -5.0        5.0 =    -1104.0
       9.0        7.0      -10.0       -8.0       -4.0       -8.0       -4.0       -6.0     -120.0       -4.0        2.0       -1.0        2.0        3.0        3.0        8.0       -5.0        0.0       -8.0        5.0        9.0      -10.0 =     -280.0
       7.0        6.0       -6.0       -8.0        3.0        7.0        6.0        3.0       10.0     -117.0       -1.0       -2.0       -7.0        8.0       -9.0        4.0        1.0       -9.0        2.0       -3.0        4.0        8.0 =     -744.0
       4.0       -9.0        5.0       -5.0       -3.0        9.0       -4.0       -6.0        4.0       10.0      111.0        8.0       -2.0        3.0       -1.0       10.0       -1.0       -6.0       -7.0       -7.0        0.0       -1.0 =     -560.0
       8.0       10.0       -7.0       -3.0       -2.0        6.0       -3.0       -9.0        3.0        4.0       -2.0     -112.0        9.0       -3.0       -2.0        5.0        4.0        7.0        5.0        8.0        0.0        7.0 =      670.0
      -1.0        1.0        4.0        4.0        5.0       -6.0        6.0      -10.0        7.0       -1.0       -1.0        3.0     -105.0      -10.0       -6.0        3.0        0.0        5.0        4.0       -9.0        9.0       -4.0 =      816.0
      -8.0        9.0       -4.0        9.0        8.0        6.0       -5.0        5.0       -1.0        9.0       10.0       -1.0        7.0     -114.0        1.0       -1.0       -4.0        2.0       -1.0        8.0       -7.0        7.0 =     -520.0
      -5.0       -1.0       -7.0       -5.0        1.0        3.0       -7.0       -5.0        0.0        6.0       -5.0        7.0       -8.0        4.0     -107.0        8.0        7.0        3.0       -3.0        2.0        7.0       -8.0 =      904.0
      -4.0        0.0       -5.0        6.0       -7.0        8.0       -9.0       -6.0       -3.0       -3.0       -1.0        0.0       -1.0        5.0       -2.0     -109.0        1.0       10.0       -6.0        8.0        4.0       10.0 =     -104.0
     -10.0        0.0        5.0        3.0       -2.0        6.0       -1.0        6.0        0.0       10.0        3.0        9.0       -4.0        5.0        9.0       -4.0     -106.0       -6.0       -3.0       -5.0        6.0        1.0 =     -390.0
      -1.0        8.0        7.0       -5.0       -2.0        7.0        6.0        9.0       -7.0        7.0       -1.0       -6.0       -5.0        6.0        2.0        3.0        9.0      122.0       -9.0       -6.0       -5.0        2.0 =     -423.0
       8.0       -8.0        9.0       -7.0       -4.0        5.0       -6.0        1.0        3.0       -3.0       -9.0       -6.0        6.0        1.0        8.0       -7.0        2.0        6.0     -124.0       -8.0       -9.0       -7.0 =      596.0
      -3.0       -4.0      -10.0        5.0       -6.0       -4.0        1.0       -3.0       -1.0        2.0       -9.0       -2.0        0.0       -3.0        6.0       -4.0        2.0        3.0      -10.0       96.0        3.0       -7.0 =      156.0
       4.0        2.0        7.0       -2.0        4.0       -8.0       -7.0       -9.0        2.0       -9.0       -1.0        2.0       -1.0        4.0       -3.0       -4.0        9.0        4.0        8.0        5.0      102.0        2.0 =     -888.0
       0.0        7.0        0.0       -5.0       -1.0        3.0        0.0        3.0       -8.0       -7.0       -2.0        0.0        6.0        0.0        8.0       -4.0        6.0        0.0       -5.0        6.0        4.0      -76.0 =      260.0

      -1.0       -4.0       -2.0        0.0       -3.0        9.0       -4.0        8.0        2.0        8.0       -5.0      -10.0       -8.0        8.0       -8.0        1.0        5.0       -3.0       -4.0        3.0       -8.0       -4.0
