22
    -102.0       -4.0       -1.0        3.0       -7.0       -7.0       -6.0       -1.0        7.0       -4.0        9.0        7.0        3.0       -2.0        3.0       -4.0       -7.0       -4.0       -8.0       -1.0        0.0       -8.0 =     -938.0
       2.0     -119.0        5.0        4.0        3.0        9.0       -6.0        8.0       -5.0        7.0        1.0       -9.0       -8.0       -1.0       -6.0       -7.0        4.0        9.0       10.0        0.0        6.0        4.0 =      445.0
      -1.0       -2.0      114.0        7.0       -6.0       -7.0        4.0       -7.0        3.0        1.0       -7.0        3.0       -1.0        8.0       -8.0        5.0        7.0       -7.0       -9.0        4.0       -9.0       -1.0 =     -364.0
      -7.0        4.0        3.0     -124.0        4.0        9.0       -6.0       -9.0        7.0       -5.0       -5.0        7.0       -9.0       -3.0        5.0      -10.0        0.0        7.0       -4.0       -8.0        6.0        5.0 =     1197.0
      -7.0        0.0       -4.0        8.0      104.0       -8.0        0.0        8.0        4.0        0.0        6.0        6.0        0.0       10.0        1.0        9.0       -5.0        1.0       -7.0        1.0       -7.0        4.0 =      744.0
       4.0       -4.0        9.0        3.0       10.0     -101.0       -4.0        7.0       -3.0        1.0        1.0       -2.0        8.0       -6.0        4.0        0.0        1.0       10.0        0.0        9.0       -4.0        6.0 =      459.0
       6.0       -6.0        8.0        8.0       -4.0        4.0      124.0        7.0       -6.0        6.0        8.0       -8.0        2.0       -9.0        4.0       -8.0        9.0       -7.0        3.0        3.0        7.0        0.0 =     1510.0
       2.0        1.0       -8.0        7.0        8.0       -1.0        7.0     -124.0        5.0        4.0        7.0        5.0       -1.0       -5.0       -3.0        7.0        6.0      -10.0        8.0        8.0        8.0        7.0 =     -124.0
       3.0        5.0       -5.0        1.0        4.0        7.0       -4.0        3.0      111.0       -8.0       -2.0        9.0       10.0        3.0        8.0        4.0       -6.0        9.0        6.0        2.0        0.0       -6.0 =     -308.0
      -2.0        9.0        3.0       -7.0        1.0       -6.0        1.0       -6.0        1.0      108.0       -9.0       -3.0       -4.0        2.0       10.0       -7.0       -6.0       10.0       -6.0        7.0        3.0       -3.0 =        0.0
       5.0       -4.0        3.0       -8.0        9.0       -7.0        7.0       -2.0        6.0       -2.0     -109.0       -9.0       -1.0        8.0       -7.0       -5.0        5.0        1.0       -1.0        7.0        8.0        0.0 =     -576.0
      -5.0       10.0        3.0        6.0        6.0        0.0        8.0       -8.0        2.0       -1.0        7.0     -116.0        7.0        3.0        8.0       10.0      -10.0        0.0       -4.0        7.0       -2.0        2.0 =     -335.0
      -3.0       -2.0       -3.0        0.0       -1.0        0.0        8.0       -2.0        6.0       -6.0       -2.0        5.0      -77.0       -9.0        0.0       -2.0       -2.0       -3.0        2.0        3.0       -4.0        5.0 =      609.0
      -7.0        2.0        0.0        2.0        8.0        6.0       -6.0       -9.0       -7.0        2.0        0.0        3.0       10.0     -105.0       -6.0       -3.0        3.0        3.0        4.0      -10.0        6.0        6.0 =      392.0
     -10.0       -1.0        0.0       -6.0       -4.0        3.0        7.0       -7.0        0.0        9.0       -1.0        0.0       -2.0       -6.0      -93.0       -7.0        5.0        3.0        5.0       -7.0       -7.0        0.0 =      119.0
       6.0        8.0        1.0       -6.0        8.0        5.0        9.0       -5.0        9.0       -2.0        0.0       -7.0        6.0       -1.0       -9.0     -108.0       -3.0        2.0        2.0       -1.0        8.0        0.0 =      -78.0
       7.0        2.0       -9.0       -5.0        9.0        7.0      -10.0       -6.0        7.0        3.0       -3.0        5.0        6.0        2.0        6.0        1.0     -126.0        4.0       -7.0        9.0        4.0       -5.0 =     -792.0
      -2.0        8.0        6.0        6.0       -8.0       -5.0       -2.0        1.0        3.0       -8.0        7.0       -1.0        9.0        3.0        4.0        4.0       -6.0      105.0       -5.0       -2.0        5.0        9.0 =      917.0
       8.0        1.0       -8.0        6.0        1.0        0.0       -2.0        2.0        0.0       -1.0        5.0        5.0        0.0       -9.0        9.0       -6.0       -9.0       -2.0       88.0       -5.0        2.0        2.0 =     -870.0
      -2.0       -6.0       -5.0        4.0        0.0       -6.0       -4.0        0.0       -9.0        8.0        6.0        9.0       10.0       -2.0        7.0       -6.0        7.0      -10.0       -8.0      126.0        3.0       -5.0 =    -1170.0
       7.0        4.0       -8.0       -2.0        6.0       -1.0       -5.0       -9.0        3.0        4.0        6.0        2.0        8.0        7.0        4.0        7.0       -8.0        1.0        0.0       -7.0     -113.0       -4.0 =     -392.0
       5.0      -10.0      -10.0        3.0        3.0       -3.0       -8.0       -8.0       -3.0       -9.0       -9.0       -8.0        5.0       -3.0        7.0       -4.0        6.0        2.0       -5.0        3.0        0.0      123.0 =      770.0

       7.0       -5.0       -4.0       -9.0        6.0       -9.0       10.0        2.0       -2.0        0.0        6.0        5.0       -7.0       -4.0       -1.0        1.0        8.0        7.0      -10.0      -10.0        4.0       10.0
