22
      96.0        4.0       -8.0        6.0       -4.0        0.0        5.0        8.0        4.0        5.0       -7.0       -3.0        3.0       -6.0        3.0       -2.0       -9.0       -4.0        4.0       -4.0        2.0       -1.0 =     -828.0
      -1.0      -93.0       -9.0       -1.0        2.0        9.0       -2.0        0.0       -1.0       -7.0       -7.0        3.0        5.0        1.0       -1.0       -8.0       -2.0       -9.0       -5.0       -8.0        1.0        1.0 =      264.0
      -5.0        7.0       84.0       -5.0        3.0        9.0        0.0       -1.0       10.0       -1.0       -1.0        1.0       -2.0       -9.0       -1.0        2.0        4.0        0.0       -2.0        6.0        7.0        2.0 =     -324.0
      -7.0        3.0       -1.0      120.0       -2.0        8.0        8.0       -9.0       -6.0       -1.0        7.0        7.0        5.0       -6.0        0.0        8.0        8.0        7.0        9.0       -3.0        4.0       -9.0 =     -750.0
      -3.0       -8.0        2.0        7.0      112.0        4.0        6.0       -1.0        1.0        7.0       -7.0        7.0       -5.0        8.0        9.0       -9.0        1.0       -8.0        4.0        2.0       -2.0       -4.0 =     -738.0
       0.0        2.0       -2.0       -6.0       10.0      -90.0       -1.0       -4.0        2.0        2.0        8.0       -7.0        8.0        4.0       -3.0        0.0        4.0       -3.0       -2.0       -5.0       -1.0        9.0 =      225.0
      -5.0       -7.0        7.0        0.0        4.0       -9.0      109.0       -7.0        1.0       -8.0        1.0       -7.0        3.0        8.0        1.0        7.0        6.0        2.0       -6.0        2.0       -3.0       10.0 =     -436.0
      -9.0        5.0       -1.0        5.0        2.0        1.0        5.0      107.0       -4.0        5.0        2.0        6.0       -6.0       -2.0        9.0        7.0        0.0       -1.0       -8.0        9.0       -5.0        5.0 =    -1188.0
      -5.0        7.0        2.0       -3.0       -5.0       -8.0        5.0        2.0     -100.0       -2.0       -9.0        1.0        3.0        3.0        2.0       -3.0       -5.0       -1.0        9.0        8.0       -5.0       10.0 =      752.0
       3.0        2.0        2.0       -5.0       -1.0        4.0        2.0       -6.0        1.0       82.0        7.0       -1.0       -1.0       -5.0        0.0       -2.0        2.0       -3.0       -2.0       -6.0       -9.0        9.0 =     -219.0
       3.0        9.0        9.0        2.0        1.0        0.0        8.0       -2.0        3.0       -6.0      128.0       -9.0       -2.0       10.0        7.0       -8.0       -9.0        8.0       -9.0        2.0       -9.0        3.0 =      695.0
       1.0       -6.0       -3.0       -6.0       -4.0       -2.0        1.0        4.0      -10.0       -9.0       -5.0      118.0        3.0       -4.0        4.0       -9.0       -9.0        8.0       -5.0        9.0        1.0       -6.0 =     -142.0
       0.0        7.0       -4.0       -5.0        9.0        0.0       -8.0       -7.0       -9.0        7.0       -2.0       -8.0     -129.0       10.0        8.0       -7.0      -10.0        6.0       -6.0        4.0       -4.0       -8.0 =     -468.0
      -2.0       -1.0        5.0       -4.0       -4.0       -9.0        4.0        9.0        0.0       10.0        7.0       -6.0       -9.0     -119.0       -6.0        7.0        8.0       -1.0       -4.0        6.0        6.0       -3.0 =      212.0
      -6.0        1.0        7.0        9.0       -4.0       -5.0        4.0       -7.0       -9.0       -3.0       -5.0        5.0        5.0        9.0      121.0        9.0        6.0       -4.0       -1.0       -3.0       -6.0       10.0 =    -1064.0
      -4.0       -6.0        1.0       -8.0      -10.0        0.0        2.0       -4.0        5.0        3.0        8.0        7.0       -1.0        7.0       10.0     -114.0       -9.0       -3.0       -9.0        1.0        4.0       -6.0 =     -126.0
     -10.0       -8.0        3.0        0.0       10.0       -4.0        6.0       -4.0        7.0        2.0       -1.0        7.0        1.0       -7.0       10.0        3.0      124.0       -4.0       -2.0        9.0        8.0       -9.0 =    -1269.0
       9.0      -10.0       -1.0        9.0       -5.0        7.0        2.0       -5.0       -8.0       -8.0       -1.0       -4.0        7.0       -3.0        9.0        2.0        2.0      119.0        4.0       -1.0        6.0       10.0 =      840.0
     -10.0      -10.0       -7.0        5.0       -3.0        9.0        7.0       10.0       -4.0        8.0       -7.0       -5.0        6.0       -6.0        5.0        9.0        3.0        5.0      142.0      -10.0       -1.0        5.0 =    -1208.0
       1.0       -5.0       -1.0       10.0       -3.0       -5.0       -3.0       -3.0       -3.0       -2.0       -1.0        2.0        6.0        6.0       10.0        2.0        6.0        3.0        8.0       98.0       -8.0        0.0 =     -826.0
       9.0       -1.0       -9.0       -2.0        7.0       -9.0        4.0       -4.0        6.0       -2.0        5.0       -4.0       -9.0       -6.0        0.0        5.0       -7.0       -1.0       -9.0        6.0      112.0        3.0 =       94.0
       3.0        9.0        8.0       -4.0       10.0        6.0       -9.0       -4.0        6.0       -2.0       -8.0       -8.0        0.0      -10.0       -2.0        4.0       -3.0       -6.0       -1.0       -5.0        5.0      123.0 =      224.0

      -9.0       -2.0       -3.0       -5.0       -6.0       -3.0       -4.0       -9.0       -8.0       -3.0        5.0       -2.0        3.0       -2.0       -8.0        1.0       -9.0        6.0       -8.0       -7.0        1.0        2.0
