24
    -138.0        3.0       -9.0        9.0       -2.0       -8.0      -10.0       -8.0       -8.0        5.0        3.0       -3.0        3.0        2.0       -8.0       -9.0       -4.0       -6.0        7.0       -6.0       -2.0       -1.0      -10.0        8.0 =      768.0
       8.0     -114.0        5.0       -4.0        1.0       -1.0        7.0       -9.0        3.0       -9.0       -4.0       -6.0        7.0        8.0       -7.0        0.0        9.0       -5.0        0.0       -6.0        2.0       -3.0       -2.0       -1.0 =     1210.0
       6.0       -5.0      111.0       -6.0        0.0       -3.0        2.0        0.0       10.0        6.0       -9.0        4.0       -9.0        5.0       -9.0       -7.0        0.0        4.0        6.0        3.0       -8.0        2.0        0.0        4.0 =      963.0
       4.0       -1.0        0.0     -122.0       10.0        5.0       -3.0        5.0       -8.0       -7.0        0.0        7.0        7.0        5.0        0.0       -6.0       -2.0       -2.0       -7.0       -8.0       -9.0       -1.0       -8.0       -9.0 =     -450.0
      -5.0        0.0        7.0        8.0      137.0       -1.0       -9.0      -10.0        2.0       -5.0        1.0        8.0        4.0       -7.0       -6.0      -10.0        1.0      -10.0       -9.0        4.0        0.0       -9.0      -10.0       -7.0 =        0.0
       2.0        9.0        3.0       -8.0       -7.0      116.0       -8.0        5.0        2.0        1.0       -2.0        4.0       -8.0       -1.0       -3.0        5.0       10.0       -8.0       -3.0       -4.0       -3.0        4.0        5.0       -8.0 =      412.0
      -3.0       -5.0        9.0       -4.0        8.0        6.0      121.0       -4.0       -6.0       -8.0       -5.0       -9.0      -10.0        3.0        3.0       -4.0        2.0        4.0        2.0        9.0       -3.0       -1.0        2.0        9.0 =      348.0
      -1.0        0.0       -9.0        3.0        8.0       10.0        4.0     -119.0        9.0        4.0       -2.0        9.0        9.0        3.0       -2.0       -4.0        5.0        5.0      -10.0        7.0       -4.0        2.0       -2.0       -1.0 =     -456.0
       9.0       -6.0       -9.0       -5.0      -10.0        7.0        9.0        5.0      137.0       -1.0        6.0       -2.0        5.0        3.0       -7.0      -10.0       -9.0       -3.0        1.0      -10.0        6.0        0.0       -2.0       -7.0 =     -428.0
       5.0        8.0        3.0       -9.0        7.0        7.0        9.0        2.0        8.0      121.0       -1.0       -2.0       -8.0        3.0        6.0        2.0       -2.0        4.0        2.0       -5.0       -1.0       -9.0       -6.0        9.0 =     -306.0
       2.0        6.0       -5.0       -5.0        1.0       -6.0       -6.0        6.0       -3.0       10.0     -119.0       -6.0        3.0       -2.0       -6.0        9.0       -1.0        5.0       -9.0       -8.0        1.0        4.0        8.0        6.0 =     -690.0
       3.0        2.0        4.0       -6.0       -7.0        9.0       -7.0       -7.0        6.0       -8.0       -8.0      137.0       -5.0       -7.0        8.0       -8.0        1.0       -9.0       -3.0       -9.0        1.0        0.0       -8.0       -2.0 =      539.0
      -6.0        1.0        4.0        3.0        8.0        9.0       -7.0        6.0        4.0       -6.0        8.0       -9.0     -140.0        7.0        0.0       -8.0       -3.0        6.0       -1.0        9.0        9.0        6.0       -5.0      -10.0 =     -460.0
      -7.0        5.0       -7.0        6.0        0.0        2.0        8.0        0.0        1.0       -9.0       10.0       -7.0        3.0      130.0        8.0       -9.0       -9.0        5.0       -1.0       -9.0        1.0       -9.0        0.0       -9.0 =      618.0
      -8.0       -5.0        4.0        1.0       -1.0        0.0        2.0        1.0        4.0        2.0        3.0       -8.0       -2.0       -5.0      -89.0        2.0        9.0       -6.0        1.0        8.0        2.0        1.0        5.0       -1.0 =      -80.0
       1.0        2.0        3.0       -1.0       -1.0        6.0       -6.0       -8.0       -7.0       -6.0       -8.0       -4.0       -5.0       -1.0        3.0      125.0       -5.0        9.0        5.0        8.0        6.0        9.0        7.0       -5.0 =      635.0
       4.0       -2.0        1.0        1.0        2.0        2.0        4.0        7.0        7.0       10.0       -1.0        8.0       -7.0       -7.0        6.0        9.0     -108.0        7.0        5.0        1.0       -4.0       -3.0       -1.0        7.0 =     -416.0
       5.0        9.0       -4.0       -3.0      -10.0       10.0        9.0       -8.0       -2.0        5.0        1.0       -4.0        3.0      -10.0       -9.0       -7.0       -9.0     -127.0        1.0        1.0        3.0       -2.0        5.0        1.0 =      142.0
       5.0       -3.0        8.0       -4.0        3.0       -4.0       -1.0        9.0        5.0        3.0       -2.0      -10.0       -6.0        9.0        2.0        2.0       -3.0        0.0     -103.0       -7.0        0.0       -9.0        2.0       -3.0 =      535.0
      -5.0       10.0        3.0        0.0        1.0        4.0        6.0        2.0        8.0       -8.0       -2.0       -8.0        1.0       -4.0       -3.0        7.0      -10.0       -2.0        0.0      107.0       -3.0        9.0        2.0        4.0 =     -595.0
       9.0        2.0       10.0       -5.0       10.0       -9.0        4.0        5.0       10.0        0.0        3.0       -7.0        3.0       -1.0       -6.0        5.0        2.0       -9.0        3.0       -7.0     -135.0        2.0        8.0       10.0 =      465.0
       3.0       10.0       -4.0        2.0       -6.0       -6.0        8.0        6.0        2.0        6.0       10.0        7.0       -6.0        9.0        3.0       -2.0       -2.0       -6.0        4.0        7.0       10.0      139.0        4.0        8.0 =      412.0
       2.0        3.0        0.0       -2.0       -7.0        7.0       -3.0       -5.0       -2.0        7.0       -8.0       -9.0        7.0        3.0        9.0        7.0       -7.0        2.0       -2.0        5.0       -7.0       -7.0      115.0        3.0 =     -888.0
       5.0       -1.0        3.0        8.0       -2.0       -2.0       -2.0       -1.0        6.0       -4.0        3.0        1.0        6.0       10.0        3.0       -3.0       -2.0        4.0       -2.0       -3.0       -3.0       -6.0       -5.0       92.0 =      525.0

      -4.0      -10.0        9.0        3.0        0.0        4.0        3.0        6.0       -4.0       -2.0        6.0        7.0        4.0        6.0        1.0        5.0        8.0       -1.0       -5.0       -5.0       -5.0        2.0       -8.0        5.0
