24
    -110.0       -2.0        1.0        8.0       -2.0        8.0       -4.0        2.0       -3.0       -9.0       -2.0       -3.0       -5.0       -8.0        5.0       -9.0       -2.0        3.0        4.0        8.0       -7.0       -3.0        8.0        2.0 =      240.0
       4.0     -135.0        9.0       -9.0        2.0        2.0       -7.0       -2.0       -3.0       -9.0        7.0        1.0       -1.0       -8.0        4.0       10.0        1.0       -3.0       -8.0       -8.0        6.0       -8.0        8.0       -8.0 =     -930.0
      -1.0       -6.0       94.0       -1.0        9.0        2.0        0.0       -1.0       -2.0       -1.0       -5.0       -3.0        4.0       -5.0       -9.0       -4.0       -7.0        0.0       -7.0        6.0        1.0        3.0       -2.0        6.0 =      -71.0
      -1.0        5.0       -8.0     -134.0        8.0        9.0        5.0        8.0        7.0       -8.0        9.0       -4.0        7.0      -10.0        4.0       10.0        1.0        6.0        4.0       -1.0        8.0        1.0        2.0       -3.0 =      150.0
       9.0        8.0        9.0       -5.0      109.0       -3.0        0.0       -1.0        4.0       -4.0       -1.0       -3.0       -7.0        8.0       -3.0        3.0       -5.0        2.0        2.0       -8.0        8.0        5.0        2.0        4.0 =    -1064.0
       8.0        8.0        6.0        8.0        6.0      144.0        9.0       -5.0       -3.0        8.0        8.0       -6.0       -6.0        1.0       -7.0        2.0        9.0       -2.0        0.0        1.0       -9.0       -9.0       10.0       -8.0 =     1211.0
       1.0        2.0        4.0        3.0        3.0        8.0     -120.0        3.0        7.0       -6.0        8.0       -1.0        1.0        1.0       -6.0        4.0      -10.0        8.0       -1.0        7.0       -2.0       -9.0       10.0       -8.0 =      744.0
       5.0       -1.0       -9.0      -10.0       -9.0       -1.0        0.0     -116.0        2.0       -8.0        5.0       -1.0        9.0       -1.0       -7.0       -4.0        8.0        4.0       -2.0       -5.0        9.0       -7.0        1.0       -4.0 =     -284.0
       8.0       -4.0       -9.0       -4.0        9.0        3.0        5.0        3.0      141.0       -6.0        4.0        3.0       -8.0       10.0        6.0       -5.0       -4.0        8.0        3.0        8.0        3.0       -9.0        2.0        9.0 =      528.0
       0.0       -6.0       -6.0        3.0       10.0        6.0        4.0        3.0       -5.0     -117.0        5.0      -10.0       -3.0        0.0        2.0        2.0       -4.0       -7.0        7.0        3.0        2.0       -6.0       -8.0       -8.0 =      266.0
      -5.0       -6.0        1.0       -9.0       -4.0       -2.0        4.0        8.0        4.0       -6.0      107.0        9.0       -3.0       -7.0       -5.0        3.0        3.0       -1.0        6.0       -2.0        4.0        4.0        6.0        3.0 =      896.0
      -3.0       -4.0        7.0        1.0        7.0        0.0       -9.0       -9.0       -6.0       -6.0        7.0     -117.0       -8.0        1.0        1.0       -9.0        3.0        8.0       -1.0        9.0        4.0       -4.0       -1.0        5.0 =     -744.0
       6.0        8.0        3.0        6.0        2.0        1.0        6.0       -6.0       -5.0        2.0       -4.0        8.0      122.0        4.0       -3.0       -3.0        5.0       -4.0        7.0       -6.0       -8.0        2.0       -7.0       -7.0 =     -516.0
      -8.0        3.0        5.0        9.0       -9.0        1.0        1.0       -8.0       -9.0        9.0       -1.0        2.0       -7.0     -152.0       -6.0       -8.0        9.0       -9.0        8.0        8.0        2.0       -8.0       -9.0        7.0 =     -340.0
       8.0       -8.0        2.0       -5.0      -10.0        5.0      -10.0       -4.0       -3.0        5.0       -4.0        8.0       -7.0        4.0      140.0        1.0       -9.0        5.0       -6.0        7.0       -9.0       -3.0       -5.0       -7.0 =      475.0
       0.0        3.0        1.0       -7.0        2.0       -1.0       -6.0       -9.0       -8.0        3.0       10.0       -1.0        4.0        4.0       -6.0     -108.0       -1.0       -3.0       -8.0       -1.0        9.0        3.0        5.0       -8.0 =     -984.0
       0.0       -4.0        2.0       -1.0       10.0       -8.0        0.0       -8.0        0.0        3.0        9.0        6.0        8.0        6.0        3.0       -5.0      105.0       -2.0       -7.0        0.0       -7.0       -2.0        7.0        4.0 =     -238.0
      -8.0       -6.0       -7.0        1.0        5.0        2.0       -3.0       -3.0       -5.0       -5.0       -8.0       -7.0        7.0       -5.0       -9.0       -4.0        1.0      114.0       -1.0        2.0        9.0        0.0        5.0        3.0 =       78.0
      -8.0       10.0       -5.0        9.0        4.0        0.0        3.0        9.0       10.0       -3.0       -6.0       -7.0        0.0        6.0        1.0       -3.0        9.0       -9.0      131.0        9.0       -1.0        2.0       -5.0       -3.0 =     -306.0
      -5.0        2.0        8.0       -8.0       -2.0        4.0       -3.0       -5.0       -2.0       10.0        8.0       -3.0       -6.0        1.0       -2.0       -8.0        7.0        1.0        8.0      118.0       -4.0        3.0        8.0       -5.0 =     -375.0
      -1.0        0.0       -5.0        6.0        1.0      -10.0       -8.0        1.0        3.0        2.0       -5.0        1.0       -9.0       -6.0        0.0        5.0        4.0       -2.0        0.0       10.0      -93.0        0.0        3.0        7.0 =      384.0
       6.0        9.0        3.0       10.0       10.0      -10.0       -5.0        2.0        9.0        4.0       -5.0        2.0        0.0       -3.0        5.0      -10.0       -9.0       -7.0       -9.0       -9.0       -3.0     -148.0        9.0        3.0 =      584.0
     -10.0        9.0        9.0        5.0        2.0       -8.0       -3.0        2.0       -3.0        2.0        4.0       -4.0       10.0       -9.0       -7.0       -2.0        5.0       -6.0      -10.0       -1.0       -7.0        2.0     -130.0       -9.0 =    -1431.0
       8.0        5.0        7.0        7.0       -5.0       -5.0       -5.0        7.0      -10.0        1.0        1.0        2.0        3.0        1.0       -6.0       -1.0        1.0        1.0       -4.0        4.0       -5.0        4.0       -5.0     -101.0 =      760.0

      -2.0        6.0       -1.0       -2.0       -8.0        7.0       -8.0        2.0        3.0       -2.0        8.0        6.0       -4.0        2.0        5.0        8.0       -2.0        1.0       -2.0       -3.0       -4.0       -4.0        9.0       -8.0
