24
    -135.0        9.0        5.0       -9.0        3.0        1.0       -9.0        9.0       -5.0        4.0       -3.0       -7.0        8.0       -9.0       -9.0        4.0       -1.0       -7.0        7.0       -5.0       -7.0        0.0        4.0       -7.0 =     -636.0
      -2.0      -85.0        1.0       -1.0        1.0        0.0       -1.0       -4.0       -2.0       -7.0       -6.0       -1.0       -3.0       -9.0        7.0        2.0       -1.0        5.0       -3.0        0.0       -9.0       -1.0       10.0        7.0 =     -510.0
      -9.0        9.0      128.0       -6.0       -3.0        0.0       -3.0        7.0       -7.0        9.0       -6.0        5.0        8.0       -1.0        5.0       -1.0       -4.0       -4.0        4.0        9.0       -9.0       -2.0       -5.0       -7.0 =      468.0
       2.0        0.0        1.0      115.0        6.0        0.0       -1.0       -9.0       -1.0        2.0       -2.0       -8.0        3.0       -8.0       -6.0       10.0        7.0       -6.0       -8.0        8.0        0.0        8.0      -10.0       -3.0 =        0.0
       6.0        0.0       -8.0       -2.0     -110.0        2.0        3.0       -1.0        6.0       -4.0       -5.0       -8.0        1.0       -6.0        3.0        3.0        9.0        6.0       -6.0       -7.0        3.0        6.0        0.0        6.0 =     -412.0
       8.0        9.0       -7.0       -9.0        5.0     -142.0       -8.0       -8.0       -6.0        8.0       -3.0       -4.0       -4.0        8.0        3.0       10.0       10.0        9.0       -7.0       -6.0        0.0        1.0        0.0       -4.0 =     1233.0
       3.0        9.0        1.0       -7.0       -8.0       -3.0      122.0        5.0       -4.0        4.0       -9.0        5.0       -9.0       -1.0       -3.0      -10.0       -5.0       -8.0        2.0        8.0        2.0       -9.0        2.0        1.0 =      352.0
      -7.0       -1.0        6.0       -5.0        5.0       -6.0       -3.0       96.0        9.0       -3.0        0.0        2.0        1.0       -2.0       -9.0        4.0        1.0        1.0       -2.0        6.0        5.0        4.0       -6.0       -7.0 =       89.0
       3.0       -3.0       -3.0       -9.0        1.0        3.0       -1.0        3.0      110.0       -4.0        0.0       -9.0       -2.0       -7.0        8.0       10.0       -2.0      -10.0       -7.0        7.0        1.0        4.0        7.0       -2.0 =      784.0
      -8.0       -9.0        1.0        9.0        6.0       -7.0       -2.0        6.0        4.0      132.0        6.0       -4.0       -7.0       -8.0       -4.0       -1.0       -7.0       -6.0      -10.0       -5.0        8.0        3.0       -3.0        6.0 =     -900.0
       8.0       -9.0       -2.0       -9.0        3.0        0.0       -4.0        5.0       -8.0        8.0     -127.0        6.0        4.0       -4.0        9.0        0.0        4.0        9.0        1.0        6.0        2.0        2.0       -8.0        8.0 =      192.0
      10.0        7.0        5.0       -5.0       -4.0       -2.0        1.0        6.0        9.0        7.0        1.0     -104.0        6.0        2.0       -5.0        4.0        3.0        8.0       -3.0        5.0        3.0        0.0        0.0       -4.0 =        0.0
      -1.0        5.0        7.0        1.0       -1.0        2.0        5.0        7.0       -4.0       -2.0       -5.0        2.0     -112.0       -7.0       -8.0       -9.0       -9.0       -5.0        0.0      -10.0        4.0        5.0        5.0        5.0 =     1125.0
       8.0        4.0       -9.0       -5.0      -10.0       -7.0       -6.0       -4.0       -9.0       -2.0       -2.0        5.0        7.0      116.0       -2.0        3.0       -2.0        6.0        0.0        4.0       -5.0        3.0        7.0        3.0 =     -206.0
      -7.0       -8.0        6.0        1.0       -4.0        9.0        2.0        1.0        8.0       -9.0       -3.0        7.0        2.0        7.0     -130.0       -6.0        1.0       -6.0      -10.0       -2.0       -9.0        9.0        3.0        2.0 =      952.0
       0.0        0.0       -5.0       -4.0        1.0       -3.0        2.0        8.0       -8.0        2.0        2.0       -8.0       -2.0       -7.0       -4.0     -115.0       -3.0        8.0        9.0        9.0       -9.0       10.0       -2.0       -4.0 =      492.0
      -8.0        4.0       -5.0       -7.0        6.0        0.0        9.0        9.0        7.0        6.0       -3.0        3.0        6.0        8.0       -8.0       -6.0     -138.0      -10.0        9.0        4.0        4.0        5.0       -6.0        2.0 =      109.0
       9.0      -10.0       -8.0       -7.0       -7.0       -5.0       -1.0        7.0       -3.0       -7.0       -6.0        3.0        6.0       -8.0        5.0        5.0       -1.0      132.0        4.0        2.0        7.0        1.0       -2.0       -8.0 =      108.0
      10.0       -4.0        4.0      -10.0       -4.0        3.0       -9.0      -10.0        4.0       -9.0       -8.0       -5.0       -5.0        4.0       -5.0       -6.0       -1.0        4.0     -123.0        3.0        1.0        4.0        7.0        1.0 =      308.0
       2.0        3.0       -7.0       -9.0       10.0        5.0       -8.0        8.0        4.0       -9.0       -1.0       -6.0        4.0       -2.0        6.0       -4.0        8.0      -10.0       -3.0     -139.0        6.0       -2.0       -7.0        5.0 =      876.0
       3.0        5.0       -3.0        8.0        9.0        5.0        1.0       -1.0        5.0       -9.0        1.0       -5.0        6.0        1.0       -5.0        3.0        5.0        2.0       -9.0        4.0      114.0        6.0        4.0        8.0 =      790.0
       9.0        7.0       -8.0        9.0       -7.0       -5.0        5.0       -1.0       -2.0       -3.0        1.0       -5.0       -7.0       -3.0       -3.0       -2.0        7.0        3.0        5.0       -6.0        8.0     -124.0        6.0        6.0 =      660.0
       9.0       -2.0       -1.0       -7.0        5.0        2.0       -9.0       10.0        5.0       -1.0        5.0        1.0        8.0        7.0        3.0       -7.0        6.0       10.0        3.0       -4.0       -2.0       -8.0     -125.0       -8.0 =        0.0
       2.0        3.0        0.0        3.0        5.0      -10.0       -6.0       -4.0       -9.0        5.0       10.0        9.0       -3.0       -5.0        7.0        9.0       -8.0       -6.0        0.0        3.0       10.0        8.0        5.0      135.0 =     -326.0

       4.0        5.0        4.0        0.0        4.0       -9.0        4.0        1.0        8.0       -9.0       -2.0        0.0       -9.0       -2.0       -7.0       -4.0       -1.0        1.0       -2.0       -6.0        5.0       -6.0        0.0       -2.0
