24
     107.0        9.0       -7.0        3.0       -1.0        0.0        6.0       -4.0        5.0       -4.0       -1.0       -9.0        2.0        0.0        3.0        4.0        8.0       -3.0       -5.0        7.0        4.0        3.0       -9.0       -1.0 =     -819.0
      -8.0      108.0       -2.0       -7.0       -2.0       -8.0       -2.0       -6.0        7.0       -2.0        0.0        1.0        9.0        5.0        0.0        7.0       -1.0        5.0       -7.0        7.0       -5.0        3.0        7.0        4.0 =     -791.0
      -9.0       -5.0      124.0        7.0       -3.0        6.0       -6.0       -3.0        0.0        9.0        9.0       -3.0       -6.0       -1.0        9.0      -10.0       -5.0        8.0        7.0       -5.0       -5.0        1.0        1.0       -3.0 =     -936.0
       0.0        7.0        2.0      137.0      -10.0       -9.0        5.0        8.0        2.0       -5.0       -6.0       -6.0        9.0       -8.0        5.0        2.0        9.0       -4.0        4.0       -8.0        9.0       -5.0        0.0        5.0 =      715.0
       4.0        9.0        7.0       -7.0      133.0        5.0       -3.0        2.0        8.0        7.0       -5.0        3.0        1.0        8.0        0.0       -9.0       10.0        4.0      -10.0        4.0       -6.0       -7.0       -7.0       -2.0 =     1490.0
      -4.0       -8.0       -1.0        5.0       -5.0      123.0        5.0       -8.0       -7.0        2.0       -2.0        4.0       -1.0        9.0        9.0        0.0      -10.0        9.0        8.0        6.0       -4.0        0.0       -5.0        6.0 =      655.0
      -7.0        2.0       -2.0       10.0        4.0        5.0     -122.0        1.0       -5.0       10.0       -5.0        4.0       -4.0      -10.0        4.0       -1.0       -4.0      -10.0        2.0       -5.0        4.0        5.0        8.0        4.0 =     -224.0
      -4.0       -7.0       -1.0       10.0        7.0        4.0        5.0     -111.0       -8.0        6.0        1.0       -1.0        3.0        8.0        6.0       -2.0        7.0        3.0        1.0       -5.0       -1.0       10.0        0.0        3.0 =      396.0
       2.0        4.0        9.0        5.0       -5.0        4.0        3.0        8.0      114.0       -2.0        1.0        1.0       -8.0       -9.0       -4.0        6.0        9.0       -1.0       -1.0        5.0       -2.0        6.0        8.0       -8.0 =      725.0
      -8.0        0.0        3.0       -2.0       -7.0        7.0       -4.0       -2.0       -9.0     -134.0       -9.0       -7.0        7.0        5.0        7.0       -3.0       -7.0       -9.0       -9.0       -6.0       -1.0        5.0       -6.0        8.0 =     1629.0
       1.0       -4.0        8.0       -8.0        9.0       10.0        2.0       -3.0        8.0       -8.0     -111.0        1.0       -3.0       -5.0       -8.0      -10.0       -3.0       -2.0       -3.0       -5.0       -2.0        2.0       -3.0       -1.0 =     -276.0
      -5.0       -4.0       -4.0       -9.0        9.0        3.0       -9.0        5.0        2.0       -1.0       10.0      107.0        9.0       -1.0        0.0       -5.0        6.0       -4.0       -4.0       -1.0       -6.0       -7.0        0.0        0.0 =      546.0
      -6.0        9.0       -6.0        0.0       -2.0        2.0        6.0       -3.0       -2.0        9.0        9.0        8.0      112.0        2.0        6.0        2.0        8.0       -4.0       -4.0        4.0        4.0       -7.0        0.0       -2.0 =      290.0
       8.0        7.0        3.0        6.0       -4.0        2.0       -4.0       -4.0        3.0       -5.0        8.0        3.0       -9.0     -127.0        9.0        3.0        7.0       10.0       -2.0        6.0        6.0        0.0       -7.0        3.0 =      156.0
      -2.0       -5.0        5.0        4.0       -5.0       -5.0        8.0        1.0        2.0       -6.0       -6.0        9.0       -5.0        5.0     -114.0        6.0        1.0        3.0       -3.0        5.0       -8.0       -9.0       -1.0        5.0 =      805.0
      -5.0      -10.0        2.0       -6.0        8.0       -4.0       -1.0        8.0        3.0       -6.0        0.0       -3.0       -2.0       -8.0        0.0     -121.0        5.0       -1.0       -9.0       -9.0        4.0       -5.0       -7.0        8.0 =     -318.0
       0.0       -4.0       -4.0      -10.0       -5.0        1.0      -10.0       -2.0       -9.0       -4.0        3.0        9.0       -2.0        5.0        9.0       -5.0     -123.0       -7.0        2.0       -9.0        5.0        6.0        1.0        6.0 =    -1323.0
       6.0        5.0       -5.0       -3.0        6.0       -3.0      -10.0       -1.0        5.0        5.0        7.0        2.0        0.0        6.0        5.0        9.0       -8.0     -126.0        9.0       -9.0        3.0        5.0       -3.0       -7.0 =     -510.0
      -5.0        5.0       -9.0       -3.0        7.0       -8.0       -1.0        8.0       -2.0        2.0        7.0       -2.0       -2.0      -10.0       -5.0        7.0       -3.0       -7.0     -120.0       -2.0        3.0       -6.0       -3.0        7.0 =      142.0
       7.0        6.0      -10.0        7.0       10.0       -4.0        0.0        5.0       -5.0        8.0        4.0       -5.0        2.0       -4.0        8.0        6.0        1.0       -4.0       -8.0     -121.0        0.0        5.0        1.0        8.0 =      747.0
      -4.0        8.0        0.0        3.0       -4.0        4.0        2.0       -9.0       -3.0       -8.0        2.0        0.0       -5.0        9.0       10.0        2.0        8.0        9.0        4.0        6.0     -117.0       10.0        2.0        4.0 =        0.0
      -1.0        4.0       -1.0       -4.0       10.0        2.0        2.0        4.0       -4.0       10.0       -4.0        4.0       -9.0       -9.0       -4.0        3.0       -5.0       -7.0        6.0       -3.0       -9.0     -128.0        7.0       -6.0 =     1420.0
      -4.0        2.0       -7.0       -3.0       -1.0        7.0        2.0       -4.0       -1.0        7.0       -1.0        1.0        7.0       -7.0       -3.0      -10.0        2.0        2.0        6.0        9.0       -6.0        0.0      -99.0        3.0 =     -392.0
      -7.0       -9.0        8.0        8.0       -8.0        7.0        2.0       -9.0        8.0        8.0        2.0        5.0        5.0       -5.0       -5.0        3.0        9.0        9.0        6.0        3.0       -3.0      -10.0        5.0      145.0 =      354.0

      -7.0       -7.0       -8.0        5.0       10.0        5.0        2.0       -6.0        5.0       -9.0        2.0        6.0        2.0       -2.0       -7.0        2.0        9.0        5.0       -1.0       -9.0        0.0      -10.0        4.0        2.0
