24
     121.0        3.0       -5.0       -5.0       -3.0        3.0        3.0       -5.0        7.0       -1.0       10.0       -7.0       -4.0        9.0       -3.0        5.0       -2.0       -4.0        5.0       -6.0       10.0        7.0       -6.0       -2.0 =      780.0
      -4.0     -132.0       -6.0        7.0       -6.0        4.0        0.0       -7.0        9.0        4.0       -6.0       -7.0       -4.0        6.0       -5.0       -7.0       -6.0       -7.0        5.0        7.0        3.0       -9.0        2.0        2.0 =      471.0
      -5.0       -1.0      122.0      -10.0       -3.0       -3.0        2.0       -5.0       -8.0      -10.0        8.0        1.0        5.0        2.0        1.0        0.0        7.0       -5.0       -7.0       -8.0       -9.0        7.0        2.0        5.0 =      440.0
       1.0        7.0       -8.0      116.0        6.0       -8.0        0.0        5.0       -7.0       -6.0       -1.0        2.0       -7.0        1.0       -4.0       -7.0        6.0       -7.0        1.0       -6.0        4.0       -8.0       -5.0       -3.0 =      -72.0
      -2.0       -1.0       -2.0        1.0      128.0       -8.0       -9.0        9.0       -8.0       10.0        7.0        4.0       -6.0        2.0        5.0       10.0        6.0       -5.0       -4.0        2.0       -7.0       -8.0        5.0       -6.0 =      861.0
       8.0        5.0        5.0        7.0       -1.0     -136.0       -1.0       -4.0       -6.0       -7.0        1.0       10.0       -1.0       -8.0       -9.0       -2.0       -4.0        8.0        5.0        8.0       -8.0       -9.0        9.0        3.0 =     -254.0
      -6.0        9.0       -7.0       -1.0       10.0       -7.0     -107.0        4.0        0.0        6.0       -3.0       -8.0       -2.0       -2.0        3.0        4.0       -2.0        5.0        2.0       -6.0       -1.0        5.0        0.0       -6.0 =      550.0
       9.0        4.0        2.0      -10.0        4.0       -4.0        2.0      103.0        2.0        5.0       -8.0        0.0        2.0       -7.0      -10.0       -5.0        3.0       -2.0        0.0        4.0       -3.0       -3.0       -4.0       -7.0 =      231.0
      -7.0       -7.0       -2.0        0.0        6.0       -2.0       -7.0       10.0      107.0       -5.0        0.0        4.0        9.0       -2.0       -7.0       -3.0        3.0        9.0        0.0       -3.0       -8.0        0.0       -6.0       -6.0 =      415.0
       8.0       -6.0        0.0        7.0        2.0        5.0        9.0       -6.0       -3.0      106.0       -2.0       -5.0        3.0       -4.0        2.0       -9.0        2.0        4.0       -5.0        4.0       -8.0       -2.0        2.0        2.0 =     -212.0
       9.0       -1.0        7.0        2.0        6.0      -10.0       -8.0       -1.0        2.0       -5.0     -121.0       -6.0        1.0        2.0       -5.0        8.0       -1.0        5.0        5.0        8.0       -6.0       -3.0       -8.0       -7.0 =      635.0
      -4.0        1.0       -6.0       -6.0       -9.0        4.0        5.0        7.0       -5.0        5.0        1.0     -128.0        9.0        0.0       -3.0       10.0       -8.0        9.0        4.0       10.0        7.0       -3.0        3.0       -5.0 =     -918.0
       0.0       -4.0        3.0       10.0       -8.0       -1.0        2.0       -7.0       -5.0        4.0       -4.0       -8.0      134.0        7.0        7.0        7.0       -5.0       -9.0        6.0       -2.0       -7.0        9.0        4.0       -9.0 =     -868.0
      -5.0       10.0       -1.0        6.0        3.0        9.0        7.0        5.0        2.0        1.0        3.0        4.0        0.0      110.0        3.0        6.0       -6.0        0.0        5.0        1.0       10.0        1.0       10.0       -8.0 =      352.0
      -9.0        5.0        8.0        9.0        2.0        1.0        6.0       -9.0        6.0        6.0       -4.0       -8.0       -8.0        7.0      132.0       -7.0       -8.0        0.0        0.0        9.0       -5.0        9.0       -1.0       -3.0 =    -1242.0
      -1.0        9.0       -9.0        8.0        6.0        1.0       -3.0        2.0       -1.0       -1.0       -3.0        6.0        6.0        5.0       -9.0       97.0        3.0       -5.0       -2.0        6.0        2.0       -2.0        0.0       -3.0 =     -560.0
      -7.0       -5.0       -3.0        2.0       -9.0        0.0      -10.0        7.0        3.0        6.0        5.0        3.0        1.0        2.0       -7.0        0.0     -114.0        0.0        5.0       -7.0       10.0       10.0        3.0        0.0 =      840.0
       7.0        3.0       10.0       10.0       -2.0        8.0       -9.0       -3.0       -8.0       -7.0       -7.0        7.0        2.0        4.0        4.0       -6.0      -10.0     -139.0        3.0       -9.0       -7.0        0.0       -5.0       -7.0 =     -644.0
      -6.0       -2.0       -8.0        4.0        2.0        8.0       -3.0        7.0       -7.0       -4.0        9.0        1.0        3.0       -6.0       -4.0      -10.0       -9.0       -3.0     -130.0       10.0        2.0        1.0       -5.0       -6.0 =    -1248.0
       7.0       -9.0        6.0        9.0       -6.0       -6.0        8.0        6.0       -1.0        9.0        8.0       -7.0        2.0        4.0       -2.0       -7.0        5.0        3.0        6.0     -135.0       -3.0      -10.0       -1.0        2.0 =     -336.0
      -4.0        3.0        2.0       -5.0        2.0       -3.0        5.0        7.0        8.0        4.0       -4.0       -6.0       -7.0       -4.0        8.0       -3.0       -2.0       -4.0       -6.0       -5.0      114.0        8.0        0.0        5.0 =     -113.0
      -5.0       -8.0       -5.0       -3.0        6.0       -5.0       -3.0       -9.0       10.0        3.0        9.0       -4.0        6.0        3.0        1.0        7.0       -5.0       10.0        3.0        6.0       -5.0      130.0       -1.0        8.0 =    -1043.0
      -7.0       -4.0       -9.0       -3.0      -10.0        7.0        6.0       -8.0       -4.0       10.0       -9.0        1.0        6.0       -2.0        8.0        7.0        5.0        8.0        2.0        6.0        8.0       -4.0      139.0        3.0 =     1248.0
       2.0       -4.0        5.0        6.0       -2.0        6.0        1.0      -10.0        6.0       -3.0       -8.0       -2.0        2.0        4.0       -1.0        5.0        1.0       -6.0        6.0       -7.0        6.0        5.0       -2.0      103.0 =     -226.0

       6.0       -3.0        5.0       -1.0        7.0        2.0       -5.0        3.0        5.0       -2.0       -5.0        9.0       -7.0        2.0       -9.0       -5.0       -8.0        4.0        8.0        3.0       -1.0       -7.0        8.0       -2.0
