26
    -137.0       -9.0        6.0        8.0       10.0        2.0       -4.0       -3.0       -6.0        8.0       -1.0        2.0       -8.0       -1.0        3.0        4.0       -3.0       -1.0       -6.0       -2.0       -8.0        3.0       -7.0       -7.0       -9.0        6.0 =     -160.0
      -7.0     -131.0        5.0       -2.0        4.0        2.0       -5.0        1.0        9.0       -5.0        7.0        6.0        7.0        5.0        1.0      -10.0       -8.0        6.0        2.0       -1.0       -9.0       10.0       -6.0       -5.0        8.0        0.0 =     -928.0
       1.0       -8.0      129.0        6.0       -3.0        7.0       -9.0       -3.0       -3.0       -9.0       -3.0        4.0        9.0        3.0       -2.0        2.0       -8.0        5.0        7.0       -3.0        7.0       -8.0        4.0       -7.0        4.0        1.0 =    -1230.0
      -6.0       -4.0       -3.0     -144.0        3.0        4.0        3.0        6.0        2.0       -7.0        8.0       -4.0       -4.0       -9.0       -5.0        9.0        9.0       -4.0      -10.0       -9.0        1.0        6.0        6.0        3.0        5.0       -9.0 =      153.0
      -1.0        4.0       -4.0        0.0     -125.0        6.0       -2.0       -6.0       -1.0       -3.0       -8.0        0.0        5.0        2.0       -7.0       10.0        8.0       -8.0        2.0        8.0       -6.0        5.0        8.0        2.0        4.0       -8.0 =     1150.0
       8.0        0.0        2.0        4.0       -3.0      120.0       -3.0       -9.0       -8.0       -7.0       -3.0       -3.0       -5.0        7.0       -5.0       -2.0       -1.0        4.0       -9.0       -2.0       -5.0        2.0       -3.0       -7.0        3.0        6.0 =      567.0
       8.0        5.0       -8.0       -3.0        3.0       -1.0     -131.0       -8.0        5.0        8.0        4.0        7.0       -2.0       10.0       -7.0       -5.0        1.0        7.0        1.0       -8.0       -6.0       -1.0        8.0       -5.0       -2.0       -6.0 =      756.0
      -4.0        9.0        6.0       -4.0        6.0        7.0       -7.0      137.0       -5.0       -1.0       -2.0       -3.0        7.0      -10.0        5.0       -7.0       -5.0       10.0        7.0        0.0        0.0       -9.0        1.0        9.0        1.0        6.0 =     -924.0
      -2.0        0.0        0.0       -8.0       -3.0        8.0        8.0        0.0      107.0        3.0        5.0       -9.0        0.0        7.0        3.0        9.0        4.0        7.0       -3.0        5.0      -10.0        1.0        7.0       -1.0       -2.0        0.0 =     1088.0
     -10.0        1.0        8.0        5.0        8.0       -6.0        0.0        6.0        6.0      122.0        1.0       -7.0        4.0       -4.0        6.0       -1.0      -10.0        0.0        5.0        6.0       -2.0        4.0        2.0        4.0       -8.0       -4.0 =     -544.0
      -5.0       -9.0       -6.0       -4.0       -5.0        2.0        7.0        4.0       -9.0        8.0      143.0        3.0        4.0        8.0        4.0        1.0        1.0       -4.0        7.0        7.0        7.0        5.0      -10.0        8.0       -1.0        6.0 =    -1720.0
      -5.0       10.0        1.0        0.0        2.0       -9.0        7.0       -9.0        4.0        6.0       -3.0      122.0       -4.0        9.0       -2.0       -8.0        6.0       -7.0       -1.0       -3.0        0.0       -3.0       -2.0        8.0        0.0      -10.0 =    -1090.0
       9.0       -2.0        6.0        1.0        0.0       -6.0        6.0       -1.0      -10.0       -2.0      -10.0        4.0     -134.0        4.0       -6.0        3.0      -10.0        9.0       -3.0        9.0       -7.0       -5.0        3.0        4.0       -6.0       -3.0 =     -735.0
      10.0       -6.0       -8.0        2.0        3.0        3.0       -2.0        9.0       -7.0       -1.0        6.0       -3.0       -9.0     -117.0       -5.0        5.0       -1.0       -2.0       -1.0       -8.0        6.0       -5.0        0.0        4.0        2.0       -8.0 =      133.0
       4.0        1.0        0.0       -8.0       -6.0        2.0        8.0        3.0        6.0        4.0       -9.0        7.0        0.0       -4.0      114.0        0.0       -2.0        8.0        6.0        0.0        5.0       -8.0        2.0        1.0       -9.0       -6.0 =      238.0
       4.0        0.0        7.0        0.0       -2.0       -5.0        4.0       -4.0        2.0        1.0        6.0        3.0       -4.0       -1.0       -1.0     -109.0      -10.0        0.0       -3.0       -9.0        0.0       -8.0       -9.0        6.0        9.0       -6.0 =     -903.0
      -1.0       -4.0       -4.0       -4.0       -9.0        8.0       -6.0       -3.0       -8.0        1.0        2.0       -3.0        9.0       -4.0        0.0        8.0     -126.0       -5.0       -8.0        1.0        3.0        0.0        4.0       -8.0        9.0        7.0 =     -846.0
      -6.0       -1.0        3.0        5.0       -3.0        6.0        1.0        6.0       -3.0        7.0       -2.0        9.0        9.0        2.0       -4.0       -5.0        6.0     -127.0       -8.0       -7.0       -4.0        7.0       -7.0       -1.0       10.0       -4.0 =      555.0
      -6.0        5.0        4.0        7.0        9.0       10.0        7.0        4.0        2.0       -1.0       -4.0       -3.0       -3.0        6.0       -5.0        0.0       -7.0        0.0     -134.0      -10.0       -7.0       -8.0        0.0        6.0       -3.0       -8.0 =     -139.0
      -8.0        5.0       -6.0       -8.0       -8.0       -9.0      -10.0       -1.0       -3.0        1.0        9.0        3.0        0.0        9.0        6.0       -9.0        1.0        9.0        0.0     -149.0       -4.0        9.0        9.0        4.0       -1.0       -9.0 =     -160.0
       4.0       -6.0       -3.0        7.0        8.0        4.0        4.0       -8.0        2.0       -3.0       -1.0       -7.0       -1.0       -3.0       -2.0        8.0        9.0       -1.0        8.0        6.0      120.0        0.0       -4.0        2.0       -8.0       -9.0 =      378.0
       9.0        0.0        0.0        2.0       10.0        1.0       -3.0        6.0       -1.0       -8.0        3.0        8.0        1.0        7.0       -2.0       -8.0        9.0       -8.0        4.0       10.0        0.0     -115.0       -2.0        0.0        2.0       -9.0 =      588.0
       4.0       -6.0       -9.0       -8.0        1.0       -8.0        6.0       -5.0        3.0        1.0       -8.0        0.0        3.0        6.0        0.0        1.0        6.0        3.0        7.0        9.0        0.0       -2.0     -106.0       -2.0       -1.0       -2.0 =      107.0
      -6.0        2.0        9.0        1.0        2.0       -9.0       -1.0       -2.0        5.0        5.0        3.0       -8.0       -5.0       -8.0        4.0        5.0       -3.0       -4.0       -6.0       -2.0       -5.0       -3.0        6.0      114.0        5.0        0.0 =     -297.0
       6.0       -2.0        0.0       -3.0        0.0        8.0        2.0       -9.0        5.0       -1.0        0.0       -5.0        9.0        9.0        2.0        7.0       -4.0        1.0        7.0        1.0        0.0        0.0       -2.0       -1.0      -92.0       -6.0 =      136.0
       5.0       -6.0       -5.0       -9.0        9.0       -2.0       -6.0       -3.0       -4.0       -7.0        0.0        6.0       -6.0       -9.0        5.0       -5.0        5.0        5.0        1.0       -2.0        4.0        7.0        7.0        3.0        1.0      131.0 =    -1000.0

       1.0        8.0      -10.0       -1.0      -10.0        7.0       -6.0       -6.0        8.0       -4.0      -10.0      -10.0        5.0       -1.0        2.0        7.0        6.0       -5.0        1.0        1.0        3.0       -7.0       -1.0       -3.0       -2.0       -8.0
