26
    -113.0       -2.0        7.0       -8.0       -2.0       -5.0        3.0        3.0        0.0       -1.0        9.0       -1.0       -3.0        7.0       -8.0       -6.0        0.0       -6.0        3.0        8.0        3.0       -1.0       -7.0       -1.0        2.0       -7.0 =      882.0
      -6.0       95.0        6.0       -3.0       -7.0       -7.0       -1.0       -1.0        5.0       -2.0        2.0       -3.0        8.0        0.0       -4.0        1.0       -6.0        4.0       -7.0       -5.0        3.0        6.0       -1.0        2.0        2.0        0.0 =      243.0
      -6.0        0.0      129.0       -3.0       -3.0        7.0       -5.0        6.0       -9.0       -7.0       -8.0        4.0        8.0       -7.0       -1.0        5.0       -2.0       -2.0        9.0        8.0        0.0        5.0       -8.0        3.0        7.0       -5.0 =    -1250.0
      -2.0       -1.0       -9.0      137.0        1.0       10.0        9.0       -4.0       -2.0        3.0       -9.0       -5.0       -8.0        0.0       -5.0        1.0        2.0        7.0      -10.0        7.0       -8.0       -2.0       -8.0       -5.0        5.0       10.0 =     -228.0
       4.0       -1.0        0.0        2.0     -105.0        9.0       -6.0        9.0        5.0        8.0       -2.0       -6.0       -4.0        2.0        0.0        2.0       -1.0       -4.0       -6.0       -4.0       -4.0       -7.0        0.0      -10.0        3.0       -1.0 =     1170.0
       4.0       -2.0        1.0        9.0       -8.0      143.0       -8.0        4.0       10.0        2.0       -5.0       -6.0        7.0      -10.0       -8.0        4.0       -5.0        0.0       -7.0       -9.0        3.0        9.0       -2.0       -4.0        5.0        9.0 =     1360.0
       0.0       -9.0       -2.0        7.0       -8.0        6.0     -137.0       -8.0       -9.0        6.0       -9.0       -6.0        7.0        7.0        6.0        3.0       -6.0        4.0        4.0       -2.0       -1.0       -9.0        5.0       -3.0        3.0       -6.0 =     -942.0
      -6.0        3.0      -10.0       -9.0       -9.0       -2.0       -4.0      130.0       -8.0       -5.0        5.0        5.0        6.0        5.0        7.0       -7.0        1.0        8.0       -2.0       -9.0       -3.0        3.0        4.0        1.0       -1.0       -2.0 =      404.0
       2.0        6.0       -4.0        2.0       -4.0       -9.0        2.0       -4.0     -130.0       -6.0       10.0        5.0        1.0        9.0       -3.0        5.0        7.0       -5.0       -6.0       -7.0        5.0        6.0       -9.0       -5.0       -1.0        3.0 =    -1040.0
       7.0       -9.0        1.0       -1.0        0.0      -10.0       -5.0        0.0        8.0     -121.0        9.0        0.0       -3.0        1.0        5.0        3.0        1.0        3.0        5.0       10.0       -9.0       -5.0        7.0        5.0        6.0        0.0 =      184.0
      -4.0        2.0        8.0       -5.0       -1.0       -3.0       -9.0        3.0       -7.0       -8.0      132.0       -5.0        6.0       -3.0        1.0       -3.0        7.0       -8.0       -7.0        7.0       -5.0       -4.0       -2.0       -7.0        8.0       -1.0 =      552.0
      -7.0       -1.0        1.0        4.0        0.0       -6.0       -9.0        0.0       -8.0       -5.0        5.0      136.0       10.0       -7.0       -3.0        4.0        2.0      -10.0        6.0       -5.0       -7.0        7.0      -10.0       -1.0       -3.0        6.0 =     -396.0
      -4.0       -6.0        3.0       -4.0       -7.0       -7.0        0.0       -5.0       -4.0       -1.0       -3.0        5.0       95.0        2.0        4.0        8.0       -1.0        5.0        0.0        8.0        4.0        0.0       -2.0        5.0        4.0        1.0 =     -700.0
      -8.0       -2.0        3.0        5.0        7.0        4.0        9.0        6.0        0.0       -7.0       -1.0       -7.0        3.0     -115.0        8.0        2.0      -10.0       -1.0        8.0        3.0       -7.0        2.0        1.0        4.0        2.0       -2.0 =      558.0
      -3.0        4.0       -9.0       -8.0        4.0       -2.0        9.0        8.0       -7.0        1.0        2.0       -8.0      -10.0       -1.0     -144.0        1.0        7.0        9.0        5.0        5.0       -6.0        7.0        3.0       10.0       -7.0        2.0 =     -768.0
      -3.0        3.0        0.0       -4.0        6.0       10.0        4.0       -7.0       -2.0       -7.0       -4.0       -2.0        2.0        7.0        9.0     -129.0        0.0       10.0        8.0        4.0        2.0        5.0       -5.0       -8.0        6.0       -5.0 =     -900.0
       8.0      -10.0       -2.0       -2.0       -9.0        2.0        3.0        9.0       -2.0       -3.0        2.0        2.0       -3.0        3.0       -5.0        5.0     -126.0       -9.0       -2.0       -2.0       -9.0       -9.0       -8.0       -1.0        8.0        3.0 =     -314.0
       7.0       -9.0       -5.0       -8.0        7.0       -3.0        9.0       -2.0       -3.0        9.0        3.0       -3.0        1.0        3.0        1.0        6.0        1.0      137.0        7.0        6.0       -4.0       -9.0        6.0      -10.0       10.0       -2.0 =    -1085.0
       0.0      -10.0        4.0        5.0        2.0        4.0       -8.0        5.0       -2.0       -3.0        5.0       10.0       -9.0       -8.0       -6.0       -9.0        7.0      -10.0      140.0       -7.0       -3.0        5.0       -4.0        4.0       -1.0        4.0 =      115.0
      -7.0        9.0        6.0        5.0       -5.0        7.0        2.0        6.0       10.0       -6.0       10.0       10.0       -8.0       -8.0       -3.0       -8.0        7.0        0.0        4.0     -158.0        7.0        0.0        7.0        0.0       -5.0       -8.0 =      882.0
      -8.0       -9.0        5.0       -7.0        8.0        5.0       -9.0        7.0        5.0        0.0        2.0        9.0       -5.0       -8.0        1.0        5.0        7.0       -2.0        3.0       -3.0      132.0        1.0       -5.0       -4.0        2.0        8.0 =      140.0
      -7.0       -8.0        0.0       -5.0        5.0        4.0        1.0        5.0       -5.0       -6.0       -6.0       -7.0       -7.0       -7.0       -8.0        2.0        9.0        9.0        1.0        2.0       -1.0      131.0       -7.0        4.0        9.0       -3.0 =     -630.0
      -5.0        1.0       -9.0        2.0        4.0       10.0       -8.0       -7.0       -3.0       -7.0        8.0        8.0       -3.0       -8.0       -7.0        0.0       -1.0        0.0       -5.0        2.0       -9.0        6.0     -134.0        0.0      -10.0       -8.0 =     1098.0
       0.0       -5.0        1.0       -9.0       -8.0        6.0        4.0        4.0       -3.0       -8.0        8.0        9.0       -5.0        4.0       -1.0        8.0        6.0       -1.0        1.0        9.0       -6.0       -7.0        7.0     -141.0       10.0        4.0 =     -339.0
       4.0       -9.0        3.0       -3.0        6.0        9.0       -2.0       -9.0       -4.0        3.0        7.0        8.0        8.0       10.0        3.0        6.0       -5.0        3.0        3.0       -5.0        5.0       -5.0        1.0       -6.0      142.0       -5.0 =      672.0
       8.0       -1.0        0.0        8.0       -9.0       -2.0       -1.0        3.0        4.0       10.0       -9.0        8.0      -10.0        5.0       -1.0        1.0       -6.0        1.0        4.0        2.0       -4.0        4.0       -4.0      -10.0       -4.0      122.0 =     1190.0

      -7.0        3.0      -10.0       -2.0      -10.0       10.0        6.0        4.0        8.0       -2.0        6.0       -4.0       -7.0       -6.0        6.0        9.0        2.0       -7.0        1.0       -7.0        1.0       -6.0       -6.0        3.0        4.0       10.0
