26
    -124.0        8.0      -10.0        4.0        2.0       -3.0       -1.0        2.0       -2.0        3.0       -5.0        8.0        7.0        2.0       -6.0       -7.0        6.0       -5.0       -6.0        5.0       -4.0       -4.0        3.0       -6.0        7.0        6.0 =    -1200.0
       1.0      128.0        7.0       -4.0       -7.0       -7.0       -9.0        6.0       -4.0       -9.0       -5.0        6.0       -3.0       -5.0       -1.0        8.0        3.0       -1.0        2.0       -5.0       -8.0        4.0        3.0       -4.0       -8.0        5.0 =      372.0
      -6.0       -8.0      141.0       -6.0        4.0       -3.0        1.0       -7.0       -6.0        9.0        9.0       -6.0        6.0       -6.0        6.0       -3.0        8.0        4.0        3.0       -8.0        4.0        6.0       -2.0      -10.0       -4.0        4.0 =      130.0
      -1.0       -6.0        2.0     -115.0       -1.0       -3.0        2.0        3.0       -4.0        9.0       -3.0        4.0       -3.0        7.0      -10.0        2.0       -9.0       -7.0        9.0        2.0       -1.0        0.0        5.0        9.0        1.0        6.0 =     -204.0
       4.0        7.0        5.0        7.0     -114.0       -4.0        7.0        1.0       10.0        6.0       -2.0       -6.0       -7.0       -4.0        2.0       -2.0       -2.0       -2.0        7.0       -1.0       -2.0       -3.0        6.0        9.0        0.0       -2.0 =     -560.0
       0.0       -9.0        8.0        1.0       -1.0      -99.0       -1.0        7.0       -3.0        8.0        8.0       -8.0        6.0       -2.0        0.0       -5.0       -5.0       -1.0       -4.0       -2.0        1.0       -6.0        3.0        5.0        0.0       -1.0 =     -500.0
       9.0        2.0       10.0       -2.0        9.0       -5.0     -137.0       -4.0        7.0        0.0       -4.0        2.0       -8.0       -4.0       -7.0       -3.0        4.0       -9.0       -4.0        0.0        1.0        9.0       -8.0       -8.0        6.0       -2.0 =      730.0
       0.0       -3.0        4.0       -5.0       -6.0        7.0       -5.0     -141.0       -6.0       -6.0        8.0       -4.0        9.0      -10.0       -7.0        3.0        9.0       -3.0        1.0        3.0        8.0       -7.0        9.0        7.0        0.0       -8.0 =    -1144.0
       4.0        3.0       -8.0        4.0       -5.0        3.0       -2.0        6.0     -136.0        5.0        6.0        4.0       -9.0       -3.0        6.0        2.0       -9.0       -2.0        3.0       -5.0       -7.0       -8.0       -7.0        8.0        6.0        2.0 =      834.0
       3.0       -6.0       -2.0       -7.0        0.0       -5.0       -1.0        5.0        0.0      126.0        6.0       -9.0       -2.0        4.0        4.0        8.0       -8.0        3.0        8.0        6.0        4.0       -6.0        7.0        1.0      -10.0        9.0 =      828.0
      -8.0       -1.0       -3.0        5.0       -8.0      -10.0       -4.0        9.0        1.0        5.0     -120.0       -9.0        0.0        0.0       -1.0        3.0       -9.0       -2.0       -8.0        4.0        4.0        1.0       -2.0       -5.0       -9.0        7.0 =      640.0
       7.0        0.0        5.0        8.0       -4.0       -9.0       -8.0        0.0        4.0        7.0       -2.0     -126.0       -8.0        2.0       -7.0       -5.0       -6.0       -3.0       -7.0       -6.0       -5.0       -5.0       -3.0        3.0        9.0        1.0 =     -474.0
       7.0        2.0        0.0        4.0        0.0       -5.0       -3.0       10.0       -7.0       -5.0       -2.0       -3.0     -127.0        5.0        9.0        9.0       -9.0       -6.0       -8.0       -2.0        1.0        9.0        5.0        0.0        6.0        8.0 =     -102.0
       4.0       -8.0       -9.0        7.0       -5.0        0.0       -7.0        5.0        8.0        4.0        0.0        0.0        5.0      140.0       -4.0        4.0       -7.0        6.0       -4.0        4.0        9.0        7.0        3.0       -8.0       -8.0        6.0 =     -456.0
       8.0       -6.0        4.0        5.0       -7.0       -9.0        1.0       -1.0       -8.0        1.0       -9.0       -9.0        1.0       -7.0      134.0        4.0        9.0       -3.0       -2.0        4.0       -3.0        5.0       10.0        8.0        1.0        5.0 =      136.0
      -8.0       -6.0        6.0        8.0      -10.0        8.0       -1.0       -3.0       -9.0        0.0       -5.0        3.0       -8.0       -7.0        3.0     -139.0       -4.0        4.0       -5.0       -8.0        5.0       -2.0       -9.0        4.0        3.0       -6.0 =    -1488.0
      10.0       -1.0        8.0        3.0       -1.0        9.0       -8.0        5.0        1.0       -2.0       -6.0        3.0        4.0        8.0       -6.0        6.0     -143.0        6.0       -3.0       -5.0       -1.0      -10.0       -9.0       -9.0        8.0       -9.0 =     -284.0
      -4.0       -3.0        3.0       -6.0       -9.0        5.0       -5.0       -7.0        6.0        4.0        1.0        0.0        9.0        5.0        3.0        8.0        7.0     -136.0       -6.0        8.0       -3.0      -10.0       -9.0        8.0       -3.0        0.0 =      938.0
      -3.0        8.0      -10.0        3.0       -1.0       -6.0       -6.0       -3.0        3.0       -4.0        9.0        0.0        5.0       -8.0        3.0       -3.0       -1.0      -10.0      123.0        9.0        0.0      -10.0       -5.0        3.0        5.0       -1.0 =     -900.0
       2.0        9.0        3.0       -5.0       -9.0       -2.0      -10.0        4.0        0.0       -8.0        3.0        9.0        5.0        8.0        6.0        5.0       -3.0        3.0        2.0     -135.0        0.0      -10.0        7.0       -8.0        4.0        3.0 =     -234.0
      -4.0        2.0       -7.0       -1.0       10.0        0.0       10.0        8.0        7.0        7.0       -4.0       10.0        2.0        8.0        8.0       -2.0        3.0       -3.0       -3.0        2.0     -124.0        2.0        4.0        3.0        4.0        6.0 =     -312.0
       0.0        2.0        0.0        0.0        3.0       -5.0        8.0       -3.0        7.0        9.0        3.0       -3.0       -1.0       -8.0       -9.0       -4.0       -2.0        6.0        4.0      -10.0        4.0      113.0        0.0        7.0       -5.0       -5.0 =      444.0
       2.0       -9.0       -2.0       -9.0       -4.0        0.0        0.0        3.0      -10.0        1.0        5.0       -5.0        9.0       -2.0        0.0        7.0       -7.0        5.0       -7.0       -6.0        8.0       -6.0     -128.0       -9.0        9.0        2.0 =     -612.0
       7.0       -8.0       -6.0        7.0        3.0       -3.0       -3.0       -3.0        5.0        8.0       -3.0        8.0       -8.0      -10.0        5.0       -4.0       -1.0       -2.0      -10.0        5.0       -2.0        6.0        0.0      136.0       -6.0       -4.0 =      936.0
      -2.0       -1.0       -7.0       -2.0       -8.0        1.0       -9.0        8.0        3.0        4.0       -1.0        0.0       -6.0      -10.0       -2.0        6.0       -1.0        2.0        4.0        2.0       -1.0       -4.0        0.0        3.0      -96.0        7.0 =      330.0
       9.0       -4.0        0.0       -4.0        9.0        9.0        7.0        4.0        8.0        3.0        9.0        7.0       -5.0       -8.0       -7.0       -4.0      -10.0       -1.0       -1.0        1.0       -3.0       -8.0        8.0       -4.0       -6.0     -143.0 =     -804.0

      10.0        4.0        1.0        2.0        7.0        5.0       -5.0        8.0       -6.0        6.0       -4.0        3.0        1.0       -3.0        1.0        8.0        2.0       -7.0       -9.0        2.0        6.0        4.0        4.0        8.0       -3.0        6.0
