26
    -138.0       -9.0        8.0       -4.0        3.0       -3.0       -3.0        0.0       10.0        7.0      -10.0       -9.0        8.0       -6.0        3.0        7.0        8.0        6.0       -6.0       -9.0        3.0       -4.0        4.0        0.0       -5.0       -2.0 =      423.0
       5.0      133.0        5.0        4.0       -1.0       -2.0        9.0       -2.0       -5.0        7.0       -6.0        6.0        3.0        7.0       -6.0       -5.0        4.0       -9.0       -1.0       -2.0        7.0        4.0       -7.0       -7.0       -8.0        5.0 =     -138.0
      -4.0       -5.0     -124.0       -2.0        6.0        6.0       -3.0       -9.0        1.0        3.0        2.0        2.0       -5.0       -9.0       -9.0       -3.0       -6.0       -8.0        0.0       -4.0       -6.0       -7.0        0.0       -9.0       -5.0        3.0 =    -1170.0
      -6.0       -5.0        3.0     -137.0       -1.0       -3.0        8.0        2.0        9.0        8.0        1.0        8.0        1.0        0.0       -9.0        3.0        5.0       -6.0       -8.0        7.0        4.0        0.0       -9.0      -10.0      -10.0        8.0 =     1233.0
      10.0        3.0        4.0        0.0      143.0        3.0       -6.0       -8.0       -5.0      -10.0       -5.0       -8.0       -8.0        8.0       -5.0        9.0       -1.0       -9.0        2.0       -5.0        9.0        7.0       -1.0        4.0        4.0        1.0 =      408.0
      -8.0       10.0       -6.0       -9.0        2.0      142.0      -10.0        7.0       -2.0       -2.0        7.0        0.0      -10.0       -7.0        2.0       -9.0       -8.0        2.0        4.0       -1.0       -3.0       -7.0        0.0        8.0        4.0       -5.0 =     -808.0
       9.0        5.0       -2.0        3.0        3.0        4.0      118.0        9.0       -1.0        3.0       -1.0        2.0       -5.0        9.0        4.0        0.0       -3.0       -8.0       -3.0       -2.0        9.0        4.0        8.0        4.0        7.0       -5.0 =     -513.0
      -2.0        5.0       -3.0       -1.0       -5.0        8.0        5.0     -121.0       -2.0        3.0       -3.0       -7.0       -8.0       -5.0       -2.0        8.0        6.0       10.0        4.0        0.0        2.0        7.0        2.0       -8.0       -9.0        3.0 =      113.0
      -6.0       -9.0        3.0        8.0        3.0        5.0       10.0        5.0     -138.0        6.0        9.0        5.0       -9.0       -4.0        2.0       -4.0       -4.0       -8.0       -5.0        6.0        4.0        4.0       -7.0        0.0        2.0       -3.0 =     1125.0
       8.0        9.0       -7.0        9.0        4.0        1.0        5.0       -3.0        1.0      139.0       -5.0        3.0       -9.0       -7.0        1.0        7.0       -6.0        0.0        0.0       -8.0       -5.0       -9.0       -7.0        8.0       -6.0        9.0 =      264.0
       1.0        8.0       -6.0       -7.0      -10.0       -9.0        9.0       10.0       -2.0        9.0      135.0       -3.0        3.0        3.0      -10.0        0.0       -1.0        6.0       -9.0        5.0       -4.0       -9.0       -1.0       -3.0       -3.0       -3.0 =     -872.0
       8.0       -9.0       -4.0        9.0       -1.0       -8.0       -1.0       -5.0        1.0       -3.0       -8.0      132.0        2.0        8.0       -6.0        1.0       -6.0        9.0        0.0       -9.0       -8.0       -4.0        2.0       -5.0       -5.0        9.0 =      594.0
      -6.0        3.0       -4.0        5.0       10.0       -8.0        9.0        3.0        8.0        5.0       -8.0       -8.0     -138.0        3.0       -9.0        0.0        2.0        0.0       -8.0       -4.0       -4.0       -6.0        5.0        5.0       -6.0       -1.0 =     1064.0
       1.0        3.0        2.0        7.0       -3.0       -1.0        3.0       -9.0       -7.0        7.0       -9.0        9.0        8.0     -131.0       -3.0       -7.0        3.0        3.0       -2.0       -3.0       -2.0       -7.0       -4.0        6.0        9.0       -4.0 =     1310.0
       9.0        6.0        0.0       -5.0        4.0       -9.0       -5.0        4.0       -7.0       -9.0        3.0       -4.0       -7.0        1.0     -135.0       10.0        5.0       -4.0       -2.0       -1.0        0.0        9.0       -6.0       -7.0        4.0        8.0 =     -414.0
       2.0        7.0       -8.0       -3.0        9.0       -6.0       -9.0       -1.0       -8.0       -2.0        3.0        6.0       -7.0        3.0        0.0      133.0        6.0        8.0        0.0       -6.0       -3.0       -5.0      -10.0        6.0        3.0       -8.0 =     -660.0
      -9.0        6.0       -4.0        1.0       -8.0        3.0       -2.0        2.0       -3.0        6.0        0.0        3.0       10.0        1.0       -9.0        7.0     -130.0       -2.0       -9.0       -1.0        5.0       -1.0       -7.0        9.0        7.0        7.0 =    -1180.0
       3.0        8.0      -10.0       -3.0        5.0       -1.0        8.0        1.0        5.0        0.0        0.0       -4.0       -3.0        6.0       -4.0        8.0       -6.0     -114.0        9.0        5.0        5.0       -6.0        6.0        0.0        1.0        6.0 =     -450.0
      -4.0       -4.0       -7.0        7.0        3.0       -4.0        5.0      -10.0       10.0       -8.0       -6.0       -7.0        4.0        1.0       -4.0       -8.0       -4.0        0.0      139.0       -7.0        2.0        3.0       -3.0        9.0       -2.0        8.0 =     -791.0
      -1.0        3.0       -8.0        1.0        2.0       -2.0       -1.0        7.0       -3.0       -8.0       -3.0       -3.0        4.0        6.0        0.0       -9.0       -8.0        5.0        0.0     -130.0       10.0        9.0       -8.0        5.0       10.0       10.0 =     -336.0
       0.0       -8.0       -4.0        4.0        0.0        4.0       -2.0        0.0       -3.0        7.0       -8.0      -10.0        8.0        6.0        5.0       -2.0       -1.0       -4.0        7.0       -5.0     -116.0        5.0       -9.0        0.0       -7.0       -1.0 =     -670.0
      -1.0      -10.0        3.0       -7.0       -3.0       -1.0       -5.0       -9.0       -7.0       -6.0        3.0        6.0        2.0      -10.0       -3.0      -10.0       -9.0       -4.0       -4.0        8.0       -3.0      148.0       -6.0        7.0       -2.0       10.0 =      174.0
      -3.0        8.0        9.0        6.0       -8.0        2.0        1.0       -8.0        7.0        5.0        8.0        3.0        1.0       -1.0       -8.0        4.0      -10.0       -2.0       -3.0        6.0        5.0       -1.0      129.0        4.0        9.0        0.0 =     1141.0
       6.0        1.0       -4.0        9.0        1.0       -4.0        3.0        0.0       -3.0       -2.0        1.0        6.0        8.0       -8.0        5.0        3.0        6.0       -5.0       -5.0       -4.0        3.0        2.0        5.0      114.0       -9.0        8.0 =      137.0
       0.0        4.0       -2.0        3.0        5.0       -8.0       -5.0       -4.0       -5.0        0.0        4.0        4.0       -2.0        9.0        6.0        0.0        9.0       10.0        8.0       -8.0       -3.0        4.0        0.0        8.0      116.0        3.0 =        0.0
       9.0       -2.0       -6.0       -1.0       -7.0       -2.0        4.0       -6.0        0.0        5.0        8.0       -8.0        1.0       -2.0        4.0        2.0       -6.0       10.0       10.0       -1.0       -3.0       -9.0        4.0      -10.0        4.0     -130.0 =        0.0

      -3.0       -1.0        6.0       -9.0        3.0       -8.0       -3.0       -1.0       -9.0        2.0       -8.0        6.0       -7.0      -10.0        3.0       -6.0       10.0        6.0       -7.0        3.0        5.0        2.0        7.0        1.0        0.0        0.0
