26
    -148.0        6.0       -2.0        1.0        7.0        9.0        9.0        4.0        4.0       -8.0        3.0        6.0        5.0        8.0       10.0       -9.0       -9.0       -2.0       -3.0        2.0        8.0       -1.0        2.0        9.0       -8.0        9.0 =      352.0
      -8.0      128.0       -9.0        2.0       -7.0        6.0       -6.0       -3.0        6.0       10.0       -6.0        2.0       -4.0        8.0       -3.0       -7.0       -2.0        5.0        3.0        2.0        2.0       -6.0        0.0       -8.0        0.0        9.0 =      912.0
      -6.0       10.0     -136.0        3.0        1.0        8.0      -10.0        0.0        0.0       -4.0       -8.0       -7.0        0.0       -9.0       -9.0       -2.0      -10.0       -5.0        8.0        6.0       -4.0        2.0        7.0        4.0        9.0        4.0 =    -1332.0
      -1.0       -6.0        2.0     -143.0       -8.0       -4.0       -6.0       10.0       -2.0        5.0        9.0       -6.0       -1.0       -8.0        4.0        8.0       -4.0       -6.0       -8.0        3.0        9.0        6.0        1.0        9.0       -3.0       -8.0 =     -148.0
      -1.0        6.0        3.0       -5.0      120.0        5.0       -9.0       10.0       -4.0        0.0        9.0        8.0       -6.0        8.0       -3.0       -1.0        7.0       -6.0        3.0        2.0        3.0        3.0        2.0       -4.0       -1.0       -1.0 =     -296.0
       0.0       -1.0        3.0        6.0      -10.0     -152.0        6.0       -3.0        8.0        7.0        7.0      -10.0       -6.0       -6.0        9.0        1.0        8.0        4.0        6.0        3.0        5.0       10.0       -9.0        8.0       -7.0       -9.0 =     1098.0
       4.0      -10.0        4.0       -5.0       -9.0        2.0      132.0        7.0        6.0        3.0       -7.0        1.0        2.0       -9.0        1.0       -3.0       -6.0       -4.0       -3.0      -10.0        1.0       -3.0       10.0        5.0       -6.0        3.0 =      424.0
      -1.0       -5.0       10.0        4.0        7.0        6.0        7.0     -140.0        2.0        2.0        5.0        0.0       -8.0        8.0       10.0       -5.0        9.0        4.0       -8.0       -7.0       -5.0        0.0       -5.0       -2.0        4.0       -9.0 =     -234.0
       5.0        2.0        3.0       -9.0        0.0        3.0        6.0       -1.0     -112.0        1.0       -1.0       -9.0        3.0        4.0        2.0        2.0       -4.0        4.0       -2.0        8.0       -3.0        3.0        8.0       -4.0       -8.0       -8.0 =      856.0
      -4.0        0.0        9.0        4.0        9.0       -6.0       -4.0        6.0      -10.0      145.0       -9.0       -8.0        7.0       -4.0       -2.0        5.0       -4.0       -6.0       -9.0        2.0       -8.0       -6.0        3.0       -5.0        1.0        7.0 =      565.0
       4.0       -6.0        3.0        7.0        8.0       -2.0        1.0        4.0        2.0       -4.0     -107.0       -2.0       -8.0        3.0        2.0        0.0       -6.0        1.0        5.0       -8.0       -9.0       -5.0        2.0       -5.0       -2.0       -7.0 =     1290.0
      -3.0        6.0       -5.0       -2.0       -6.0       -5.0       -8.0       -2.0        0.0       -7.0        2.0     -127.0        8.0       -4.0       -5.0       -9.0       10.0        6.0       -3.0        0.0       -3.0       -6.0       -9.0        6.0       -8.0       -2.0 =      352.0
       2.0       -7.0        8.0       -4.0       -5.0       -4.0       -9.0       -7.0       -8.0       -5.0        6.0        6.0     -150.0        6.0       -2.0       -9.0       -2.0        3.0        6.0        5.0      -10.0       -3.0       -9.0       -9.0        2.0        7.0 =    -1920.0
       8.0       -5.0        3.0        0.0       -5.0        6.0       -7.0        0.0       10.0       -2.0        6.0       -1.0       -1.0       94.0       -3.0       -2.0        5.0        1.0        0.0        6.0       -1.0        1.0       -4.0        2.0        3.0        7.0 =      968.0
       1.0        1.0        7.0        5.0        9.0        0.0       -3.0        9.0       -1.0        2.0        9.0        7.0        8.0        3.0      109.0        6.0       -1.0        5.0       -3.0       -5.0       -4.0        8.0        2.0       -4.0        2.0       -1.0 =     1026.0
       4.0       -4.0        5.0        6.0       -4.0        1.0      -10.0       -6.0       -1.0       -9.0       -7.0        4.0       -4.0       -8.0        5.0      148.0       -5.0        9.0        9.0       -1.0       -9.0       -1.0        2.0       10.0        7.0       -9.0 =     -660.0
       0.0        2.0       -2.0        4.0       -3.0       -3.0       -3.0        2.0        1.0        1.0       -2.0       -2.0       -2.0        1.0       -2.0        9.0     -104.0      -10.0      -10.0       -9.0        4.0        6.0        7.0       -4.0       -1.0       10.0 =     -880.0
       9.0       -2.0        4.0        9.0       -1.0       -4.0        8.0        8.0        2.0        0.0       -2.0        7.0        6.0        7.0       -3.0       -7.0        5.0     -136.0      -10.0        7.0        2.0        7.0       -6.0        0.0       -5.0        5.0 =      180.0
      -5.0        4.0       -1.0       -3.0        0.0        8.0       -8.0       -2.0       -3.0        4.0        9.0        7.0       -1.0       -7.0        2.0       -5.0       -5.0        9.0      130.0       10.0       -4.0        8.0       -7.0        1.0        9.0        5.0 =     -465.0
      10.0       -2.0        7.0       -4.0       -6.0        3.0        2.0        1.0       -8.0        3.0        2.0        2.0       -6.0       -3.0        4.0        7.0        1.0       -6.0        5.0      120.0        9.0        3.0       -2.0       -4.0        5.0        6.0 =     1043.0
       7.0        0.0       -3.0       -7.0      -10.0       -5.0       -7.0       -4.0       -8.0        1.0       -4.0       -1.0        7.0        2.0        8.0        0.0        1.0       -3.0       -5.0       -3.0      112.0       -8.0        2.0       -4.0       -4.0       -5.0 =      354.0
       8.0        3.0       10.0       -8.0        0.0       -9.0       -2.0        9.0        3.0        8.0        8.0       -8.0       -4.0       -1.0       -9.0       10.0       -6.0       -6.0        4.0        4.0       -3.0      139.0       -1.0        0.0       -4.0       -4.0 =     1269.0
      -6.0       -9.0        7.0        5.0       -5.0       -3.0        9.0       -7.0       -8.0       -9.0       10.0       -5.0        6.0        2.0       -4.0       -9.0       -1.0        6.0        5.0        7.0       -4.0       -8.0     -152.0       -6.0        1.0       -9.0 =     1683.0
       6.0        8.0       -8.0        9.0        4.0        4.0       -1.0        8.0        4.0       -9.0        6.0       -7.0       -5.0       -6.0       -5.0        2.0       -1.0        2.0        3.0       -4.0       -2.0       -1.0        1.0      123.0       -8.0        5.0 =     -512.0
       7.0       -7.0       -4.0       -5.0        1.0        6.0      -10.0        4.0       -4.0       -9.0        7.0        1.0       -2.0       -9.0        5.0        1.0       -8.0        9.0        6.0       -5.0       -8.0        3.0       -9.0        5.0     -151.0       -7.0 =     -549.0
      -2.0       10.0       -9.0        2.0        5.0        4.0       -1.0       -1.0       -2.0        1.0       -4.0        9.0        9.0       -3.0        8.0        3.0        8.0       -4.0       -1.0       -5.0       -8.0        5.0       -5.0        1.0        1.0     -115.0 =      846.0

      -4.0        8.0        9.0        1.0       -2.0       -9.0        4.0        2.0       -8.0        5.0      -10.0       -2.0       10.0        8.0        6.0       -5.0        8.0       -2.0       -3.0        7.0        6.0        9.0       -9.0       -4.0        3.0       -9.0
