28
     125.0       -6.0       -3.0       -2.0        6.0       -8.0       -9.0       -3.0      -10.0        3.0       -2.0        7.0        2.0       -8.0        9.0        2.0       -9.0       -9.0        2.0        1.0        5.0       -2.0        3.0        2.0        2.0        1.0       -3.0       -1.0 =      855.0
       0.0     -159.0       -7.0       10.0        9.0       10.0       -1.0        0.0       -1.0      -10.0      -10.0       -5.0      -10.0       -5.0       -9.0        1.0        5.0        5.0        3.0       -4.0       -7.0        7.0       -8.0       -4.0       -9.0        3.0        5.0       -6.0 =    -1182.0
       0.0       10.0     -144.0       -5.0        1.0        9.0        3.0       -7.0       -4.0        7.0        8.0        5.0       -7.0       -4.0        2.0       -1.0       -7.0       -1.0       -6.0       -6.0        3.0        8.0       10.0       -7.0        8.0        6.0        2.0       -7.0 =     1240.0
      -9.0       -4.0        8.0      164.0        9.0       -6.0       -9.0       -4.0        6.0        1.0       -7.0        3.0        3.0        8.0       -2.0       -1.0       -4.0       -9.0        7.0        3.0       -9.0       -4.0        6.0       -9.0        3.0       -4.0       -9.0       -7.0 =      620.0
       3.0       -4.0       -8.0       -6.0     -126.0        0.0        1.0        6.0        1.0       -1.0        7.0        1.0       -7.0        7.0        9.0        4.0       -3.0        7.0        3.0       -1.0        6.0        2.0        1.0        7.0        4.0        3.0        5.0       -9.0 =     -264.0
       9.0       -7.0       -8.0        6.0       -4.0      162.0      -10.0       -1.0        0.0        7.0       -7.0        6.0       -3.0       -5.0      -10.0        0.0        5.0        0.0      -10.0       -6.0        8.0        0.0       10.0      -10.0        3.0        7.0        5.0       -9.0 =     -966.0
       5.0       -2.0        5.0        9.0       -3.0        2.0     -125.0       -4.0        1.0       -2.0       -2.0       -3.0        9.0       -9.0       -2.0        4.0       -8.0        7.0        4.0        1.0       -7.0        1.0        4.0       -9.0       -1.0       -3.0       -6.0        5.0 =      387.0
       1.0        9.0       -8.0        3.0        2.0        9.0       -6.0      153.0       -6.0       -1.0        2.0        6.0        0.0       -8.0       -5.0       -9.0       -1.0       -2.0       -9.0       -9.0        2.0        1.0      -10.0      -10.0        2.0        7.0       10.0        8.0 =     1048.0
       7.0        2.0       -2.0        1.0       -4.0       -9.0        3.0       -5.0     -147.0        4.0        9.0        7.0       -3.0       -7.0       -3.0        5.0       -5.0       -6.0        0.0       -1.0       -9.0       -9.0       -2.0       -8.0        9.0        7.0       10.0        8.0 =     -740.0
       1.0       -8.0        1.0       -3.0        8.0        8.0       -9.0       -8.0       -2.0      138.0        5.0        9.0        4.0        0.0       -2.0       -6.0        2.0        7.0        9.0       -4.0        1.0        5.0        4.0       10.0        2.0       -5.0       -7.0       -1.0 =     -318.0
       7.0       -8.0        6.0       -8.0       -9.0       -9.0        7.0       -2.0        8.0       -6.0     -184.0        7.0       -9.0       -7.0        0.0       -8.0       -9.0        8.0       -7.0        7.0        4.0        0.0        8.0       10.0       -4.0        1.0        8.0        8.0 =    -1267.0
     -10.0       10.0       -1.0        9.0       -4.0        8.0      -10.0       -4.0       -9.0       -8.0        8.0     -150.0       -8.0        9.0        6.0       -2.0        1.0        4.0        0.0        7.0        1.0        4.0       -6.0        2.0       -2.0       -6.0        0.0       -6.0 =     -628.0
       0.0        5.0       -5.0        6.0      -10.0       -7.0        2.0        6.0        2.0       -8.0      -10.0       -8.0     -156.0       10.0        7.0      -10.0       10.0       -9.0       -3.0        9.0       -4.0       -2.0       -3.0        9.0        3.0        1.0       -6.0        1.0 =    -1190.0
      -3.0      -10.0        3.0       -7.0        8.0       -1.0        0.0        0.0        2.0       -4.0        1.0        1.0        7.0     -104.0        1.0        2.0        3.0       -1.0        7.0        9.0       -3.0       -4.0        0.0       -3.0        9.0       -1.0       -8.0       -2.0 =      784.0
       6.0       -5.0        4.0       -6.0       -3.0        8.0        6.0        5.0       -5.0       -2.0        1.0        3.0       -6.0        8.0     -127.0        4.0       -6.0        6.0       -7.0        3.0       -2.0        9.0       -5.0        3.0        1.0        7.0        0.0        0.0 =     -600.0
       7.0        8.0       -3.0       -1.0       -6.0       -2.0       -3.0       -1.0       -5.0       -5.0        5.0      -10.0       -2.0        8.0      -10.0      152.0        7.0       -2.0       -6.0      -10.0        4.0        4.0        5.0      -10.0       -6.0       -3.0       -4.0       -9.0 =      816.0
     -10.0       -5.0       -1.0       -3.0       -1.0       -6.0        5.0        1.0        3.0        0.0        7.0        3.0       -9.0        7.0       -6.0        5.0      132.0        8.0        8.0        7.0       -9.0       -3.0        6.0        0.0        0.0       -1.0       -9.0        7.0 =      680.0
       1.0        1.0       -4.0        8.0       -7.0        0.0        1.0       -9.0       -5.0        0.0       -7.0        9.0        6.0        8.0      -10.0       10.0        6.0     -153.0       -7.0        5.0       -2.0       -3.0       -9.0       10.0        9.0       -8.0        0.0        7.0 =      715.0
       0.0        0.0       -2.0        3.0        0.0       -4.0        3.0        9.0       -1.0       -7.0        6.0       -5.0       -2.0       -7.0       -8.0        2.0       -8.0        3.0     -115.0       -2.0        8.0       -7.0        0.0        6.0        8.0       -6.0        4.0        1.0 =     1089.0
      -8.0       10.0       -3.0        0.0       -1.0        2.0        4.0        7.0       -6.0        1.0        8.0        9.0        3.0        8.0       -3.0       -6.0      -10.0       -8.0       -2.0      134.0       -6.0        0.0       -4.0        4.0        2.0        4.0       10.0        1.0 =     1500.0
      -4.0       -5.0        4.0       -4.0       -3.0       -9.0        3.0        4.0       -6.0        7.0        4.0        0.0       -3.0        3.0        6.0        2.0        0.0       -2.0       -4.0       -2.0     -119.0        8.0        6.0       -2.0       -7.0        2.0       -1.0       10.0 =      560.0
      -3.0        8.0        7.0        0.0        9.0        4.0       -9.0       -3.0       10.0       -9.0       -3.0       -7.0        4.0        2.0        1.0        4.0        9.0       -3.0       -9.0       -1.0        9.0     -155.0        3.0        7.0       -9.0        7.0        5.0       -5.0 =     -508.0
       9.0        0.0       -1.0       -3.0       -7.0       -3.0        2.0       -8.0        9.0       -1.0       -1.0        4.0        0.0        7.0        4.0        2.0        3.0        4.0        1.0       -7.0        7.0        3.0      113.0        2.0        1.0        8.0        5.0       10.0 =      815.0
       5.0       -3.0        9.0       -6.0       -6.0        2.0        6.0        1.0       -1.0       -8.0       -6.0        8.0        9.0       -4.0       -5.0        7.0       -4.0       -4.0       -7.0        4.0       -4.0       -8.0        2.0     -139.0       -3.0        5.0        5.0        7.0 =      414.0
       5.0       -5.0        1.0       -5.0        5.0       -4.0        3.0        4.0        7.0       -1.0       -8.0       -5.0        7.0       -9.0        7.0        2.0        5.0       -5.0        1.0       -5.0       -7.0       -2.0        7.0        9.0      142.0        1.0        5.0       -9.0 =     1022.0
       3.0       -1.0        9.0       -6.0       -1.0        9.0        3.0        3.0       10.0        3.0        4.0        0.0       10.0        7.0        7.0        1.0        7.0       -7.0        9.0        5.0        8.0       -2.0       -1.0       -2.0        1.0      124.0       -1.0        0.0 =     -202.0
      -3.0       -6.0       -1.0       -1.0        1.0        8.0        1.0       -5.0        6.0        8.0       -4.0        3.0       -6.0       -7.0        2.0       -8.0        7.0        5.0       -1.0        6.0        3.0        7.0        7.0        8.0       -9.0        4.0      133.0        0.0 =      474.0
       3.0       -4.0        6.0       -3.0       -9.0        8.0        6.0        1.0       -6.0       -6.0        5.0       -5.0       -8.0        6.0        2.0        0.0       -1.0        7.0        2.0        1.0        0.0        7.0        5.0       -5.0       -9.0       -4.0        8.0     -129.0 =     -976.0

       9.0        6.0      -10.0        5.0        3.0       -7.0       -3.0        8.0        5.0       -2.0        7.0        4.0        7.0       -8.0        6.0        8.0        5.0       -5.0       -9.0       10.0       -5.0        4.0        5.0       -3.0        7.0       -1.0        3.0        8.0
