28
     154.0       -5.0        5.0       -1.0       10.0       -6.0       -5.0       -3.0       -6.0        3.0        8.0       -7.0       -6.0        7.0        4.0        6.0        4.0       -6.0        6.0       -4.0       -9.0       -2.0        0.0       -8.0       -9.0       -9.0       -7.0        7.0 =     -726.0
       0.0      110.0      -10.0        4.0        7.0        4.0       -3.0       -1.0        2.0       -2.0       -6.0       -4.0       -1.0        5.0       -7.0        3.0        1.0        2.0      -10.0       -1.0       -6.0        3.0        0.0       -1.0       -7.0       -2.0        9.0        1.0 =      360.0
       3.0        4.0      170.0       10.0       -6.0        9.0       -9.0        5.0       -8.0       -8.0        9.0       -7.0        1.0       -1.0        9.0        8.0       -8.0        8.0       -8.0       10.0       -9.0        6.0        1.0        2.0       -8.0        0.0        4.0       -5.0 =     1638.0
       1.0        1.0       -4.0      131.0        8.0       -1.0       -3.0       -5.0       -8.0       -2.0        3.0       -2.0       -8.0        0.0      -10.0       -7.0       -3.0       -4.0       -1.0       -4.0        8.0       -8.0       -1.0        9.0       -7.0        3.0       -6.0       -7.0 =      292.0
       8.0        2.0        1.0        0.0     -136.0       -4.0      -10.0        2.0        4.0       -8.0        5.0        9.0        0.0        6.0       -8.0       -1.0        0.0        3.0       -8.0       -6.0      -10.0       -7.0        6.0       -4.0       -7.0        1.0        8.0       -2.0 =      936.0
       7.0       -5.0        3.0       -4.0       -1.0      131.0        2.0        2.0        3.0        8.0        6.0        9.0        9.0        2.0       -3.0        4.0        2.0       -9.0        0.0       10.0        9.0        5.0       -8.0        1.0        3.0        2.0        4.0        5.0 =     -591.0
      -3.0       -9.0        5.0       -4.0       -4.0        5.0      137.0        6.0        5.0        3.0       -5.0       -9.0       -1.0       -2.0        1.0        8.0        3.0       -2.0       -9.0       -4.0        7.0        7.0        6.0        7.0        0.0       -4.0        9.0       -3.0 =      150.0
      -6.0        4.0        8.0        8.0       -6.0        7.0        6.0     -180.0        9.0        7.0        3.0        6.0       -9.0        8.0        7.0       -5.0       -9.0       -3.0       -1.0        6.0        6.0       -5.0       -7.0       10.0        3.0        7.0       -7.0        9.0 =     -744.0
      -8.0       -2.0       -3.0       -6.0       -3.0        8.0        9.0       -3.0     -134.0        2.0        1.0        4.0       -7.0        3.0        8.0        1.0        8.0       -7.0        5.0        7.0       10.0       -2.0       -9.0       -3.0       -2.0       -3.0        6.0       -4.0 =      496.0
      -8.0        8.0       -3.0        8.0        5.0       -9.0       -3.0       -7.0       -2.0     -151.0       -7.0       -8.0       -3.0       -5.0       -7.0       -7.0       -3.0       -4.0        5.0        1.0        5.0        4.0        5.0        8.0      -10.0       -2.0        4.0        7.0 =    -1253.0
       2.0        0.0       -3.0        9.0        8.0       -4.0        7.0       -3.0        8.0        0.0      122.0        2.0       -2.0        0.0       -1.0       -9.0       -1.0        7.0        6.0        8.0       -6.0       -1.0       -1.0        0.0       -7.0       -9.0       -3.0       -9.0 =      600.0
      -9.0        8.0       -4.0        2.0        2.0       -1.0       -2.0       -5.0        9.0       -3.0        2.0      120.0        2.0       -2.0        8.0       -2.0        1.0        9.0        2.0       -7.0       -4.0       -3.0        3.0        9.0        5.0        2.0       -6.0       -6.0 =     1300.0
       9.0       -4.0        5.0        3.0        2.0        0.0        8.0        0.0        4.0       -8.0       -9.0        8.0      144.0        7.0      -10.0        4.0        8.0       -3.0       -9.0       -6.0        0.0        5.0       -6.0        2.0        4.0        7.0        3.0        5.0 =    -1557.0
       2.0       -1.0       -8.0       -2.0        3.0        6.0       -2.0       -5.0        8.0       -4.0        0.0        0.0        4.0     -133.0        5.0        5.0       -6.0       -5.0       -7.0        9.0       10.0        2.0        9.0       -9.0        4.0        1.0       -4.0       -6.0 =        0.0
       9.0        9.0       10.0        5.0        4.0       -2.0       -7.0        0.0      -10.0       -2.0       -6.0       -5.0       -1.0       -1.0      159.0       10.0       -5.0        1.0        9.0       -4.0       -6.0       -8.0       10.0       -8.0        6.0        9.0       -6.0        1.0 =    -1368.0
      -8.0        3.0       -8.0        7.0       -4.0        7.0        0.0        3.0       -9.0        8.0       -4.0        5.0       -4.0       -3.0        0.0     -140.0        8.0        7.0       -9.0       10.0        5.0       -1.0        1.0        0.0       -5.0       -7.0       -1.0        3.0 =     1224.0
       1.0        0.0       -2.0        4.0       -7.0       -1.0        2.0        9.0       -3.0        2.0        7.0       -7.0        6.0       -1.0        0.0       -8.0     -130.0        0.0        5.0       10.0        5.0       -9.0        9.0        2.0       -5.0       -8.0       -5.0        6.0 =      944.0
       9.0        7.0       -2.0        0.0        2.0        5.0       -3.0        2.0        8.0        0.0       -2.0        4.0        0.0       -7.0       -2.0       -2.0       -6.0     -145.0      -10.0       -9.0       -7.0       -7.0       -1.0      -10.0      -10.0        6.0       10.0       -5.0 =      875.0
       9.0       -8.0      -10.0        0.0        0.0      -10.0       -5.0       -2.0       -1.0        1.0       -5.0        6.0        3.0        0.0        1.0       -5.0       -5.0       -9.0     -119.0       -9.0       -3.0        1.0        2.0       -5.0       -1.0        3.0       -5.0        7.0 =    -1183.0
      -4.0        3.0        5.0        1.0       -6.0       10.0        0.0        4.0        4.0        2.0        2.0       -1.0        5.0       -3.0       -8.0       -4.0        9.0        4.0       -8.0     -126.0       -9.0      -10.0       -1.0        4.0        7.0       -3.0       -1.0       -2.0 =      504.0
       0.0        9.0       -7.0       -1.0        1.0        7.0        8.0        4.0        0.0       10.0        8.0        8.0        7.0        1.0       -8.0        3.0       -1.0        1.0        6.0       -1.0     -131.0        6.0       -9.0        0.0       -5.0       -5.0        3.0       -6.0 =      184.0
       4.0        9.0        9.0        3.0        2.0        9.0        5.0       -5.0        0.0        5.0      -10.0        7.0       -3.0       -9.0        7.0       -3.0        8.0        0.0        5.0       -3.0       -5.0     -139.0        1.0        4.0       -3.0       -9.0        3.0       -1.0 =     -981.0
       6.0       -8.0        0.0        6.0       -6.0       -7.0       -4.0        9.0       -2.0       -6.0       -4.0       -3.0        5.0      -10.0       -6.0       -6.0       -4.0        6.0       -5.0       -3.0        3.0       -5.0     -136.0       -1.0        8.0        1.0        2.0        2.0 =    -1176.0
       4.0       -1.0       -7.0       -4.0        7.0        6.0       -7.0       -4.0        7.0       -6.0       -8.0        8.0        6.0        9.0       -6.0       -6.0        0.0       -2.0       -1.0       -5.0        9.0        8.0        5.0      148.0        1.0        6.0        8.0       -6.0 =    -1014.0
       7.0       -2.0       -3.0        3.0        5.0       -5.0      -10.0       -5.0       -2.0        1.0       -7.0       -6.0       -4.0       -8.0        5.0       -5.0        1.0        4.0        7.0        8.0       -1.0        0.0       -8.0       -9.0     -125.0       -3.0       -3.0        1.0 =      820.0
       3.0        9.0       -9.0        2.0       -2.0       -2.0       -6.0        7.0        1.0        3.0       -4.0       -6.0        5.0       10.0       -1.0       -2.0       -4.0       -6.0        3.0        4.0        3.0        0.0       10.0        9.0        0.0     -134.0        8.0       -8.0 =     -428.0
      -1.0        5.0        0.0        1.0       -9.0        7.0        4.0        8.0        1.0       -8.0        3.0       -2.0        3.0      -10.0       -5.0        6.0        6.0        8.0        8.0       -2.0       -7.0        4.0       -4.0       -2.0        5.0        3.0      130.0       -4.0 =    -1184.0
       2.0       -5.0       -7.0        2.0        5.0       -5.0        7.0        8.0       10.0       -4.0        8.0       10.0        6.0        2.0        7.0        1.0        7.0        3.0       10.0        1.0       -9.0        7.0        3.0        2.0       -8.0       -4.0        0.0      147.0 =      412.0

      -6.0        4.0        9.0        4.0       -6.0       -3.0        1.0        6.0       -4.0        7.0        5.0       10.0       -9.0        0.0       -8.0       -9.0       -8.0       -5.0        7.0       -4.0       -2.0        9.0        7.0       -6.0       -5.0        4.0       -8.0        2.0
