28
    -133.0       -1.0       -1.0       -1.0       -7.0       10.0       -7.0       -1.0        9.0       -5.0       -6.0        5.0        1.0       -4.0        5.0       -6.0       -6.0       -2.0       10.0       -5.0        7.0        3.0        7.0      -10.0        0.0        2.0        7.0       -5.0 =     1072.0
       4.0      128.0       -2.0       -1.0      -10.0        8.0       -2.0       -2.0       -3.0       -8.0       -1.0       -4.0        5.0        5.0        4.0       -5.0        4.0        7.0        6.0       -5.0        9.0        4.0        9.0        1.0       -9.0        4.0       -1.0       -4.0 =    -1269.0
       6.0       -8.0     -163.0        2.0        7.0        6.0        6.0       -5.0        4.0       -7.0        9.0       -7.0        4.0       -8.0        2.0       -6.0        6.0       -7.0        8.0       -3.0       -6.0        6.0       -5.0        4.0        7.0       -7.0        2.0       -8.0 =     -483.0
       7.0       -7.0        9.0     -154.0       -4.0        1.0       -9.0       -2.0      -10.0       -5.0       -3.0       -3.0       -5.0        9.0       -3.0       -8.0        7.0       -4.0        6.0      -10.0        1.0        0.0       -7.0       -4.0        9.0        6.0       -8.0       -2.0 =     -965.0
       1.0        3.0       -5.0       -7.0      120.0        9.0        1.0        7.0        0.0        3.0       -9.0       -2.0       -4.0        7.0       -1.0        9.0        4.0       -1.0       -6.0       -4.0       -7.0        1.0        3.0       -1.0       -8.0       -9.0        1.0       -4.0 =     -202.0
       7.0       -6.0       10.0       -8.0       -6.0      140.0       -6.0        5.0        1.0       -8.0       -8.0       -1.0       -6.0       -5.0      -10.0       -4.0        4.0        0.0       -1.0        2.0       -8.0        6.0        2.0        6.0        7.0        1.0        1.0        5.0 =     -240.0
      -3.0       -9.0        1.0        1.0       -1.0        3.0     -145.0       10.0        3.0       -6.0        1.0       -3.0      -10.0       -5.0        7.0       -9.0        8.0        4.0        8.0       -8.0       -3.0        2.0        5.0        6.0       -9.0        1.0        7.0        6.0 =    -1242.0
       1.0       -4.0        4.0       -6.0        8.0        9.0       -2.0      149.0        8.0        9.0        5.0        7.0        7.0        3.0        8.0       -5.0       -6.0        8.0        4.0       -5.0       -9.0       -6.0        5.0       -1.0       -4.0        2.0       -2.0        7.0 =      970.0
       1.0       -5.0        8.0        9.0        8.0        2.0       -4.0       -5.0      148.0       -6.0       -4.0       -6.0        1.0       -6.0       -8.0        8.0        0.0        0.0        9.0        3.0       -7.0       -8.0        9.0       -7.0        8.0       -5.0        6.0        0.0 =    -1043.0
      -3.0        2.0        7.0       -5.0      -10.0       10.0       -3.0        9.0        8.0     -151.0       -9.0       -8.0       -4.0        1.0        2.0        8.0       -9.0       -4.0       -3.0        0.0       -5.0        9.0        3.0        8.0        7.0       -8.0       -4.0        1.0 =        0.0
      -5.0        4.0        4.0       10.0        0.0        4.0        5.0        1.0       10.0        4.0     -125.0       -2.0       -8.0       -7.0       -3.0        2.0       -4.0       -8.0       -7.0        2.0        0.0        1.0        9.0       -3.0      -10.0        1.0        0.0       -6.0 =     -917.0
      -8.0       -5.0       -9.0       -8.0        9.0        0.0        0.0       -8.0        6.0        8.0        8.0     -163.0       -1.0        2.0        8.0       -9.0        8.0       -1.0       -2.0        3.0        9.0       -6.0      -10.0        2.0        5.0        3.0       -9.0       -8.0 =     1232.0
      -2.0        6.0       -9.0       -4.0       -4.0       -1.0       -6.0       -1.0        2.0       -6.0       -1.0      -10.0      147.0        8.0        4.0        2.0        6.0       -7.0       -4.0      -10.0       -8.0        3.0        7.0        9.0        8.0        8.0        7.0        0.0 =     1152.0
       3.0       -6.0       -8.0        0.0       -3.0       10.0       -5.0       -9.0        1.0        6.0       -4.0       -1.0       -2.0      128.0        5.0       -2.0       -5.0       -1.0        7.0       -2.0        6.0       -3.0        6.0       10.0       -5.0       -6.0        7.0       -2.0 =      875.0
       7.0        6.0       -6.0        6.0       -1.0       -3.0        7.0       -7.0        7.0        4.0        0.0        5.0       -6.0       -9.0      145.0        8.0        5.0       -6.0        6.0        6.0       -4.0       -7.0       -8.0        5.0       -4.0        2.0        6.0       -3.0 =    -1610.0
       1.0        6.0        0.0       -6.0       -3.0       -4.0        1.0       -6.0       -1.0       -8.0       -8.0        2.0       -7.0       -9.0        8.0      136.0        7.0       -7.0        9.0        9.0       -5.0        9.0        1.0        0.0        8.0        0.0        0.0       -2.0 =      786.0
      -2.0        2.0       -2.0        1.0      -10.0       -7.0        1.0       -3.0       -8.0        3.0       -4.0        8.0       -1.0        8.0       -2.0        1.0     -131.0        4.0        8.0       -4.0      -10.0       -4.0        7.0        1.0        3.0        6.0       -2.0      -10.0 =      882.0
      -5.0        0.0        4.0        6.0        1.0        3.0       -7.0       -3.0       -6.0        6.0       -3.0        4.0        7.0        0.0       -8.0        8.0       -3.0     -139.0       -8.0       -3.0       -7.0        8.0       -7.0        7.0       -3.0       -7.0        5.0       -1.0 =      604.0
       0.0       -1.0        9.0        7.0       -4.0        1.0       -2.0        4.0        8.0       -4.0       -7.0       -9.0        3.0      -10.0       -1.0       -9.0       -2.0       -8.0     -116.0        1.0        3.0       -3.0        0.0        0.0        1.0        4.0       -2.0        7.0 =     -910.0
       4.0        6.0       -5.0       -7.0       10.0        9.0        2.0        7.0        2.0       10.0       -1.0        1.0       -6.0        4.0        1.0       -4.0       -6.0       -6.0       -3.0     -153.0       -9.0        9.0       -7.0       -2.0       -6.0       -5.0        7.0        7.0 =     -423.0
       1.0        5.0        8.0       -8.0        2.0        9.0       -9.0        6.0        9.0       -4.0       10.0        3.0        5.0        5.0       -3.0        0.0        5.0        0.0        6.0       -4.0      140.0        8.0        8.0        1.0        2.0        1.0       10.0        6.0 =    -1332.0
     -10.0        9.0       -6.0        1.0       -2.0       -3.0       -6.0       -9.0        2.0        1.0        7.0       -3.0      -10.0       -8.0      -10.0        4.0       -5.0        1.0        4.0        3.0       -2.0     -146.0       -5.0       -9.0        6.0       -5.0       -7.0       -2.0 =    -1260.0
       0.0        3.0        6.0       -9.0       -5.0       -4.0        4.0        7.0        2.0       -3.0        3.0        2.0       -9.0        2.0        4.0       -9.0        1.0        7.0        6.0       -4.0        7.0       -2.0     -118.0       -2.0        1.0        0.0        0.0        6.0 =      104.0
       3.0       -5.0       -3.0        1.0        8.0        4.0        5.0       -5.0        1.0        1.0        3.0        7.0        1.0        6.0       -1.0       -6.0       -5.0        4.0       -1.0        3.0        0.0        8.0       10.0     -118.0        6.0       -9.0       -1.0       -8.0 =      910.0
       0.0      -10.0        3.0        4.0       -9.0        9.0       -4.0       -9.0      -10.0        6.0       -8.0        2.0      -10.0        2.0        4.0       -6.0       -6.0       -2.0        8.0       -2.0        8.0       -5.0        1.0        7.0      150.0        1.0        0.0        8.0 =      924.0
      -8.0        3.0        1.0       -3.0        5.0       -3.0        1.0        0.0        0.0       -6.0        3.0       -8.0       -3.0       -6.0        8.0       -8.0       -1.0        8.0       -4.0        2.0       -7.0        9.0       -3.0       -9.0       -8.0     -126.0       -5.0        3.0 =     -660.0
       8.0       -4.0       -8.0        1.0       -7.0       -1.0       -2.0       -1.0       -9.0       -4.0       10.0      -10.0        9.0       -5.0       -4.0        2.0       -5.0       -5.0        5.0       -4.0        1.0        4.0        8.0        4.0        5.0        9.0     -138.0        2.0 =    -1112.0
       0.0        7.0        7.0      -10.0       -9.0       -5.0        1.0        6.0       -3.0        5.0       -2.0        3.0       -9.0        7.0        2.0        7.0        3.0        0.0        7.0        3.0        6.0       -4.0       -6.0       -6.0        0.0        6.0        8.0     -133.0 =      218.0

      -8.0       -9.0        3.0        5.0       -2.0       -2.0        9.0        5.0       -7.0        0.0        7.0       -7.0        8.0        7.0      -10.0        6.0       -6.0       -4.0        7.0        3.0       -6.0        6.0       -1.0      -10.0        7.0        4.0        8.0       -2.0
