28
     155.0        1.0       -6.0        0.0       -2.0       -8.0       -6.0        6.0       -6.0       -4.0       -9.0       -5.0       -8.0        3.0       10.0        9.0        3.0        5.0        1.0        9.0       -8.0       -6.0        5.0       -5.0       -2.0        8.0       -2.0       10.0 =      740.0
       8.0     -129.0        5.0        2.0       -3.0        3.0        5.0        0.0       -8.0       -4.0        2.0       -5.0       -1.0        3.0       -9.0       -5.0        9.0        9.0       -2.0        1.0        2.0       -2.0        7.0        8.0        6.0        6.0        0.0       -6.0 =      588.0
      -4.0        4.0     -161.0       -1.0       -4.0        5.0       -8.0       -9.0        3.0        2.0      -10.0       10.0        1.0        6.0        4.0       -3.0       -7.0       -2.0       10.0       10.0      -10.0        6.0        5.0        7.0        7.0        9.0       -5.0        4.0 =        0.0
       6.0       -5.0       -5.0      112.0       -2.0        9.0        2.0       -2.0        2.0        6.0       -6.0       -7.0       -3.0        3.0        2.0       10.0        3.0       -4.0       -2.0        3.0        0.0       -1.0       -3.0        9.0        3.0        1.0        9.0        1.0 =    -1410.0
       0.0       -4.0        6.0        8.0     -147.0       -8.0        1.0        6.0        8.0       -7.0        6.0       -9.0        3.0       -7.0       -5.0        5.0       -9.0       -2.0        1.0       -8.0       -6.0       10.0        1.0       -7.0        3.0       -1.0       -8.0       -4.0 =     -522.0
       7.0       -9.0        6.0        9.0       -6.0     -160.0       -5.0        9.0       -8.0        0.0        0.0       -4.0       -3.0       -2.0       -9.0       -6.0      -10.0        2.0       -4.0       -9.0       -9.0        4.0       -1.0       -6.0      -10.0       -1.0       -8.0        5.0 =     1824.0
       8.0       -8.0       -8.0        4.0        4.0        7.0     -149.0       -8.0        0.0       -7.0       -2.0       -5.0        8.0       -1.0       -4.0        9.0        1.0        5.0        0.0        7.0        4.0       -6.0       -2.0        4.0       -8.0        9.0      -10.0       -1.0 =    -1192.0
      -8.0       -3.0       -5.0        3.0        9.0       10.0        6.0      143.0        5.0       -1.0        6.0       -7.0       -3.0       -7.0        8.0        4.0       -3.0       -1.0        7.0        0.0        7.0       -4.0       -6.0       -2.0       -5.0       -6.0        5.0        3.0 =    -1240.0
      -1.0        6.0       -9.0        0.0        3.0       -9.0       -8.0        0.0      155.0        4.0       -9.0        5.0       -1.0      -10.0       -7.0        6.0        5.0        8.0        0.0       -9.0        4.0        6.0        7.0       -9.0       -9.0        1.0       -4.0        6.0 =    -1179.0
      -9.0        7.0       -4.0        1.0       -4.0        9.0       -7.0       -8.0       -4.0      120.0        1.0       -1.0        6.0        3.0        4.0        0.0       -4.0       -1.0       -8.0        3.0       -5.0       -3.0        6.0        1.0       -6.0        1.0        3.0       -2.0 =      396.0
      -7.0       -8.0        2.0        1.0       -8.0        9.0        1.0       -4.0       -1.0        4.0      123.0       -6.0       -4.0       -4.0        4.0        4.0       -7.0        2.0       -6.0       -1.0       -5.0        7.0        2.0        4.0        1.0        4.0       -1.0       -6.0 =      100.0
       7.0        7.0        3.0        9.0        0.0       -7.0       -7.0        4.0       -2.0       -3.0       -4.0     -151.0       -1.0        8.0       -5.0        9.0        7.0       -9.0       -7.0       -7.0        5.0       -4.0       -4.0        4.0        4.0        3.0        7.0        5.0 =      129.0
       9.0        2.0        8.0        2.0       -4.0        6.0       -3.0       -4.0        3.0       -3.0        5.0        3.0      115.0        1.0        4.0        0.0        3.0        4.0       -6.0        6.0        3.0        1.0        5.0       -2.0        5.0       -2.0        8.0       -7.0 =      162.0
      -4.0        9.0        4.0       -1.0       -9.0        0.0        9.0        2.0       -7.0       -9.0      -10.0       -5.0        8.0      181.0       -6.0        3.0       -7.0        3.0        9.0       -8.0       -7.0      -10.0       -9.0        1.0        7.0        8.0       -9.0       -9.0 =     -804.0
       5.0       -5.0       -7.0        7.0       -1.0       -6.0       -9.0       -5.0        7.0        2.0       -7.0       -6.0        7.0       -8.0      165.0       -4.0       -9.0       -6.0      -10.0      -10.0       -5.0       -9.0       -2.0        4.0        0.0        3.0       -9.0       -2.0 =      640.0
      -9.0        7.0        7.0        7.0        7.0       -4.0       -9.0       -2.0       -4.0       -6.0        2.0        9.0        2.0        4.0        7.0     -127.0        3.0        2.0       -3.0       -2.0       -1.0        1.0       -8.0        7.0       -7.0        3.0        0.0        0.0 =     -456.0
      -2.0      -10.0       -7.0        7.0       -7.0       -7.0       -9.0        1.0        4.0       -4.0        7.0        8.0        8.0        9.0       -7.0        5.0     -165.0       -7.0       -8.0        9.0        2.0        5.0        9.0        4.0        2.0        3.0        4.0       -1.0 =      588.0
       9.0       -6.0        0.0       -5.0        2.0       -9.0       -6.0        6.0        3.0        6.0       -8.0      -10.0        8.0       -5.0       -7.0       -6.0        4.0      157.0        0.0       -6.0       -7.0       -7.0        6.0       10.0        0.0      -10.0       -1.0       -5.0 =        0.0
       7.0        0.0       -2.0       -1.0       -3.0       -9.0        2.0        3.0        3.0        1.0       -4.0       -8.0       10.0        4.0       -5.0       -8.0        3.0        8.0     -138.0       -8.0        9.0       -4.0        7.0       -2.0       -4.0        7.0       -3.0       -5.0 =     -420.0
       1.0       -7.0      -10.0        2.0      -10.0       -9.0       -6.0       -7.0        1.0       -4.0       -8.0       -4.0        8.0       -3.0        3.0        7.0      -10.0       -1.0       -8.0     -157.0       -2.0        8.0       -4.0        7.0        6.0       -6.0       -5.0        1.0 =     -651.0
       6.0       -2.0        9.0       -5.0       -8.0        5.0        8.0       -6.0       -5.0      -10.0       -6.0       -2.0        5.0        7.0        3.0        1.0       10.0      -10.0       -7.0       -3.0     -156.0       -6.0       -2.0        5.0        1.0        5.0        5.0      -10.0 =     1176.0
      -8.0        6.0       -1.0        2.0      -10.0        3.0        3.0        4.0       -8.0        7.0       -5.0        0.0        2.0        1.0       -6.0       -2.0       -8.0        6.0        9.0        1.0       -3.0     -125.0        5.0       -6.0       -1.0       -6.0       -2.0        3.0 =     -695.0
      -4.0       -5.0        4.0       -6.0       -5.0       -6.0        3.0       -8.0        3.0        3.0       -3.0      -10.0        7.0       -1.0       -6.0       -1.0        7.0       -8.0        1.0        5.0        7.0       -2.0      142.0       -2.0        9.0        9.0       -9.0        7.0 =      131.0
       5.0        0.0        0.0       -2.0        1.0       -6.0       -1.0       -5.0        1.0        0.0        4.0        6.0       -6.0        1.0       -5.0        5.0       -7.0       -7.0       -4.0       -5.0       -1.0        2.0       -4.0       95.0        6.0       -1.0       -2.0        3.0 =     -584.0
       5.0        9.0      -10.0       -2.0       -1.0       -3.0        3.0       -9.0       -2.0        8.0        6.0        7.0        2.0        9.0       -1.0        7.0        7.0        2.0        5.0        0.0       -9.0        1.0        9.0        6.0      143.0       -8.0        5.0       -4.0 =    -1110.0
       7.0        6.0       -8.0       -6.0       -5.0        7.0        6.0       -5.0       -8.0       -1.0        8.0       -5.0       -9.0        2.0       -6.0       -9.0        7.0       -7.0        3.0       -6.0       -7.0       -6.0       10.0       -1.0       -3.0     -161.0        1.0      -10.0 =     1854.0
      -8.0        6.0        2.0        6.0        8.0        8.0        1.0        3.0        1.0        7.0        2.0       -9.0       -8.0        7.0        5.0       -3.0       -9.0       -6.0       -6.0        8.0        8.0       -7.0       -4.0       -5.0       -9.0        7.0     -163.0      -10.0 =    -1176.0
       3.0        1.0        3.0        1.0       -6.0        3.0        5.0        3.0       -9.0        6.0        8.0       10.0        9.0       -7.0       -8.0        2.0        8.0       -1.0        2.0       -4.0        4.0        8.0       -8.0       -7.0       -8.0       -4.0       -7.0      155.0 =    -1296.0

       5.0       -6.0        0.0      -10.0        3.0       -8.0        8.0       -8.0       -9.0        4.0        1.0       -1.0        1.0       -6.0        8.0        4.0       -4.0        0.0        3.0        3.0       -7.0        5.0        1.0       -8.0       -6.0       -9.0        7.0       -8.0
