28
    -180.0       10.0        9.0        7.0       -4.0        3.0       -8.0        9.0       -9.0        8.0        5.0      -10.0       -7.0       -4.0        7.0       -5.0       -4.0        7.0       -1.0        5.0       -5.0       -6.0        7.0        1.0       -9.0       -2.0       10.0        9.0 =      157.0
      -5.0      160.0       -8.0       -5.0        0.0       -5.0        2.0       -2.0      -10.0        4.0       -6.0        7.0       -7.0        8.0       -6.0        4.0       -3.0       -4.0       10.0        2.0        7.0       -1.0       10.0       -9.0        7.0       -5.0       -7.0        8.0 =      292.0
       1.0       -1.0      131.0        0.0       -2.0       -9.0       -5.0       -3.0       -4.0      -10.0       -8.0      -10.0       -3.0       -1.0        0.0        1.0        0.0        7.0      -10.0        8.0        6.0        6.0        9.0       -7.0       -2.0        4.0       -7.0        5.0 =     -384.0
      -2.0        7.0        7.0     -152.0        1.0       -4.0       -2.0       -6.0        2.0        6.0       -3.0       -5.0       -9.0       -9.0       -7.0        7.0        5.0       -5.0       -8.0       -4.0        9.0        1.0       -9.0        6.0       -9.0       -4.0       -1.0       -5.0 =     1737.0
       9.0        0.0        4.0        3.0     -149.0        9.0        1.0       -5.0       -6.0        4.0        4.0       -9.0        9.0        0.0        9.0       -9.0        8.0       -4.0        3.0        4.0       -8.0       -5.0        9.0       -1.0        3.0       -8.0       -2.0        4.0 =      738.0
       4.0        4.0       10.0       -4.0       10.0      140.0        1.0       10.0        4.0       -8.0       -8.0        5.0        4.0        1.0        0.0        9.0       -3.0        2.0        2.0        9.0        1.0       -5.0        9.0        5.0        2.0       -1.0       -8.0       -8.0 =     1122.0
       9.0        8.0        9.0       -7.0        1.0        0.0      141.0        6.0        5.0       -4.0        0.0        5.0        0.0        8.0       -1.0        4.0        2.0        4.0        9.0       -5.0       -4.0       -9.0        8.0        3.0       -1.0       -2.0      -10.0       -8.0 =     1197.0
       6.0        7.0       -6.0       -7.0        0.0       10.0       -1.0      128.0       -2.0       -4.0       -1.0        6.0        3.0        8.0       -9.0      -10.0        6.0        0.0       -2.0       -3.0        2.0        2.0        3.0       -7.0        2.0        9.0        1.0        7.0 =    -1332.0
      -1.0       10.0       -9.0        1.0        9.0       -6.0        3.0        3.0     -154.0       -1.0       10.0        2.0        5.0        8.0       -9.0       -4.0       -9.0        8.0       -3.0        2.0       -9.0       10.0        6.0        7.0       -4.0        0.0        3.0        3.0 =     -238.0
       5.0       -5.0       -3.0        6.0        0.0       -4.0       -9.0       -2.0       -5.0      144.0        2.0       10.0       -8.0        5.0        5.0        2.0        9.0       -6.0        2.0       -5.0      -10.0       -3.0       -8.0        9.0       -6.0        6.0       -4.0       -1.0 =     -252.0
      -8.0       -8.0       -4.0        0.0       -4.0        9.0        7.0       -7.0        1.0       -6.0     -160.0        9.0       -2.0       -3.0       -7.0       -5.0        9.0       -8.0       -4.0        2.0        6.0       -7.0        0.0        3.0        5.0        8.0        9.0       -9.0 =     1740.0
      -4.0       -8.0        0.0       -8.0       -5.0       -9.0       -2.0        0.0        7.0        1.0       -8.0      127.0        8.0        1.0        6.0       -7.0       -9.0        0.0       -2.0       -4.0       -2.0        3.0        9.0        4.0        1.0        5.0       -4.0        8.0 =     -540.0
      -2.0       -3.0        5.0        3.0       -9.0        9.0        2.0        5.0       -1.0       -4.0        9.0       -6.0      131.0        9.0       -9.0        9.0        0.0        2.0       -4.0        2.0        1.0       -4.0       -3.0        4.0        6.0        5.0       -2.0        8.0 =     -815.0
       2.0       -1.0       -9.0       -1.0       -6.0       -9.0       -8.0        0.0       -4.0        3.0       -9.0        2.0        7.0      141.0        8.0        2.0        4.0       -5.0        7.0       -2.0        7.0        1.0       -4.0        2.0        4.0        9.0       10.0        9.0 =      640.0
       3.0       -8.0        4.0       -4.0        2.0        6.0        5.0       -2.0       -1.0       -1.0        3.0       -1.0       -8.0        5.0     -124.0        2.0        2.0       -7.0       -7.0        3.0        8.0        0.0       -2.0       10.0        9.0        5.0        9.0        2.0 =     -174.0
       5.0        8.0       -3.0       -7.0       -1.0       -4.0        6.0       -3.0       -9.0        2.0       -1.0       -7.0        3.0       -7.0        2.0      139.0       -8.0        0.0       -6.0        4.0       -8.0       -4.0       10.0        6.0        5.0        1.0        7.0        9.0 =     -556.0
      10.0       -7.0        8.0       -6.0        6.0       -7.0        0.0        3.0       -2.0       -5.0       -3.0        6.0       -9.0       -4.0        1.0        7.0     -140.0        3.0       -3.0        4.0       -8.0       -4.0       -6.0        9.0       -8.0       -3.0        4.0       -3.0 =      314.0
      -5.0        5.0       -2.0        8.0        6.0        5.0        4.0       -6.0        0.0        9.0       10.0        7.0       -4.0       10.0       -5.0        7.0       -1.0     -141.0       -7.0       -1.0       -8.0        6.0        3.0        0.0       -2.0        8.0        0.0        5.0 =      356.0
      -9.0        8.0       -4.0        3.0        2.0       -5.0        9.0        0.0        5.0       -4.0        0.0       -7.0       -9.0        5.0        5.0       -9.0        5.0       -6.0     -151.0        4.0        5.0       -5.0        0.0       10.0       -5.0       -6.0        8.0       -5.0 =        0.0
       9.0       -8.0       -5.0       -1.0        8.0        2.0        4.0       -4.0       10.0       -8.0       -5.0        8.0        4.0       -6.0       -8.0        8.0        4.0        9.0        8.0      165.0       -6.0       -6.0       -5.0       -9.0        3.0       -1.0       -8.0       -7.0 =    -1395.0
       3.0        4.0       -3.0       -9.0        4.0        0.0        0.0        9.0        2.0      -10.0       -3.0        3.0       -3.0       -4.0       -2.0        7.0        5.0        4.0        2.0        1.0     -109.0        8.0        2.0       -1.0       -4.0        1.0       -7.0        4.0 =     -672.0
      -8.0        9.0        8.0       -3.0       -6.0       -9.0        9.0       -5.0        0.0       -1.0       -7.0        3.0        6.0        4.0       -2.0        2.0        5.0       -1.0       -3.0        2.0       -6.0     -133.0       -5.0       -5.0      -10.0        4.0       -9.0       -1.0 =    -1458.0
      10.0       -8.0        5.0       -7.0       -8.0        2.0       -5.0        2.0        1.0        6.0        1.0        4.0        0.0       -3.0       -6.0       -1.0        6.0        5.0       -3.0       -9.0       -4.0       -8.0     -133.0       -6.0       -8.0        9.0       -3.0       -1.0 =      162.0
      -9.0       -1.0       10.0        9.0       -1.0        9.0        7.0        5.0       -3.0        0.0       -4.0       -7.0       -6.0       -4.0       -9.0        8.0       -9.0        7.0       -6.0        4.0       -1.0        4.0       -1.0     -159.0       -7.0        5.0       -9.0        5.0 =     1630.0
       6.0       -9.0       -1.0       -1.0        2.0       -2.0        0.0        6.0      -10.0       -1.0        1.0       -9.0       -8.0        0.0        6.0       -2.0        6.0       -3.0       -7.0       -8.0        6.0       -7.0        5.0       -8.0     -130.0        0.0        5.0        5.0 =     -158.0
     -10.0      -10.0       -8.0       -4.0        2.0       -4.0        6.0        9.0        5.0       -4.0        7.0       -4.0       -7.0       -6.0        8.0       -1.0       -3.0        0.0        4.0       -1.0        8.0        0.0        9.0       -7.0        6.0     -154.0        8.0       -3.0 =     1078.0
      -6.0       -1.0        3.0       -7.0       -5.0        3.0       -5.0       -1.0       -1.0       -4.0       -7.0        1.0       -3.0       -1.0       -9.0       -5.0       -1.0        6.0       -2.0       -1.0        1.0       -9.0        7.0       -8.0        5.0        6.0      117.0        3.0 =     -608.0
       5.0       -1.0       -5.0       -9.0        7.0        9.0        6.0       -5.0      -10.0        9.0       -4.0        5.0        8.0        6.0       -4.0        9.0        1.0        9.0       -6.0        3.0       -7.0        8.0        3.0       -8.0        3.0       -2.0        0.0      160.0 =     1710.0

      -1.0        2.0       -4.0       -9.0       -6.0        6.0        7.0       -9.0        2.0       -2.0      -10.0       -5.0       -5.0        4.0        2.0       -4.0       -2.0       -4.0        0.0       -9.0        7.0        9.0       -1.0      -10.0        1.0       -7.0       -8.0        9.0
