30
    -146.0       -2.0        5.0        2.0       -6.0       -1.0        7.0       -8.0        4.0       -7.0        3.0        4.0       -1.0        0.0       -7.0        3.0       -4.0       -7.0       -2.0        9.0        8.0        8.0        7.0        5.0      -10.0        2.0        2.0        4.0        9.0       -5.0 =    -1240.0
      -9.0     -151.0       -1.0       -5.0        2.0        8.0        6.0        6.0        2.0       -8.0       -9.0        6.0       -2.0        4.0        8.0       -8.0        0.0       -1.0       -7.0       -5.0        6.0        0.0       -3.0       10.0        1.0        2.0        5.0       10.0        8.0       -8.0 =     -532.0
      -9.0       -9.0     -159.0        9.0       -9.0       -7.0       -6.0       -2.0       -8.0        5.0        3.0        1.0        8.0        5.0        9.0        0.0       -1.0        9.0        1.0        6.0       -5.0       -6.0        1.0       -7.0       -6.0       -6.0       -1.0        8.0       -7.0       -4.0 =    -1870.0
      -9.0        1.0        5.0      135.0        4.0        4.0        2.0        3.0        4.0       -6.0        0.0       -3.0       -4.0        4.0        9.0        5.0        2.0       -7.0        4.0       -9.0       -2.0       -6.0       -9.0        4.0        4.0       -3.0       -1.0       -9.0       -2.0        7.0 =     -635.0
       1.0       -5.0        9.0        5.0      169.0       -6.0        6.0       -9.0       -9.0        1.0        9.0        3.0        5.0        8.0        8.0        5.0       -5.0      -10.0        1.0        7.0        5.0       -5.0       -1.0        9.0        2.0        5.0       -9.0       -9.0        1.0       -3.0 =      564.0
      -9.0      -10.0        3.0       -1.0        0.0     -129.0       -2.0        5.0        7.0        7.0        6.0        3.0        7.0       -3.0        7.0       -2.0        4.0        1.0       -6.0       -6.0       -2.0       -3.0        4.0       -1.0        6.0        5.0       -4.0       -2.0       -9.0        0.0 =     -744.0
       4.0        7.0       -2.0        5.0       -5.0        4.0     -142.0       10.0        1.0        8.0        7.0       -4.0        2.0        1.0       -4.0       -7.0       -2.0       -4.0        0.0        7.0        7.0        6.0        4.0       -6.0       -5.0        9.0       -5.0        7.0        6.0        0.0 =     -637.0
      -8.0       -4.0        7.0       -2.0       -1.0       -9.0        9.0      173.0        6.0        3.0        6.0        6.0       -1.0        5.0       -4.0        8.0       -6.0       -7.0        6.0       -4.0       -1.0      -10.0       -6.0       10.0        7.0       10.0       -2.0       -9.0        6.0        7.0 =     1755.0
      -5.0        8.0        8.0        3.0        1.0       -3.0       -6.0        0.0     -139.0        3.0       -1.0       -2.0       -7.0       -1.0       -6.0       -3.0       -7.0       -8.0       -7.0       -1.0       -7.0       -6.0        4.0        1.0       -2.0        6.0       -7.0      -10.0       -5.0        5.0 =    -1164.0
       8.0        6.0        4.0       -3.0        7.0      -10.0        1.0       -5.0        5.0      161.0        5.0        0.0        7.0       -6.0        1.0       -6.0       -7.0       -7.0        8.0        3.0       -6.0        2.0       -2.0        8.0       10.0        2.0       -9.0       -9.0        6.0       -6.0 =    -1344.0
      -6.0        6.0        9.0       -8.0        8.0        0.0       -3.0        9.0       -7.0        8.0      168.0       -2.0       -2.0       -4.0       -1.0      -10.0        8.0       -8.0       -7.0        9.0       -6.0       -1.0        5.0      -10.0        1.0        8.0       -6.0       -4.0       -6.0        5.0 =      153.0
      10.0      -10.0        4.0       -7.0        6.0        4.0        8.0       -2.0       -6.0       -3.0       -2.0      179.0       -7.0       -2.0       -8.0       10.0       -6.0        5.0       10.0        6.0        6.0       -6.0       -3.0       -4.0       -8.0        6.0        4.0        5.0        9.0       -4.0 =     -582.0
      -4.0        4.0        3.0       -8.0      -10.0       -8.0        6.0        1.0        9.0        8.0       -5.0        7.0     -167.0        5.0        3.0        7.0       -9.0       -5.0       -3.0        9.0       -5.0        2.0        8.0       -6.0       -2.0       -1.0        0.0       -6.0        5.0       -8.0 =     -680.0
      -8.0        0.0       -2.0        5.0        2.0        4.0       -7.0       -4.0        6.0        6.0       -3.0        7.0        5.0      160.0       -4.0       -7.0       -8.0       -7.0       -8.0       -2.0        0.0        7.0        7.0        3.0       -8.0        5.0       10.0       -9.0       -3.0       -9.0 =     -138.0
      -4.0       -8.0       -1.0        5.0      -10.0       -6.0       -3.0       -7.0        6.0       -2.0       -9.0       -3.0       -8.0       -7.0      166.0       -4.0       -3.0       -9.0        0.0        0.0       -8.0       -6.0       -4.0        6.0       -8.0       -7.0       10.0        2.0        0.0       10.0 =     -792.0
      -3.0       -5.0        5.0       -2.0       -2.0       -3.0       -4.0        8.0        3.0        9.0       -9.0        4.0       -1.0        1.0       -1.0     -126.0        4.0       -7.0       -1.0       -4.0        7.0       -4.0       -8.0       -2.0        8.0        0.0        8.0       -6.0       -2.0       -4.0 =     -137.0
      -5.0       -2.0       -1.0       -9.0       -6.0       -9.0        2.0       -4.0        0.0       -5.0       -4.0       -8.0       -4.0        9.0        6.0        2.0     -146.0        8.0       -3.0       -4.0       -9.0       -9.0       10.0        6.0       -1.0        5.0        0.0        3.0       -9.0        2.0 =      185.0
       1.0       -3.0       -2.0       -4.0       -7.0        9.0       -6.0       10.0        8.0        6.0        2.0      -10.0        0.0        7.0       -7.0        3.0        2.0      161.0        3.0        9.0       -8.0       -5.0        2.0       -4.0       -5.0        4.0       -4.0       -8.0       -6.0        7.0 =     -465.0
       6.0       -8.0       -7.0        1.0      -10.0       -9.0        3.0       -9.0        1.0        9.0        0.0        3.0       -5.0        4.0        9.0        3.0       -6.0       -8.0      149.0        2.0        0.0       -5.0        6.0        5.0        2.0       -4.0       -6.0       -8.0       -8.0        0.0 =     -660.0
      10.0        3.0        1.0       10.0        0.0       -3.0       -4.0       -5.0       -4.0        7.0        0.0       -7.0        8.0       -1.0        7.0       -9.0       -4.0       -1.0       -8.0     -154.0        2.0       -4.0        8.0        6.0       -4.0       -3.0       -7.0       -9.0        3.0        7.0 =     -465.0
      -7.0        3.0       -6.0        8.0      -10.0       -5.0       -4.0        8.0        9.0        8.0       -9.0        7.0        5.0       -8.0       -3.0        6.0        9.0        4.0        2.0       -4.0     -173.0        3.0        8.0       -6.0        7.0        3.0        7.0        7.0        1.0       -2.0 =      924.0
       7.0        1.0       -5.0        7.0       -5.0       -3.0       -6.0       -5.0       -2.0        8.0       -2.0       -8.0        1.0        3.0       -6.0        7.0        9.0        4.0       -6.0       -8.0       -8.0     -177.0       -4.0        4.0       -6.0        8.0        8.0       10.0       -7.0       -9.0 =     1330.0
      -7.0        8.0       -1.0        7.0        3.0       -1.0       10.0        7.0      -10.0       -8.0        0.0        8.0        4.0       -7.0       -7.0       -9.0        1.0       -5.0       -6.0       -9.0       -7.0       -2.0     -162.0        1.0       -9.0       -6.0       -5.0        6.0        2.0       -4.0 =     -416.0
      -2.0       -8.0        9.0        1.0        7.0       -3.0       -9.0        8.0       -6.0       -9.0        3.0       -3.0       -7.0        6.0       -2.0        7.0       -5.0       -2.0        6.0        8.0        5.0        4.0       -9.0      170.0        6.0       -2.0        6.0      -10.0        4.0       -7.0 =      996.0
      -6.0       -1.0       -1.0       -4.0        8.0        1.0       -8.0        3.0       -3.0        1.0       -4.0        5.0        9.0       -7.0        7.0        3.0        7.0        4.0        8.0       -3.0        6.0       10.0       -5.0        4.0     -157.0       -6.0        6.0        7.0        9.0       -2.0 =      872.0
      -6.0       -8.0        7.0        5.0        8.0       -8.0       -6.0       -6.0       -6.0        6.0       -8.0        7.0       -3.0        5.0       -1.0       -7.0        6.0       -8.0        3.0        4.0        9.0       -4.0        2.0        5.0       -6.0     -178.0       -1.0        9.0        9.0       -9.0 =      720.0
      -1.0       -3.0       -5.0        9.0       -1.0       -3.0        5.0       -4.0        7.0        0.0       -6.0        7.0        4.0        3.0        0.0        3.0       10.0       -7.0        4.0       -3.0       -6.0       -9.0      -10.0        8.0       -8.0        7.0      157.0        2.0       -7.0       -9.0 =     -720.0
       1.0        6.0        3.0       -5.0        2.0       -3.0       -9.0        5.0       -5.0       -7.0       10.0        7.0        0.0        8.0       -8.0       -8.0        3.0       -5.0       -5.0        2.0        3.0        0.0        0.0        7.0        2.0       -4.0       -3.0     -133.0       -7.0        1.0 =     -852.0
       1.0        4.0        9.0       -7.0       -5.0        3.0        4.0       -4.0       10.0       -7.0        6.0       -3.0       -4.0       -8.0        9.0        8.0        9.0       -3.0        8.0       -2.0        8.0       -4.0       10.0        6.0       -5.0       -8.0        1.0       -9.0     -177.0       -7.0 =    -1099.0
       2.0        9.0        7.0        0.0        9.0        3.0        2.0        5.0        3.0        3.0       -1.0        0.0       -5.0       -1.0       -3.0       -1.0       -8.0        0.0       -3.0       -8.0        0.0        6.0       -5.0        5.0        2.0       10.0       -1.0        9.0       -4.0      123.0 =      632.0

      10.0        4.0       10.0       -5.0        3.0        6.0        7.0        9.0        6.0       -8.0        1.0       -3.0        4.0       -1.0       -9.0        1.0       -1.0       -3.0       -6.0        3.0       -7.0       -7.0        2.0        6.0       -8.0       -4.0       -5.0        6.0        7.0        4.0
