30
     165.0       -4.0        3.0        1.0       -7.0       -7.0       -3.0       -8.0       -6.0        7.0       -4.0       -2.0        9.0       -3.0       -7.0       10.0      -10.0       -2.0        4.0       -6.0        7.0       10.0       -9.0        3.0        9.0       -5.0       -3.0       -2.0      -10.0       -1.0 =      516.0
       1.0      150.0        5.0        7.0        5.0        2.0        3.0       10.0        8.0       -8.0       -6.0       -7.0        3.0        0.0       -5.0        2.0        6.0        1.0      -10.0      -10.0        3.0       -6.0       -7.0       -9.0        5.0        1.0       -9.0        0.0        1.0       -7.0 =      903.0
       6.0       -3.0     -152.0       -7.0        9.0       -3.0        6.0       -5.0        7.0       -7.0        3.0        5.0        3.0        8.0        0.0        5.0       -3.0        2.0        4.0        1.0        7.0        6.0       -4.0        2.0       -9.0       -7.0       -4.0       -8.0        5.0       -9.0 =     -710.0
       6.0        2.0       -5.0     -150.0        7.0       -2.0       -8.0       -6.0       -8.0        0.0        9.0       -8.0       -6.0        6.0        1.0        9.0      -10.0        3.0        2.0        9.0        6.0        4.0       -5.0       -4.0        1.0       -3.0        0.0        5.0       -9.0       -3.0 =     1099.0
       3.0        2.0       -2.0        0.0     -165.0       -8.0        3.0        1.0       -7.0       -3.0       -9.0       -4.0        8.0       10.0       -9.0       -3.0        0.0       -4.0       -7.0        5.0        6.0        3.0        9.0       -5.0        8.0        7.0       -7.0       -8.0        9.0       -7.0 =     -522.0
      -8.0       -5.0        2.0       -5.0       -1.0      124.0        6.0        4.0        9.0       -1.0        7.0        0.0       -7.0        5.0        4.0       -3.0        5.0        2.0        6.0        5.0       -5.0       -3.0        3.0       -6.0       -1.0        3.0       -5.0        5.0        1.0       -1.0 =      700.0
       0.0        1.0       -9.0        0.0       -9.0        0.0      154.0       -8.0        1.0        5.0        1.0        9.0        5.0       -6.0        5.0       -2.0       -8.0        0.0        4.0       -3.0        9.0       -2.0        6.0      -10.0       -9.0       -9.0       -9.0        8.0        1.0        8.0 =     -931.0
      -2.0        6.0        3.0       -6.0        0.0        7.0       -1.0     -160.0       -8.0       -1.0        6.0        5.0        9.0        7.0        2.0        6.0        0.0       -9.0        9.0       -6.0       -4.0      -10.0        3.0       -2.0        6.0       -3.0       -4.0       -7.0      -10.0        8.0 =     1248.0
      -8.0       -5.0        2.0        1.0        2.0        8.0       -9.0        6.0     -152.0        0.0        6.0       -4.0       -4.0       -8.0       -7.0        6.0       -8.0       -7.0        8.0       -6.0        2.0        3.0       -6.0      -10.0       -5.0        2.0       -1.0        1.0       -5.0        5.0 =      193.0
      -9.0        5.0        2.0        2.0        7.0       -3.0       -7.0        9.0        8.0      167.0        1.0      -10.0       -3.0       -2.0        9.0       10.0       -9.0       -6.0        8.0        3.0        9.0        7.0       -5.0       -4.0        5.0       -9.0        5.0        1.0       -1.0        5.0 =     -390.0
       6.0        0.0        3.0       -1.0        6.0       -1.0        8.0       10.0       -4.0       -2.0      131.0       -9.0       -6.0        0.0       -5.0        1.0       -2.0       -2.0      -10.0        2.0        2.0       -1.0        2.0       -2.0        2.0       -9.0        6.0       -4.0       -9.0       -9.0 =      618.0
       4.0      -10.0        6.0        5.0       -9.0        3.0        3.0        5.0        2.0       -6.0       -1.0      126.0       -4.0        0.0       -4.0        0.0       -6.0        1.0        3.0        3.0        3.0        5.0       -5.0        2.0       -5.0       -1.0       -8.0       -4.0        7.0        9.0 =     -248.0
      -3.0       -2.0       -4.0        1.0        4.0        1.0       -7.0       -3.0        6.0       -4.0       -7.0        8.0      134.0       -4.0        1.0        6.0       -1.0        4.0        9.0       -3.0        0.0      -10.0       -2.0        9.0       -3.0        1.0        7.0        7.0      -10.0       -3.0 =      792.0
      -7.0        0.0        4.0        3.0        1.0        8.0       -5.0       -7.0       -4.0       -2.0        7.0       -7.0       -5.0     -142.0        1.0        8.0        4.0        8.0        6.0        9.0        0.0        1.0        4.0       -2.0       -5.0       -3.0        4.0        9.0       -8.0       -1.0 =     -847.0
      -4.0       -1.0       -7.0        6.0       -3.0       -4.0        8.0       -3.0       -4.0        4.0       -2.0        0.0       -1.0       -6.0     -124.0       -4.0        6.0        0.0       -4.0        3.0        0.0       -8.0       -1.0       -7.0       -5.0        3.0       -2.0        8.0        7.0        5.0 =      140.0
      -5.0        8.0        9.0        3.0        6.0        0.0       -1.0        8.0       -8.0        3.0        4.0       -7.0        3.0       -7.0        4.0      140.0        5.0       -2.0        4.0       -8.0        4.0        1.0       -6.0        8.0       -8.0        3.0       -1.0       -3.0       -4.0       -1.0 =      456.0
       2.0       -9.0        3.0        6.0        8.0        4.0        0.0        7.0       -6.0        0.0       -1.0       -2.0        4.0       -4.0       -8.0        6.0      145.0       -6.0       -9.0        1.0        1.0        7.0        4.0        4.0        1.0        6.0       -9.0       -5.0       -7.0       -9.0 =     -938.0
       1.0        7.0       -2.0       -7.0        0.0        4.0        6.0        6.0        1.0       -9.0        5.0        3.0        5.0        3.0        0.0       -4.0        5.0      134.0        0.0        7.0       -7.0        3.0        5.0       -7.0       -9.0        1.0        6.0        6.0        5.0        7.0 =    -1400.0
      -1.0       -7.0       -4.0        1.0        6.0       -3.0        9.0       -4.0        7.0        1.0       10.0        8.0        4.0       -3.0        3.0        3.0       -8.0        1.0      128.0        2.0        4.0       -7.0        4.0        2.0       -1.0       -1.0       -3.0        3.0       -6.0        7.0 =     1240.0
      -8.0        8.0       10.0       -2.0       -8.0       -7.0       -8.0       -9.0        8.0       -1.0        9.0        3.0       -5.0       -1.0       -5.0        5.0        7.0        1.0        9.0     -178.0        7.0        6.0        4.0       -9.0        9.0        7.0       -3.0        8.0       -5.0       -6.0 =     -462.0
      -8.0       -1.0        2.0        6.0        4.0       -9.0       -4.0       -2.0        7.0        0.0        9.0        6.0       -3.0       -1.0       -6.0        0.0       -7.0       -5.0        7.0        1.0      145.0       -8.0       -4.0      -10.0        8.0       -3.0       -3.0        9.0        7.0        2.0 =     -417.0
       8.0        6.0        9.0       -5.0        4.0        5.0        2.0        7.0        5.0       -8.0        0.0        6.0       -2.0       -5.0        8.0       -3.0        0.0       -4.0      -10.0      -10.0        5.0      165.0        9.0        4.0        5.0        8.0        8.0        3.0        5.0       -4.0 =     -663.0
      -6.0        0.0       -3.0        9.0        9.0       -4.0       -9.0       -9.0       -2.0       -7.0       -8.0        5.0       -8.0       -5.0       -8.0       -5.0        0.0       -7.0        6.0       -8.0        4.0        7.0     -156.0        5.0       -5.0        0.0        1.0       -1.0        7.0       -2.0 =      400.0
       8.0        1.0       -2.0       -5.0       -1.0        2.0        8.0       -3.0        1.0        6.0       -6.0        4.0       -5.0        3.0        2.0       -7.0        6.0       -5.0       -2.0       -1.0       -7.0       -4.0       -9.0     -128.0       -3.0       -7.0        1.0        5.0        0.0        5.0 =     1001.0
     -10.0        4.0        2.0        2.0      -10.0        6.0       -6.0        4.0        6.0       -8.0       -6.0        6.0        8.0        8.0       -5.0       -4.0        4.0       -2.0       -3.0        9.0       -2.0       10.0       -9.0        2.0     -173.0        5.0        6.0       -5.0       -5.0        8.0 =     -948.0
       3.0       -2.0        8.0        0.0        1.0        9.0       -1.0        6.0       10.0        1.0        7.0        6.0        6.0       -5.0       -8.0        2.0       -6.0       -9.0       10.0       -7.0        8.0        7.0       -5.0       10.0       -7.0     -183.0        9.0       -8.0        2.0       10.0 =      126.0
       2.0        7.0        0.0       10.0        2.0        4.0        5.0        1.0        7.0       -9.0       10.0       -6.0        0.0       10.0       -1.0       10.0       -1.0        6.0       -4.0       -6.0       -1.0        2.0       -5.0       -9.0       -6.0       -2.0      152.0       -6.0       -8.0       -4.0 =      960.0
       2.0        6.0        8.0        9.0       -4.0        3.0        2.0       -4.0       -6.0        5.0        6.0        0.0       -2.0       -8.0       -2.0        4.0       -6.0       -9.0       -2.0       10.0        6.0       -5.0       -6.0       -1.0       -2.0        3.0        6.0      146.0       -4.0        5.0 =    -1280.0
       2.0       -4.0      -10.0       -5.0        0.0       -7.0        1.0        0.0       -7.0       -9.0        2.0       10.0       -3.0        8.0        4.0        4.0        1.0       10.0        7.0        6.0       -7.0       -8.0       -6.0       -2.0       -1.0        4.0      -10.0        6.0     -162.0        9.0 =      835.0
       8.0        5.0        1.0        7.0        7.0       -8.0       -4.0        9.0       -3.0       -6.0       -7.0       -2.0       -9.0       -9.0       -1.0        7.0       -3.0        2.0        3.0        6.0        6.0        0.0       -5.0        5.0       -5.0        3.0        1.0       -8.0        1.0      148.0 =     -894.0

       4.0        7.0        5.0       -7.0        3.0        5.0       -7.0       -8.0       -1.0       -2.0        6.0       -2.0        6.0        7.0       -1.0        3.0       -7.0       -8.0        8.0        3.0       -3.0       -3.0       -2.0       -7.0        6.0       -1.0        6.0       -8.0       -5.0       -6.0
