30
     158.0        6.0      -10.0       -3.0       -8.0        2.0        9.0       -1.0       -7.0        6.0       -9.0        0.0        6.0       -5.0        2.0        4.0        7.0        0.0      -10.0        3.0       -1.0        6.0       -5.0        4.0       -8.0       -4.0        9.0        7.0       -5.0        4.0 =     1413.0
      -5.0      156.0       -8.0        1.0        6.0       -4.0        3.0       -8.0        5.0       -8.0        2.0       -1.0       -1.0       -6.0        3.0        6.0       -1.0        1.0        9.0       -6.0        2.0       -7.0        5.0        9.0       -6.0       -8.0        8.0       -8.0        8.0       -6.0 =      564.0
       4.0       -4.0      130.0       -1.0        1.0        8.0        0.0       -5.0       -1.0       -3.0       -4.0       -5.0       -3.0       -1.0       -1.0       -2.0        2.0       -6.0       -8.0       -9.0        4.0       -9.0        7.0        8.0        7.0        7.0       -7.0       -3.0        1.0        5.0 =      112.0
       3.0        5.0       -1.0      148.0       -2.0        0.0        8.0        7.0       -8.0       -4.0        0.0       -5.0        6.0       10.0       -2.0       -9.0        8.0        4.0        4.0      -10.0        9.0        5.0        6.0       -3.0        1.0        0.0        8.0        3.0        6.0       -8.0 =     1512.0
       9.0        1.0       -9.0       -4.0      170.0       -7.0        5.0        0.0        2.0       -6.0       -8.0        7.0        7.0       -2.0       -3.0        6.0        5.0       -6.0        9.0        9.0       -4.0        4.0       -9.0       10.0       -8.0        2.0        3.0        5.0        0.0      -10.0 =     -890.0
       7.0       -4.0       -4.0        8.0       -3.0      143.0       -2.0        1.0       10.0       10.0       -1.0        6.0        3.0       -1.0       -5.0       -1.0      -10.0        0.0        3.0        0.0        2.0        9.0        9.0        9.0       -3.0        2.0       -5.0       -5.0       -9.0        2.0 =    -1710.0
       7.0        3.0        0.0       -8.0      -10.0        8.0     -165.0        8.0       -9.0        3.0        8.0       -5.0        9.0        0.0       -3.0       -3.0        7.0        3.0       -7.0       -2.0      -10.0       -4.0        4.0        3.0       -4.0        8.0        6.0       10.0        0.0        9.0 =      670.0
       7.0       -2.0       -8.0       -9.0       -7.0        9.0       -6.0      175.0       10.0        1.0       10.0       -2.0        7.0       -5.0       -7.0       -1.0       -1.0       -4.0        7.0        7.0       -9.0        1.0       -6.0        1.0        9.0        9.0        8.0        8.0        6.0        6.0 =    -1070.0
       9.0       -6.0       -8.0       -5.0        0.0       -4.0        2.0        1.0     -139.0        4.0        6.0       -4.0       -2.0        1.0        9.0        8.0        6.0        7.0        3.0        8.0        4.0       -3.0        2.0       -9.0        1.0        7.0        8.0       -3.0       -6.0        2.0 =      808.0
      -8.0       -5.0       -6.0       -8.0       -2.0       -3.0       -4.0       -5.0        2.0     -150.0       -1.0       -6.0        7.0        9.0       -1.0        8.0       -5.0        6.0        4.0        5.0        6.0        9.0       -4.0        7.0       -8.0       -8.0       -5.0        0.0       -5.0        1.0 =     -680.0
       1.0        4.0        0.0       10.0       -9.0       -5.0       -5.0        4.0        5.0       -7.0     -129.0       -9.0        7.0       -2.0        5.0       -6.0       -5.0        1.0       -4.0       -1.0        7.0       -2.0       -2.0        1.0       -9.0       -6.0        8.0       -3.0       -1.0        0.0 =      760.0
       7.0       -1.0        8.0        4.0       -4.0       -3.0       -7.0        1.0        5.0        5.0        8.0     -145.0       -3.0        1.0       -5.0       -9.0        9.0        0.0      -10.0        6.0        0.0        5.0       -7.0       -4.0        4.0       -2.0        7.0       -3.0       -1.0        8.0 =      504.0
       6.0        6.0        6.0        9.0        8.0        5.0       -3.0       -9.0       -9.0       -5.0       -5.0        7.0      160.0        2.0        2.0       -6.0        8.0       -3.0       -7.0       -5.0        8.0       -2.0       -2.0        5.0        9.0        8.0       -8.0       -1.0        2.0       -2.0 =     -920.0
       6.0       -4.0        8.0       -5.0        1.0        1.0        8.0        7.0       -9.0        6.0        5.0       -7.0        2.0     -155.0       -7.0        7.0        7.0        7.0        0.0       -1.0       -6.0        1.0      -10.0        4.0       -6.0       -8.0       -5.0       -7.0       -5.0        2.0 =      163.0
      -8.0        5.0        6.0        8.0        2.0       -6.0      -10.0        8.0       -8.0       -1.0       -9.0       -6.0       -3.0        7.0      151.0       -6.0        9.0        6.0        4.0        2.0        2.0       -1.0        8.0        0.0       -6.0       -2.0       -9.0        1.0       -5.0       -1.0 =    -1242.0
      -5.0       -7.0       -8.0        4.0       -3.0       -5.0        2.0       -9.0       -4.0       -1.0       -7.0       -9.0       10.0       10.0       -1.0     -170.0        3.0       -8.0       -9.0       -3.0        5.0       -6.0       10.0        0.0        6.0       -4.0       -3.0        4.0       -9.0       -8.0 =     -900.0
      -6.0       -2.0        4.0       -7.0        5.0        1.0        6.0      -10.0        5.0       -6.0        9.0        6.0        6.0        1.0      -10.0        1.0      154.0        3.0        9.0       -3.0        1.0        8.0       -7.0       -5.0        9.0       -3.0       -2.0        2.0       -2.0        7.0 =      696.0
       5.0       -9.0       -7.0        6.0        9.0       -9.0       -5.0       -6.0       -6.0        5.0        2.0        4.0        4.0       -5.0       -1.0        2.0        3.0     -153.0       -8.0       10.0        7.0        8.0       -3.0        2.0      -10.0        1.0       -3.0        3.0       -9.0        1.0 =     -162.0
      -2.0        2.0        8.0       -5.0       -1.0        2.0      -10.0        2.0        4.0        5.0       -3.0       -3.0        8.0        8.0        3.0        6.0       -6.0       -6.0      138.0       -1.0        7.0       -1.0       -5.0       -9.0        2.0        8.0        2.0       -7.0        7.0        1.0 =     -154.0
       6.0        3.0        4.0       -1.0        9.0        0.0        8.0        4.0        1.0       -2.0       -4.0       -9.0        6.0       -3.0        0.0       -1.0       -8.0       -2.0       -5.0      133.0       -4.0       -3.0        6.0       -1.0        9.0       -7.0       -1.0       -6.0       -8.0        5.0 =    -1161.0
       8.0        6.0        9.0       -2.0       -7.0        9.0       -7.0        6.0       -1.0       -8.0       -6.0       -6.0        0.0        3.0       -7.0       -5.0        1.0        9.0        4.0       -1.0      148.0        2.0       -4.0      -10.0        8.0        1.0       -8.0        0.0       -2.0        3.0 =    -1001.0
       2.0       -6.0       -2.0        4.0        6.0       -2.0        2.0      -10.0       -2.0       -7.0       -7.0        6.0        3.0        4.0       10.0        0.0       -3.0       -7.0        2.0        3.0       -5.0     -137.0       -5.0        2.0       -8.0        3.0        5.0        6.0        4.0       -5.0 =     -576.0
      -8.0       -7.0       -4.0       -9.0        7.0       -9.0       -5.0       -7.0        0.0        1.0        3.0        5.0       -7.0       -4.0       -9.0       -7.0       -8.0        6.0        5.0       -5.0        3.0        6.0     -173.0       -4.0       10.0        5.0       -7.0        9.0        6.0        2.0 =     1640.0
      -5.0       -8.0        4.0        5.0        1.0        6.0       -3.0       -6.0       -2.0        0.0        1.0        6.0       -8.0       -4.0       -5.0       -6.0        6.0        3.0        3.0        9.0       -6.0        2.0        0.0      124.0        1.0        4.0        2.0        3.0        1.0        5.0 =     1197.0
      -7.0       -5.0       -2.0        5.0        9.0       -5.0       -9.0        5.0       -2.0       -5.0        9.0        3.0        4.0        4.0       10.0        6.0        7.0       -2.0       -1.0       -6.0        6.0       -1.0       -4.0        2.0      159.0        8.0       -6.0        3.0        8.0        7.0 =     1200.0
       5.0       -9.0       -6.0        1.0       -7.0       -1.0        6.0        6.0       -3.0        6.0        2.0       -8.0        7.0       -3.0       -3.0       -3.0       -1.0      -10.0       -9.0        0.0       -5.0        7.0        4.0       -9.0       -8.0     -158.0       -1.0       10.0        9.0        2.0 =      895.0
      -3.0       -8.0        3.0       -9.0        4.0       -4.0        6.0       -5.0        2.0       -4.0        8.0        6.0        6.0        8.0       10.0       -4.0       -3.0       -3.0       10.0        9.0        0.0        8.0       -2.0       -5.0        1.0        6.0      159.0        2.0       -7.0        5.0 =     1764.0
      10.0       -2.0       -4.0       -4.0       -8.0        6.0       10.0       -3.0        2.0        6.0       -4.0        4.0        0.0        8.0       -1.0       -8.0        1.0        9.0        9.0        2.0       -3.0        3.0        3.0       -9.0        2.0        8.0        7.0      140.0       -1.0        1.0 =      368.0
      -7.0        0.0      -10.0        1.0       10.0        5.0        3.0        9.0        9.0        8.0        9.0       -9.0       -2.0      -10.0       -1.0        8.0        8.0        8.0       -8.0       -5.0        3.0        9.0       -9.0        3.0       -6.0       -6.0        0.0       -3.0      180.0        5.0 =     1414.0
      -9.0        7.0        0.0       -2.0       10.0        3.0        2.0        7.0       10.0        6.0        9.0        9.0        1.0        5.0       -8.0        9.0        7.0       -9.0        6.0       -5.0       -4.0       -9.0       -5.0        4.0        3.0        8.0        8.0        5.0       -2.0     -177.0 =        0.0

       9.0        4.0        1.0        8.0       -5.0      -10.0       -5.0       -5.0       -8.0        4.0       -5.0       -4.0       -5.0       -1.0       -9.0        4.0        4.0        1.0       -1.0       -9.0       -7.0        4.0       -8.0        9.0        6.0       -5.0        9.0        2.0        7.0        0.0
