30
    -173.0       -9.0       -5.0        9.0       -4.0       -1.0        6.0       -5.0       -8.0       -1.0      -10.0        3.0       -5.0        5.0       -2.0       -9.0       -8.0       10.0       -6.0        3.0       -7.0        5.0       -7.0       -3.0        8.0       -8.0        9.0       -1.0       -4.0       -6.0 =      448.0
      -4.0      128.0        1.0        3.0       -2.0        6.0        0.0        0.0        3.0       -1.0       -4.0        8.0      -10.0      -10.0        7.0       -2.0       -2.0       -3.0        7.0       -1.0        0.0        6.0        9.0        0.0        0.0        3.0       -9.0        8.0       -2.0       -9.0 =      780.0
       1.0        7.0      163.0       -4.0       -1.0        8.0      -10.0       -9.0        7.0      -10.0       -7.0        5.0        4.0        7.0       -7.0        5.0       -6.0       -5.0        2.0       -3.0       -9.0        2.0        4.0       -2.0        1.0       -8.0        4.0        8.0       -7.0        0.0 =      420.0
       3.0       -7.0        7.0     -149.0        9.0       -2.0       -2.0        2.0       -6.0        8.0       -5.0        6.0       -7.0       -7.0       -9.0       -2.0       -6.0        0.0        8.0       -9.0       -2.0        3.0        0.0       -4.0        9.0        4.0      -10.0       -4.0        6.0        0.0 =     -332.0
      -9.0       -7.0       -3.0        0.0      148.0        2.0        8.0       -5.0        3.0        5.0       -1.0        5.0        4.0        6.0       -9.0       -5.0       -4.0       -8.0       -9.0        2.0        5.0       -8.0       -7.0       -3.0       -2.0       -9.0       -1.0        8.0       -5.0       -4.0 =     -194.0
       6.0       -7.0       -4.0        5.0       -6.0     -151.0        7.0       -7.0        4.0       -2.0       -2.0        7.0        5.0       -2.0       -3.0        2.0       -3.0       -2.0        6.0       -4.0        1.0        3.0        7.0       -9.0       -1.0      -10.0       10.0       -6.0        6.0        7.0 =     1430.0
      -9.0       -9.0        4.0       -6.0       10.0        6.0     -161.0       -5.0        6.0        8.0        5.0        1.0        3.0       -9.0       -6.0       -1.0       -7.0       -9.0        5.0        3.0        6.0       -9.0        2.0        5.0       -1.0        3.0       -1.0        9.0       -6.0        3.0 =    -1120.0
      -1.0        3.0       -5.0        6.0       -1.0        9.0       -1.0     -170.0       -9.0       -7.0       -2.0       -8.0       10.0        4.0        3.0        8.0       -8.0       -3.0        9.0        0.0       -2.0        6.0       -9.0       -6.0       -8.0       -4.0       10.0       -5.0        8.0        7.0 =     -166.0
      -1.0        8.0        3.0       -9.0       -2.0        7.0       -6.0       -2.0      158.0        7.0        9.0        8.0       -7.0       -4.0       -5.0       -8.0       -5.0        5.0        8.0        9.0        8.0       -3.0       -1.0       -4.0       -3.0        6.0       -5.0       -6.0        4.0        3.0 =     1204.0
      -7.0        5.0        2.0       -7.0       -1.0        9.0       -4.0        6.0       -8.0      146.0        2.0        2.0       -7.0        5.0        1.0       -8.0       -2.0        9.0        7.0        8.0       -5.0        3.0       -7.0        6.0       -4.0       -6.0       -3.0       -6.0       -1.0        2.0 =     1233.0
       4.0       -4.0       -1.0       -7.0       -5.0      -10.0       -2.0        1.0        9.0        2.0      141.0       -7.0       -6.0        0.0       -3.0        3.0        8.0       -8.0        4.0       -5.0       -1.0        7.0        8.0        1.0        7.0        6.0       -8.0       -7.0       -1.0        2.0 =      640.0
      -6.0        8.0        4.0       -7.0       -1.0       -7.0       -7.0        5.0       -5.0       -4.0       -4.0     -166.0       10.0       -5.0        6.0       -1.0        5.0        3.0       -2.0        8.0        7.0        7.0        8.0        9.0       -7.0        6.0        3.0       -5.0        8.0       -8.0 =     1242.0
      -7.0       -1.0        1.0       10.0       -8.0        1.0       10.0       -4.0       -8.0        0.0        3.0        7.0     -139.0        7.0        3.0        4.0       -1.0        4.0       -3.0        1.0       -8.0       -5.0       -3.0        6.0        0.0       -3.0       -1.0        8.0       -7.0       -9.0 =    -1420.0
       8.0       -2.0       -5.0        4.0      -10.0        0.0       -1.0       -3.0        7.0       -4.0        3.0       -1.0        6.0     -136.0        6.0        1.0        6.0        3.0        0.0        5.0        3.0        9.0        5.0        9.0       -2.0        8.0        3.0        7.0        8.0       -7.0 =      350.0
       4.0       -1.0        5.0       -7.0        1.0        8.0        5.0       -9.0       -9.0        1.0        8.0       -9.0       -2.0       -9.0      179.0       -9.0        5.0        4.0        5.0        6.0        8.0       -8.0        4.0       -8.0       -1.0        8.0        6.0        2.0        9.0       -8.0 =     -752.0
      -7.0        1.0        9.0        0.0        5.0       -2.0        2.0       -3.0        8.0        8.0        1.0        6.0       -9.0        6.0        6.0     -131.0       -3.0       -7.0       -2.0        5.0        8.0       -3.0       -3.0        0.0       -9.0        1.0        5.0       -2.0        3.0        6.0 =     -303.0
       6.0       -8.0       -8.0       -7.0        0.0        1.0       -6.0       -9.0       -4.0       -3.0        8.0       -2.0        0.0       -5.0        4.0        1.0      154.0       -7.0        0.0       -5.0       -8.0       10.0       -6.0        7.0        9.0       -2.0        6.0       -8.0       -5.0        2.0 =     -575.0
       8.0        0.0       -6.0       -8.0       -3.0       -4.0        0.0        2.0       -3.0        2.0       -4.0        0.0       -2.0       -2.0        8.0        8.0        3.0      127.0       -2.0       -1.0        0.0       -7.0       -3.0        8.0       -6.0       -4.0       -8.0        2.0        8.0        9.0 =      488.0
      -1.0        0.0        1.0       -8.0       -1.0       -8.0        5.0        4.0        0.0        1.0       -2.0        2.0       -3.0       -7.0        2.0        6.0        1.0        3.0      119.0       -3.0        6.0        3.0        5.0       -2.0        8.0        3.0       -3.0        6.0        7.0      -10.0 =      536.0
       5.0       -9.0        0.0        7.0        6.0        7.0        6.0        9.0       -6.0        1.0       -6.0        2.0      -10.0       10.0        0.0       -1.0       -9.0       -3.0        2.0     -171.0        8.0        9.0       10.0       -5.0       -3.0        5.0        7.0       -8.0        2.0        6.0 =      645.0
      -5.0       -2.0        3.0       -3.0        6.0        3.0       -5.0        8.0       -8.0       -4.0        5.0        2.0        4.0        3.0       -9.0        1.0       -8.0       -1.0       -9.0        2.0      141.0        6.0        5.0       10.0        0.0        0.0       -4.0        4.0       -4.0       -9.0 =    -1056.0
       0.0       -9.0       -1.0       -6.0        5.0        3.0       -8.0        0.0       -9.0        8.0        7.0        9.0        9.0       10.0       -7.0        3.0        8.0       -3.0        8.0        9.0        4.0     -150.0       -2.0       -2.0        0.0       -5.0        3.0       -4.0        1.0       -1.0 =     -120.0
       1.0       -3.0        8.0        3.0        3.0       -4.0        1.0        9.0        3.0        3.0       -5.0       -8.0        5.0       -8.0        5.0        1.0        8.0       -3.0        9.0       -8.0        8.0       -9.0      167.0        2.0        9.0        5.0       -9.0        9.0       -3.0        7.0 =     1236.0
       0.0       -4.0       -9.0       -6.0       -2.0       -2.0        5.0       -1.0       -2.0       10.0        4.0        7.0       -6.0       -1.0       -8.0        8.0       -8.0        7.0        8.0        4.0        5.0       -3.0       -3.0      137.0        6.0       -3.0        7.0        6.0       -1.0        0.0 =     -775.0
      -8.0       -2.0       -6.0       10.0       -6.0       -5.0       -1.0        4.0       -5.0       -4.0        6.0        3.0       -3.0       10.0        1.0        0.0       10.0        2.0        4.0       -2.0       -2.0       -4.0        8.0       -5.0     -143.0        4.0        5.0       -3.0       -7.0        5.0 =      134.0
       6.0        0.0        1.0       -9.0        5.0        1.0        7.0        6.0       -5.0        1.0       -5.0       -8.0        8.0        6.0        5.0       -8.0       -1.0       10.0        4.0        6.0       -4.0       -4.0       -9.0        4.0       -3.0     -154.0        1.0      -10.0       -2.0        7.0 =      576.0
       2.0        3.0       -7.0       -7.0        4.0        5.0       -2.0        4.0       -4.0        6.0       -4.0        2.0        1.0       -6.0        8.0       -1.0        8.0        0.0        9.0        5.0        3.0       -9.0        5.0       -3.0        1.0       -1.0     -125.0       -6.0        0.0        4.0 =     -945.0
      -7.0        7.0       -4.0        3.0       -9.0        3.0        4.0       10.0        9.0       -7.0       10.0       -3.0        2.0       -7.0        8.0       -1.0      -10.0       -2.0        4.0        4.0       -2.0        5.0       -7.0       -4.0        4.0        5.0        3.0      166.0        5.0       -8.0 =    -1448.0
      -2.0       -8.0        5.0       -9.0       -6.0        9.0       -2.0        3.0      -10.0        9.0       -3.0       -1.0        4.0       -6.0        3.0        2.0        1.0        2.0       -8.0       -5.0        7.0       -5.0        1.0       -8.0        5.0       -9.0       -1.0       -2.0      148.0       -6.0 =      432.0
      -3.0        2.0        4.0       -4.0        5.0        0.0        6.0        5.0        5.0       -5.0        8.0       -7.0        0.0       -2.0        3.0        9.0      -10.0        7.0        5.0       -6.0       -3.0        3.0        2.0        1.0       -1.0        7.0        3.0        1.0        7.0      128.0 =     -510.0

      -2.0        6.0        3.0        2.0       -2.0      -10.0        7.0        1.0        7.0        9.0        5.0       -9.0       10.0       -5.0       -4.0        3.0       -5.0        4.0        4.0       -5.0       -8.0        1.0        6.0       -5.0       -1.0       -4.0        9.0       -8.0        4.0       -3.0
