30
     164.0        5.0       -4.0       -7.0       -7.0       -6.0        0.0        9.0       -4.0       -7.0        5.0       -7.0       -5.0       -7.0        9.0        9.0        3.0       -5.0       -5.0       -4.0        6.0       -7.0       -3.0       -4.0       -6.0       -6.0       -8.0       -4.0       -9.0        1.0 =     -864.0
      -6.0     -174.0        4.0        1.0       -1.0       -5.0       -8.0       -9.0       -5.0        8.0       -9.0        5.0        9.0        9.0        5.0       10.0       -9.0       -2.0       -3.0       -9.0        9.0        3.0       -8.0        0.0       -5.0       -6.0        3.0        0.0       -9.0       -9.0 =    -1688.0
     -10.0        3.0     -154.0       -9.0      -10.0        7.0        6.0       -9.0       -8.0        2.0       -7.0       -4.0       -1.0       -9.0        0.0       -2.0        6.0        6.0        1.0        2.0       -3.0       -9.0       -5.0        0.0        5.0        0.0       -3.0       -8.0       -8.0        5.0 =     2160.0
      -7.0       -6.0        6.0     -109.0        1.0       -1.0        4.0       -1.0       -7.0        0.0        1.0        2.0       -4.0       -4.0       -2.0       -1.0       -8.0        4.0        3.0        6.0        1.0        2.0        6.0        3.0        2.0        3.0       -3.0       -9.0       -9.0        2.0 =     -375.0
      -7.0        3.0       -1.0        7.0     -141.0       -2.0       -5.0        0.0       -9.0       -6.0       -6.0       -1.0       -5.0       -9.0        0.0       -1.0        8.0       -7.0        5.0        1.0        0.0       -8.0        0.0        8.0        4.0       -8.0       -5.0      -10.0        3.0       -5.0 =      394.0
      -2.0        2.0        0.0        3.0        6.0      105.0       -8.0       -7.0        2.0       -4.0        1.0       -1.0       -1.0        0.0        3.0      -10.0       -5.0       -1.0        1.0        4.0        6.0        9.0       -4.0        6.0       -2.0       -1.0        6.0        2.0       -2.0        3.0 =      888.0
      -4.0        7.0        3.0       -5.0        1.0       -5.0     -131.0       -5.0       -7.0       -3.0       -5.0        8.0        8.0        1.0        6.0       -3.0       -4.0        1.0        3.0       -5.0       -4.0       -4.0        6.0       -2.0       -1.0       -9.0       -4.0        8.0        5.0       -3.0 =     -735.0
      10.0        1.0        5.0       -3.0        0.0       -7.0        5.0     -164.0        6.0        7.0       -4.0       -2.0        6.0       -6.0        8.0       -6.0        5.0        9.0        8.0       -3.0       -7.0        5.0        3.0        9.0        9.0        5.0       -1.0        3.0       10.0        4.0 =      170.0
      -8.0        3.0      -10.0       -9.0       -9.0       -3.0       -8.0        8.0      170.0       -5.0        6.0        8.0        7.0        0.0        2.0       -4.0        3.0       -6.0        2.0        4.0        2.0        7.0        5.0       -7.0        5.0        3.0       -9.0        9.0        3.0        8.0 =    -1770.0
      -5.0        2.0       -7.0        7.0        2.0        0.0        1.0       -2.0       -2.0     -131.0       -1.0      -10.0       -8.0        6.0       -2.0       10.0       -6.0        6.0        4.0       -1.0        1.0        2.0       -8.0       -9.0       -1.0       10.0        6.0       -1.0       -3.0       -2.0 =      852.0
       8.0        9.0        4.0        4.0       -5.0       -6.0       -4.0        1.0        1.0        2.0     -132.0       -1.0       -5.0        0.0       -8.0       -8.0       -9.0        0.0        8.0        1.0       -1.0        3.0        7.0       -6.0       -4.0        4.0        3.0        0.0      -10.0       -3.0 =     -147.0
       8.0        8.0       10.0       -6.0       -9.0        2.0       -7.0       -2.0        6.0        6.0       -8.0      179.0        6.0        8.0        0.0        0.0       -2.0        9.0       -6.0       -7.0        9.0       -5.0       -5.0        9.0        4.0       -7.0      -10.0        2.0        8.0        8.0 =      832.0
      -7.0        7.0        0.0        1.0       -3.0       -5.0        8.0        2.0       10.0        4.0        2.0        2.0     -145.0        3.0        2.0       -9.0        0.0       -6.0        2.0        4.0       -6.0       -9.0       -5.0        8.0       -8.0        0.0       -5.0       -8.0        7.0        5.0 =     1341.0
       3.0       -1.0        4.0        0.0        7.0       -4.0       10.0        3.0        7.0        3.0       -8.0       -5.0       -4.0     -149.0        2.0        7.0       -2.0       -7.0        0.0       -7.0        5.0        4.0       -9.0        3.0        1.0       -4.0       10.0       -9.0      -10.0        0.0 =     -600.0
       9.0        1.0        8.0       -1.0        7.0        6.0       -8.0        3.0        2.0       -8.0        5.0        7.0       -6.0       -9.0      148.0        4.0        9.0        9.0       -3.0        8.0        6.0       -1.0        1.0        6.0       10.0        4.0       -2.0        2.0        1.0        0.0 =    -1308.0
      -5.0        1.0        9.0        3.0        9.0       -7.0       -1.0        3.0       -6.0       -6.0       -7.0       10.0        8.0      -10.0       -6.0     -157.0       -5.0       -5.0        4.0       -4.0       -2.0        2.0        4.0        8.0       -2.0       -8.0        1.0        8.0        1.0       -5.0 =     1155.0
      -8.0       -3.0        9.0       -9.0        5.0        1.0       10.0       -9.0       -7.0       -9.0        6.0        5.0       -3.0       -6.0       -9.0        1.0     -163.0        2.0        1.0        6.0       -4.0       -6.0        6.0        3.0        6.0       -5.0        9.0        5.0        0.0        7.0 =    -1113.0
       1.0       -7.0       -6.0        3.0       -5.0        7.0        9.0        0.0        5.0        2.0        9.0        6.0        7.0       -8.0       -1.0       -7.0       -5.0     -148.0        0.0        4.0       -5.0       -4.0        9.0       -4.0        1.0        5.0       -8.0        6.0       -6.0       -7.0 =      882.0
      -1.0      -10.0       -3.0        4.0        9.0        1.0        8.0       -1.0        1.0        1.0        2.0        3.0       -5.0       -5.0       -4.0       -3.0        3.0        3.0     -138.0       -7.0        3.0       -9.0        5.0       -8.0       -3.0        6.0        8.0        6.0        8.0       -7.0 =     -399.0
       6.0       -7.0       -8.0        6.0       -8.0       -4.0        5.0       -3.0        8.0        6.0       -4.0        2.0       -3.0       -8.0        2.0       -3.0        6.0        5.0        1.0      132.0       -3.0        3.0       -2.0       -1.0        5.0       -2.0       -3.0       -7.0        3.0       -6.0 =      826.0
       6.0        7.0        4.0        9.0        5.0       -1.0        0.0       -6.0       -4.0        7.0      -10.0       -9.0       -8.0        3.0       10.0        0.0        6.0       10.0        7.0        0.0     -157.0        5.0        4.0       -7.0        4.0       -3.0        1.0       -6.0        5.0        4.0 =    -1026.0
      -7.0       -6.0      -10.0        9.0       -8.0       -3.0      -10.0        3.0       -5.0       -5.0        4.0       -8.0        7.0       -5.0        3.0        3.0        4.0        2.0        6.0       -1.0        2.0      176.0        5.0      -10.0        9.0        6.0      -10.0        8.0       -5.0        7.0 =      966.0
      -5.0       -3.0        2.0        6.0       -1.0        5.0       -8.0       -7.0        3.0        9.0        0.0        3.0        6.0       -5.0        5.0       -5.0       -9.0       -8.0       -3.0       -4.0        9.0       -5.0      157.0       -6.0       -5.0        7.0        7.0       10.0       -6.0       -2.0 =     -147.0
       5.0        4.0        8.0       -3.0       -6.0       -4.0       -4.0       -6.0       -4.0        8.0        1.0        7.0       -7.0        9.0        8.0        7.0       -9.0        0.0       -4.0        9.0      -10.0       -5.0        2.0      163.0        2.0        3.0        7.0        1.0       -5.0       -9.0 =     1344.0
      -7.0       -6.0        0.0        9.0        3.0       -5.0        2.0       -5.0        2.0       -1.0       -6.0       -9.0       -6.0       -5.0        7.0       -3.0        5.0        7.0       -3.0       10.0        0.0        4.0        9.0        2.0      130.0       -1.0       -6.0       -2.0        0.0        0.0 =      125.0
       4.0        2.0        9.0       -6.0        8.0       -3.0        5.0       -6.0       -9.0        3.0        1.0        5.0       -9.0        6.0        7.0       -7.0       -5.0       -4.0       10.0       -2.0       -8.0        0.0       -9.0       -4.0       -7.0     -167.0       -8.0        4.0       -7.0        3.0 =      582.0
       7.0        4.0       -3.0        4.0        1.0        2.0       -6.0       -1.0        0.0        0.0        5.0       -4.0        9.0        3.0       -3.0       -3.0        3.0        3.0        0.0        5.0       -7.0        6.0        9.0       -8.0       -9.0       -1.0      127.0       -2.0       -1.0        9.0 =    -1043.0
      -7.0        4.0        0.0       -5.0        8.0       -3.0        3.0        1.0       -8.0       -1.0       -1.0        1.0       -1.0        1.0       -6.0        4.0       -3.0        0.0        0.0        8.0        7.0        9.0        9.0       -4.0       -3.0        6.0        4.0     -120.0       -9.0        2.0 =      624.0
      -2.0        4.0       -2.0        7.0       -2.0        6.0       10.0        6.0        6.0       -4.0       -7.0       -4.0      -10.0        7.0       -9.0       -3.0        2.0       10.0        3.0        9.0        8.0        0.0       -3.0        2.0        9.0        4.0        2.0       -6.0     -154.0        4.0 =      428.0
       8.0       -1.0       -9.0       -8.0        2.0       -4.0       -5.0      -10.0        6.0        1.0        9.0        0.0       -4.0       -7.0       -8.0        0.0       -5.0        7.0       -9.0        3.0        3.0       -7.0       -5.0       -8.0       -6.0        7.0       -6.0        0.0       -6.0     -162.0 =    -1792.0

      -9.0        8.0      -10.0        3.0       -2.0        8.0        5.0       -2.0      -10.0       -6.0        1.0        4.0       -9.0        4.0       -6.0       -7.0        7.0       -6.0        3.0        7.0        9.0        6.0       -1.0        8.0        1.0       -3.0       -7.0       -6.0       -4.0        8.0
