32
    -167.0       -5.0       -5.0        7.0       -2.0        0.0      -10.0        6.0       -8.0        9.0        9.0       -8.0       -9.0       -2.0       -5.0        5.0        1.0        7.0        6.0        5.0        6.0        3.0       -6.0       -6.0        1.0        6.0        8.0       10.0        0.0        4.0        2.0        6.0 =      132.0
      -6.0     -202.0       -5.0        0.0        6.0       -5.0       -9.0      -10.0       -7.0        7.0       -7.0      -10.0        8.0        3.0       -5.0       -6.0       -8.0       -2.0      -10.0       -5.0        1.0        9.0        6.0       -9.0       -5.0        2.0        7.0       -5.0       -9.0       -6.0       -6.0       -8.0 =     2072.0
      -3.0        3.0     -130.0        1.0        9.0        2.0        5.0       -8.0       -6.0        2.0        4.0        1.0        0.0        2.0       -1.0        6.0       -4.0       -5.0       -9.0        5.0        7.0        8.0       -1.0        0.0       -8.0       -3.0       -6.0       -9.0        3.0       -1.0        1.0       -1.0 =     -408.0
       1.0        9.0        0.0     -157.0      -10.0       -9.0        1.0       -4.0       -2.0        0.0        3.0       -2.0        9.0        8.0        5.0       -1.0        7.0        3.0       -8.0       -1.0        7.0       -2.0        5.0        7.0        7.0        7.0        1.0       -6.0       -8.0        8.0        3.0       -7.0 =      252.0
       3.0        2.0       10.0        1.0     -134.0        4.0        0.0      -10.0        5.0        1.0       -7.0       -3.0       -5.0      -10.0       -3.0       -5.0        8.0       -3.0        8.0       -3.0       -1.0        4.0        7.0       -1.0       -2.0       -1.0        6.0       -2.0       -3.0        0.0       -6.0       -5.0 =      290.0
      -4.0       -2.0        9.0        5.0       -1.0      170.0       -4.0        1.0       -7.0        6.0       10.0        5.0       10.0       -6.0       -4.0        5.0       -5.0        3.0       -6.0       -9.0        6.0       -1.0        4.0        5.0       -7.0       -6.0       -9.0       -9.0       -1.0        8.0        1.0       -4.0 =     1304.0
      -1.0       -7.0        4.0       -8.0       -5.0       -1.0     -169.0        7.0        9.0        6.0        6.0        5.0        8.0       10.0       -2.0        4.0        6.0       -4.0        1.0       -9.0       -8.0        2.0        3.0       -9.0        2.0       -8.0        5.0        5.0       -3.0        3.0       -1.0       -8.0 =     1413.0
      -9.0        4.0        4.0       -6.0       -7.0       -8.0        3.0      162.0        6.0       10.0       -5.0       -2.0       -8.0       -4.0       -3.0        6.0        0.0        4.0        9.0        4.0       -4.0       -2.0        5.0       -2.0      -10.0        7.0        6.0        5.0       -4.0        8.0        5.0        0.0 =    -1392.0
     -10.0      -10.0        7.0       10.0       -6.0        4.0        0.0       -2.0      164.0       -3.0       -2.0        9.0        0.0        4.0        5.0       -3.0       -7.0        3.0        9.0       -5.0       -6.0       -6.0        9.0        0.0        3.0       -6.0        9.0        7.0       -5.0        9.0        2.0       -1.0 =      364.0
      -6.0       -7.0        6.0       -5.0       -4.0        5.0       -2.0       -9.0        9.0      180.0        5.0       -3.0       -9.0        5.0       -2.0       10.0        3.0       -1.0        5.0        5.0       -9.0        9.0        4.0        6.0        2.0        8.0       -9.0       -5.0       -9.0       -3.0       -6.0       -1.0 =      860.0
      -1.0       -3.0       -9.0        2.0       -4.0        4.0        0.0       -9.0       -6.0       -3.0      177.0        6.0        5.0        9.0      -10.0        2.0        8.0        9.0       -7.0        9.0        5.0        3.0        4.0        4.0        7.0        7.0        2.0       -1.0       -9.0       -9.0        6.0       -6.0 =    -1728.0
       0.0       -1.0       -1.0       -4.0       -4.0       -5.0        3.0       -2.0       10.0       -5.0       -9.0      152.0       -4.0        7.0       -8.0       -5.0       -9.0        2.0       10.0       -4.0       -6.0        2.0        3.0        6.0        7.0       -9.0      -10.0        3.0       -1.0        5.0       -3.0       -3.0 =     -117.0
       7.0        5.0        4.0       -2.0        1.0       -4.0        4.0       -1.0        8.0        4.0        2.0        4.0     -141.0       -3.0        6.0        8.0      -10.0      -10.0       -1.0       -6.0       -8.0        0.0        3.0        4.0        3.0        6.0        6.0        1.0        5.0        1.0        1.0        7.0 =     -384.0
      -2.0        7.0       -7.0       -1.0       -7.0        0.0       -7.0       -8.0       -2.0        2.0        9.0        5.0        7.0      153.0       -3.0       -7.0        1.0       -5.0        1.0        7.0       -8.0       -3.0        0.0       -3.0       -6.0        4.0       -8.0        6.0        7.0        2.0       -4.0        9.0 =     -417.0
      -2.0        3.0        6.0       -9.0        9.0       -9.0       -6.0       -1.0       -5.0       10.0        9.0       -9.0        1.0        5.0     -179.0       -1.0        9.0        7.0       -2.0        8.0        0.0        7.0        3.0       -6.0        4.0       -5.0       -9.0        9.0       -2.0        2.0       -8.0       -8.0 =    -1352.0
      -9.0        1.0        6.0        9.0        1.0        7.0       10.0        1.0       -9.0       -6.0       -9.0        5.0      -10.0        7.0       -7.0     -186.0        1.0        8.0       -8.0        4.0       -7.0        0.0       -2.0        9.0        1.0       -3.0        1.0       -8.0      -10.0       -8.0       -3.0       -6.0 =     -440.0
       3.0        1.0        2.0       -6.0        8.0       -2.0       -9.0        9.0        5.0        4.0       -1.0       -8.0        3.0        3.0        9.0       -1.0      170.0       -9.0        4.0       -6.0        0.0       -6.0        2.0        9.0       -7.0       -3.0       -9.0       -9.0        7.0       -6.0        3.0       -7.0 =    -1071.0
       5.0       -9.0        4.0        2.0       -6.0        4.0        6.0        6.0        2.0       -6.0        0.0       -4.0        3.0        1.0        3.0        2.0        7.0      134.0       -1.0       -5.0       10.0        6.0        0.0       -5.0       -2.0       -9.0        5.0        5.0        1.0       -1.0       -1.0       -9.0 =    -1036.0
       3.0        9.0        3.0        2.0        1.0        5.0        3.0        9.0       -3.0        6.0        7.0       -9.0       -1.0        8.0        8.0        4.0        4.0        1.0      135.0       -3.0       -2.0        3.0       -4.0       10.0        0.0        3.0        0.0        0.0       -9.0        6.0       -3.0       -4.0 =    -1536.0
      -9.0       -2.0        5.0        9.0       -2.0       -6.0        3.0        2.0       -7.0        3.0       -5.0        1.0       -1.0       -9.0       -6.0        2.0       -7.0        2.0       -8.0      134.0        5.0       -3.0        6.0        2.0       -4.0       -8.0        0.0        7.0        4.0       -2.0        0.0        1.0 =      749.0
       9.0        2.0        5.0        2.0        7.0        5.0       -3.0       -2.0       -9.0        6.0       -5.0        6.0       -7.0       -6.0       -6.0        1.0       -9.0        7.0        4.0        7.0     -150.0       -5.0        9.0       -4.0        0.0       -2.0       -5.0       -6.0        2.0       -2.0       -4.0        1.0 =    -1520.0
       7.0        5.0        9.0        7.0        7.0        9.0        9.0        5.0       -6.0       -7.0        5.0       -4.0        3.0       -6.0       -8.0       -9.0       -6.0        1.0        6.0        8.0       -9.0     -186.0        3.0        8.0       -5.0       -1.0        1.0        1.0        2.0      -10.0       -9.0       -1.0 =    -1197.0
       9.0        3.0        0.0        9.0       -9.0       -1.0       -6.0       -2.0        8.0       -9.0        3.0        4.0        4.0       -7.0        3.0      -10.0        0.0      -10.0        6.0        8.0       -2.0        1.0     -157.0       -6.0       -7.0       -4.0       -1.0        3.0       -2.0       -6.0        2.0        8.0 =      840.0
       6.0       -1.0        7.0        1.0       -5.0        4.0        9.0       -3.0       -9.0        6.0        6.0       10.0        2.0       -7.0       -1.0        1.0       -3.0        0.0       -5.0        3.0        5.0        8.0        6.0      142.0       -1.0        0.0       -9.0        5.0       -3.0       -2.0       -9.0       -4.0 =     -477.0
      -3.0      -10.0        0.0        2.0       -9.0        4.0        4.0       -9.0       -1.0      -10.0        3.0        7.0       -7.0       -5.0       -7.0       -6.0       -1.0       -4.0        6.0        0.0       -2.0       -9.0       -7.0        0.0      142.0       -4.0        5.0        5.0       -3.0       -6.0        1.0       -1.0 =      450.0
       0.0        1.0        3.0        0.0        7.0        4.0      -10.0        5.0       -8.0        7.0       -7.0       -3.0       -5.0       -1.0       -6.0       -9.0        6.0        0.0        2.0       -9.0        4.0       -7.0        5.0       -5.0        3.0      161.0       -9.0        6.0       10.0       -7.0       -4.0       -5.0 =     -258.0
       4.0       -9.0       -7.0       -9.0       -8.0        3.0        0.0      -10.0       -3.0       -3.0       -5.0        3.0        7.0        2.0        5.0       -2.0        0.0        7.0        0.0       -9.0       -9.0       -8.0       -7.0        6.0        0.0       -4.0      161.0       -7.0        8.0        0.0        2.0        5.0 =     -226.0
      -7.0       -9.0        5.0        4.0        0.0        7.0       -6.0       -7.0        1.0       -7.0       -2.0       -8.0        8.0        2.0        8.0        7.0       -5.0       -4.0       -2.0        8.0       -6.0       -8.0       -6.0        6.0       -1.0        9.0        4.0     -172.0       -2.0        5.0       -2.0       -8.0 =     1692.0
      -4.0        4.0       -5.0        5.0        4.0       -9.0        8.0        8.0       -7.0        3.0       -4.0       -3.0        9.0       -3.0        9.0        2.0       -5.0       -4.0       -5.0        2.0        9.0        2.0        8.0        5.0       -7.0        7.0       -1.0      -10.0      171.0        2.0        9.0        3.0 =     1827.0
      -6.0        2.0       -1.0        9.0        7.0       -7.0       -1.0       -4.0       -3.0       -1.0        7.0       -1.0       -8.0        7.0       -7.0        2.0       -9.0        3.0       -5.0       -5.0       -3.0        7.0       -5.0       -6.0        3.0        8.0       -8.0        3.0        8.0      161.0        3.0       -6.0 =     -864.0
       2.0        1.0        3.0       -4.0        2.0        7.0       -8.0       -7.0        6.0       -4.0       -2.0        1.0        6.0        9.0       -8.0      -10.0       -9.0       -3.0        7.0        4.0       -4.0       -5.0       -3.0        5.0        3.0       -3.0        5.0       -7.0       -3.0       -8.0     -154.0        3.0 =     -534.0
      -3.0       -6.0        9.0       -4.0        7.0       -4.0       -3.0       -2.0       -8.0       -2.0      -10.0        6.0        2.0       -6.0        1.0        1.0        9.0        5.0        8.0       -9.0        3.0       -2.0       -4.0        5.0        2.0        6.0       -9.0       -7.0       10.0       -1.0       -6.0     -160.0 =    -1548.0

      -1.0       -7.0        3.0       -2.0       -2.0        8.0       -9.0       -8.0        2.0        5.0       -9.0       -1.0        4.0       -3.0        8.0        2.0       -7.0       -7.0       -8.0        7.0       10.0        7.0       -5.0       -3.0        6.0       -2.0       -2.0       -9.0        9.0       -6.0        3.0        9.0
