32
    -161.0        6.0        0.0        9.0       -6.0       -2.0        8.0       -5.0        2.0        6.0        7.0      -10.0       -3.0      -10.0       -6.0       -8.0        2.0        0.0       -4.0        7.0       -9.0       -8.0        9.0        1.0       -9.0        1.0        0.0       -3.0       -5.0        0.0       -6.0       -2.0 =    -1592.0
       3.0     -159.0       -5.0       -6.0       -5.0        5.0        4.0       -6.0       -8.0        4.0       -6.0        8.0       -7.0       10.0        8.0        9.0        4.0        0.0        3.0        9.0        9.0        2.0       -1.0        1.0        7.0        1.0        0.0        9.0        5.0       -7.0       -5.0        0.0 =     -684.0
       8.0        4.0      156.0        3.0        5.0        4.0        6.0       -8.0        2.0       -1.0       -3.0        1.0       -8.0       -9.0        6.0        7.0       10.0      -10.0       -6.0       -3.0        4.0        2.0        4.0       -1.0        4.0       -2.0       -7.0        5.0       -1.0        4.0       -9.0       -5.0 =     1134.0
       6.0       -2.0        0.0      207.0       -9.0       -3.0       -9.0        9.0        9.0      -10.0       -2.0        4.0        9.0       -6.0       10.0       -9.0        4.0       -9.0       -8.0        5.0        9.0       -9.0       -4.0        6.0       -4.0       10.0       -7.0        9.0       -6.0       -2.0        8.0       -6.0 =    -1600.0
       8.0        0.0        1.0        1.0     -185.0        9.0        4.0        7.0        9.0       -8.0        3.0       -9.0       10.0        9.0        9.0        7.0       -8.0        7.0       -6.0       -6.0       -5.0       -3.0      -10.0        2.0        6.0       -2.0       -7.0       -1.0       -5.0        3.0       -4.0       -9.0 =     1038.0
      -5.0       -3.0        7.0        5.0       -8.0     -159.0       -8.0        3.0       10.0       -7.0        2.0       -9.0        9.0       -8.0       -7.0        1.0       10.0       -2.0       -9.0        0.0        1.0        1.0       -2.0        9.0       -2.0       -2.0        2.0       -1.0        8.0       -2.0        1.0       -5.0 =     -340.0
      -4.0        1.0       -5.0        8.0        1.0       -8.0     -160.0       -4.0        3.0        4.0      -10.0        4.0       -4.0        3.0        9.0       -1.0        6.0        6.0       -8.0        3.0        6.0        4.0       -7.0       -7.0       -6.0        3.0        9.0       -1.0       -3.0        5.0        3.0        9.0 =      705.0
       8.0        2.0      -10.0      -10.0        7.0      -10.0       -5.0     -171.0       -2.0       -3.0       10.0        0.0        0.0       -2.0        9.0        8.0        3.0        6.0        4.0        6.0        3.0        3.0       -1.0        5.0       -8.0       -7.0        9.0        7.0       -7.0        3.0       -2.0       -4.0 =      298.0
       9.0       -2.0       -8.0        3.0        2.0       -7.0      -10.0       -7.0     -184.0       -9.0        8.0       -7.0       10.0        7.0       -2.0        2.0        8.0        0.0       10.0       -7.0        9.0       -4.0       -5.0        6.0       -8.0       -4.0       -2.0        7.0        5.0       -6.0        1.0        2.0 =      915.0
      -5.0        0.0        4.0        1.0        4.0       -8.0       -8.0        6.0       -5.0     -187.0        9.0       -9.0        7.0       -6.0       -5.0       10.0        5.0        5.0        6.0       -7.0        5.0       -8.0        8.0        4.0        9.0       -8.0        9.0        6.0        0.0       -4.0        6.0        1.0 =      310.0
       1.0        1.0        0.0       -2.0        3.0       -8.0       10.0        8.0       -2.0       -1.0      162.0       -3.0        7.0       -6.0      -10.0        3.0        9.0       -2.0        4.0       10.0       10.0        4.0        5.0       -5.0        0.0       -6.0        9.0        0.0       -6.0       -5.0       10.0       -6.0 =     1552.0
      -4.0        0.0        4.0        3.0        9.0        7.0        5.0        7.0        3.0        7.0       -2.0      138.0        0.0       -9.0        2.0       -3.0        7.0        1.0        3.0        7.0       -3.0        9.0        1.0        4.0       -5.0       -7.0        1.0        1.0       -8.0       -8.0       -1.0       -5.0 =        0.0
      -6.0        7.0       -8.0       -9.0       -8.0       -8.0        1.0       -9.0       -1.0        4.0       -2.0       -8.0      191.0        6.0       -5.0        7.0        4.0       -3.0       -9.0       -5.0       -4.0       -8.0        8.0       -5.0       10.0        5.0       -8.0       -6.0        3.0        7.0        4.0       -3.0 =      710.0
      10.0       -4.0       -9.0        4.0       -1.0        2.0       -1.0        6.0        9.0       -9.0        3.0      -10.0       -6.0      171.0        5.0        8.0        5.0        6.0        4.0       -9.0        4.0        8.0        2.0       -6.0       -4.0        6.0       -9.0        3.0       -9.0       -6.0        0.0        1.0 =     1566.0
     -10.0       10.0        1.0       -2.0       -5.0        7.0        4.0       -1.0       -7.0        1.0        6.0       -5.0       10.0        2.0     -157.0        2.0        8.0        2.0        9.0       -3.0       -5.0       -4.0        6.0        8.0       -6.0       -7.0       -8.0        1.0       -4.0       -3.0        1.0        3.0 =     -876.0
       8.0       -7.0        7.0       -1.0       -5.0        3.0        2.0       -9.0        7.0       -3.0       10.0       -7.0        3.0        8.0        6.0      165.0        1.0       -3.0       -7.0        7.0        8.0        2.0        2.0       -6.0       -6.0       -6.0       -1.0       -3.0        7.0        6.0       -7.0       -1.0 =     -360.0
      -9.0       -3.0       -4.0       10.0       -8.0       -6.0       -2.0       -5.0      -10.0        0.0        3.0       -5.0       -7.0        4.0        7.0        9.0      184.0       -5.0       -7.0      -10.0        7.0        8.0      -10.0       -8.0        6.0       -1.0        6.0        6.0       -7.0        7.0        0.0       -3.0 =     -735.0
       8.0       -8.0        6.0       -2.0        0.0       10.0        3.0        2.0       -8.0        1.0      -10.0       -9.0       -6.0       -2.0       -5.0        7.0        6.0     -173.0       -2.0        2.0        2.0       10.0       -2.0       -8.0       -1.0        9.0       10.0        7.0       -8.0        4.0       -7.0       -4.0 =     -336.0
      -5.0        4.0       -2.0       -7.0       -7.0        8.0       -6.0        5.0        7.0       -8.0       -7.0       -8.0        7.0       -3.0       -3.0       -8.0      -10.0       -9.0     -177.0       -8.0       -7.0       -6.0       -2.0        8.0        2.0       -2.0        4.0       -6.0        5.0        2.0        7.0        4.0 =     2052.0
       3.0       10.0        8.0        6.0       -2.0       -6.0        3.0        9.0        7.0        1.0       10.0        5.0       -4.0       -8.0        9.0       -3.0        0.0       -9.0        5.0     -168.0        3.0        7.0        0.0        9.0       10.0        3.0        0.0        2.0        9.0       -5.0        5.0       -5.0 =      688.0
      -3.0        2.0       -1.0        7.0       -1.0       -2.0       -5.0        7.0       -6.0        9.0        0.0       -4.0       -4.0       -2.0        4.0        0.0        4.0        4.0        7.0        8.0     -145.0        8.0        5.0       -5.0        9.0        6.0       -1.0       -3.0        1.0       -8.0        3.0       -8.0 =     -456.0
      -2.0       -7.0        2.0        8.0        3.0        8.0       -6.0        2.0        9.0       -6.0        5.0       -4.0       -9.0       -5.0       10.0        2.0       -3.0       -3.0       -8.0       -5.0       -2.0      159.0        2.0        7.0        1.0        4.0        2.0        0.0        5.0       -8.0        9.0       -4.0 =      996.0
       4.0       -3.0        8.0       -3.0       -2.0       -7.0        1.0       -8.0       -2.0        3.0        4.0        7.0        2.0        7.0        4.0       -1.0       -2.0        0.0       -1.0       -7.0        4.0        0.0     -132.0       -1.0       -1.0       -7.0        3.0       -7.0       -4.0        7.0        4.0        9.0 =     -484.0
      10.0        3.0       -6.0       -8.0       -9.0        6.0        9.0        5.0        3.0      -10.0        3.0        9.0      -10.0       -5.0        5.0        2.0       -1.0      -10.0       -8.0       -8.0        6.0       -8.0       -8.0     -193.0       -6.0        6.0       -9.0        1.0       -4.0        1.0        5.0        2.0 =      227.0
       0.0        1.0        4.0        8.0       -6.0       -4.0       10.0       -3.0       -6.0        8.0        4.0       -3.0        4.0        4.0       -4.0       -1.0        6.0       -6.0       -4.0        9.0       -6.0       -7.0       -4.0        5.0      147.0       -5.0       -8.0        5.0        0.0        5.0       -1.0        4.0 =     1092.0
       1.0       -5.0       -1.0        5.0       -1.0        0.0        4.0      -10.0        4.0        0.0        1.0       -6.0        7.0        8.0        8.0       -6.0        8.0        4.0       -4.0       -5.0        7.0       -7.0        7.0        3.0        3.0      155.0       -8.0        5.0       -2.0       -2.0        9.0       -6.0 =     1232.0
       4.0       10.0        5.0        9.0       -1.0        0.0        2.0       -8.0       -2.0       -4.0        0.0        2.0       -9.0        1.0       -3.0        1.0       -5.0       -3.0        0.0       -8.0        8.0        5.0        2.0       -6.0        5.0        2.0     -141.0        5.0       -7.0        6.0        2.0        8.0 =      720.0
      -6.0        6.0       -2.0        3.0        2.0       -5.0       10.0       -6.0        7.0        9.0        9.0       -8.0        0.0       -2.0        2.0       -1.0       -9.0        0.0        2.0       -3.0        2.0       -4.0       -2.0       -9.0        7.0        3.0        9.0     -157.0        8.0       -1.0        4.0       -8.0 =    -1400.0
      -8.0       -2.0        1.0        8.0       -4.0       -3.0        7.0       -9.0        9.0        4.0        4.0       -8.0        6.0       -4.0        5.0      -10.0        0.0        1.0       -4.0       -4.0        8.0        4.0       -7.0        0.0        6.0        1.0       -6.0        0.0      152.0        0.0        8.0       -7.0 =      444.0
      -7.0        6.0        5.0       -2.0       10.0       -7.0       -6.0       -4.0        2.0        0.0       -2.0        1.0        6.0      -10.0        6.0        5.0        2.0       -8.0        8.0        9.0        4.0        7.0      -10.0       -4.0       -1.0        4.0       -1.0        1.0      -10.0      161.0        5.0       -1.0 =     -338.0
      -7.0       -5.0        6.0      -10.0        6.0        7.0        8.0        2.0       -5.0       -2.0        7.0       -9.0        7.0        3.0       -2.0       -9.0       -5.0       -7.0       -7.0       -5.0        0.0       -1.0        6.0       -8.0       -3.0        4.0       10.0        2.0       -5.0       -2.0     -176.0       -8.0 =     1040.0
       3.0       -6.0       -7.0        8.0       -7.0        8.0        6.0        7.0       -3.0       -8.0        4.0       -1.0       -6.0        2.0        7.0       -6.0        2.0        8.0       -1.0       -7.0        6.0       -8.0        7.0       -8.0        7.0      -10.0       -6.0        3.0       -3.0       -8.0        5.0     -178.0 =    -1710.0

       8.0        6.0        7.0       -8.0       -6.0        2.0       -5.0       -2.0       -5.0       -2.0        8.0        0.0        5.0        9.0        6.0       -2.0       -5.0        2.0       -9.0       -8.0        4.0        6.0        4.0       -1.0        7.0        7.0       -6.0       10.0        3.0       -2.0       -5.0        9.0
