32
     179.0       -6.0       -3.0        7.0       -7.0        3.0       -7.0        5.0      -10.0       -2.0        0.0        0.0      -10.0       -8.0        8.0       -9.0        6.0       -8.0        2.0        2.0       -4.0        0.0      -10.0       -6.0      -10.0        8.0       -1.0       -9.0        6.0       -1.0      -10.0        7.0 =        0.0
      -6.0      175.0       -5.0       -5.0       -8.0       10.0       -6.0        0.0        8.0        8.0       -7.0        1.0        0.0       -7.0       -4.0       -4.0        4.0        9.0        8.0       -8.0       -9.0       -5.0        7.0        6.0        8.0        0.0       -8.0        0.0        7.0        5.0       -4.0        7.0 =     1239.0
      -8.0        0.0     -162.0       -8.0        0.0        3.0       -6.0       -9.0        5.0        8.0       -7.0       -1.0       -4.0        6.0       -9.0       -1.0       -7.0      -10.0       -9.0       -5.0       -4.0       -3.0       -1.0       -8.0       -9.0       -3.0        4.0       -1.0       -7.0        2.0       -6.0        2.0 =    -2064.0
      -2.0        3.0       -6.0      125.0        0.0        7.0        0.0       -3.0        9.0       -1.0       -3.0       -4.0       10.0       -1.0        1.0        7.0       -2.0       -5.0        5.0        6.0       -1.0       10.0       -6.0        3.0       -2.0        1.0       -9.0       -1.0       -2.0       -9.0       -1.0        3.0 =        0.0
       7.0        2.0        6.0        0.0      159.0        7.0       -9.0        8.0       -1.0       -6.0       -4.0       -9.0        8.0       -8.0       -2.0        0.0        8.0        8.0      -10.0        8.0        5.0       -6.0        2.0       -2.0       -4.0        0.0        3.0        0.0       -2.0        4.0        3.0       -8.0 =    -1169.0
       7.0       -8.0        8.0       -2.0       -4.0     -188.0        9.0       -9.0       -6.0        9.0       -9.0        3.0       -8.0       -8.0       -6.0       -6.0       -8.0      -10.0        4.0        4.0        4.0       -5.0        0.0       -9.0        0.0       -5.0        6.0        3.0       -8.0       -3.0       -6.0        2.0 =    -1992.0
       8.0       -2.0       -2.0        6.0        7.0        8.0      152.0        7.0       -6.0       -3.0      -10.0       -1.0        0.0        1.0       -2.0        2.0       -8.0        8.0       -6.0       -2.0       -7.0       -3.0        1.0       10.0       -3.0       -6.0        8.0        1.0        3.0        8.0        1.0       -7.0 =      815.0
       8.0       -3.0        6.0       -4.0        3.0       10.0        1.0     -163.0        6.0       -2.0        6.0       -1.0        7.0        0.0       -7.0       -3.0        2.0       -6.0       -4.0        5.0       -9.0      -10.0       -6.0       -2.0       -7.0       10.0        5.0       -7.0        0.0       -5.0       -7.0        9.0 =      336.0
      -9.0        2.0        8.0        1.0        8.0        7.0       -1.0        3.0     -151.0       -6.0       -9.0        1.0       -6.0        1.0       -8.0        7.0        0.0        5.0      -10.0       -8.0        3.0        7.0        0.0       -1.0       -8.0        1.0       -6.0        5.0        0.0        8.0        8.0       -1.0 =     1043.0
      -5.0        5.0        4.0       -5.0       -1.0       -6.0       -3.0       -6.0       10.0     -137.0        2.0       -5.0        2.0        7.0       -3.0       -3.0        4.0       -3.0        5.0        1.0       -6.0        3.0       -7.0       -1.0        5.0       -2.0        2.0        1.0       -3.0       -3.0       10.0       -8.0 =     1314.0
       2.0        9.0       -9.0        3.0       -4.0       -8.0        1.0        0.0       -8.0        8.0      161.0        4.0        5.0        3.0        4.0       -3.0        6.0       -7.0        7.0       -1.0       -9.0       -8.0       -5.0       -7.0        0.0       -2.0       -6.0        8.0        1.0        3.0        7.0       -4.0 =      755.0
       3.0       10.0       -3.0        9.0       -7.0       -9.0       -4.0        5.0       -3.0       -2.0        0.0      147.0        4.0        2.0       -6.0        4.0       -5.0        4.0        2.0        5.0        1.0       -6.0       -4.0       -3.0       -1.0       -8.0       -3.0        9.0       -4.0       -3.0       -8.0       -6.0 =      840.0
       7.0       -2.0        0.0        5.0        1.0        1.0        5.0       -5.0       -1.0        2.0        6.0       -9.0      165.0        5.0      -10.0        5.0       -6.0        6.0        9.0       -8.0       -9.0        5.0       -6.0       -3.0       -3.0        7.0       -1.0       -6.0       -3.0       -4.0      -10.0       -7.0 =     -680.0
       5.0        2.0        8.0       -4.0        1.0        6.0        8.0       -4.0        3.0        0.0        5.0        5.0        8.0      147.0       -6.0        2.0        4.0        2.0      -10.0       -9.0       -5.0        9.0       -1.0       -2.0       -3.0       -2.0       -9.0        8.0        5.0       -5.0        0.0       -4.0 =     1476.0
      -5.0       -7.0       -3.0       -4.0        0.0       -7.0       -8.0        8.0       -8.0       -8.0       -7.0       -8.0        5.0        5.0     -170.0        3.0       -9.0        6.0        7.0        4.0       -7.0        0.0        9.0        1.0       -1.0       -6.0        1.0        6.0       -3.0       -6.0        9.0       -3.0 =     -618.0
       3.0        3.0       -2.0       -3.0        2.0       -7.0      -10.0       -3.0       -2.0        5.0        5.0        1.0        2.0        7.0       -1.0      123.0       -1.0        9.0       -8.0        0.0       -7.0        0.0       -8.0        1.0        1.0        6.0        3.0        7.0       -1.0        3.0        2.0       -6.0 =      372.0
       3.0       -5.0        8.0        0.0       -3.0        6.0        6.0        6.0       -3.0        4.0        6.0       -3.0       -8.0       -6.0        0.0      -10.0     -173.0        8.0       -9.0       -6.0       -6.0        2.0        1.0       -3.0        6.0       -8.0        6.0        9.0       -9.0       -5.0        0.0       10.0 =     1056.0
       7.0        7.0        0.0       -6.0       -7.0       -6.0        4.0       -3.0       -9.0        1.0        8.0       -4.0       -8.0        5.0        0.0        0.0       -7.0     -150.0        0.0       -5.0       -4.0        9.0       -5.0       -1.0       -7.0       -2.0        3.0       -8.0        7.0       -6.0        5.0       -2.0 =      736.0
       8.0       10.0        2.0       -1.0        8.0        8.0        9.0        9.0        0.0       -2.0       -5.0       -1.0       -8.0        1.0      -10.0       -9.0       -3.0       -6.0     -170.0       -6.0      -10.0        2.0        9.0        2.0       -2.0       -3.0        4.0        9.0        6.0        5.0        0.0        6.0 =      552.0
      -5.0        9.0        7.0        9.0        2.0       -9.0        8.0       -8.0       -5.0       -9.0       -9.0       -6.0       -9.0       -8.0        8.0      -10.0       10.0        2.0       -9.0      214.0        7.0       -5.0       -5.0       -4.0        6.0        4.0        1.0       -3.0       -4.0        9.0       10.0       -5.0 =     1351.0
       3.0       -8.0       -6.0        1.0        4.0       -2.0        6.0        6.0        9.0        9.0       -4.0        6.0       -6.0      -10.0        2.0       -8.0        0.0       -7.0       -2.0        6.0     -161.0       -6.0       -3.0        3.0        5.0       -1.0       -3.0       -9.0       -6.0       -1.0       -4.0        5.0 =     -546.0
      -9.0       -1.0        6.0        4.0        1.0       -5.0        8.0        2.0        7.0       -6.0        1.0       -8.0        1.0       -1.0        4.0       -6.0        6.0       -8.0        3.0       -6.0        2.0      158.0       -5.0       -8.0        4.0        2.0       -4.0       10.0       -8.0       -7.0        6.0       -2.0 =     -564.0
       0.0       -8.0        1.0        3.0       -8.0       -6.0       -1.0        9.0        7.0        3.0        6.0        6.0       -5.0        6.0       -3.0        5.0        6.0       10.0       -2.0      -10.0        5.0       10.0     -162.0       -2.0        4.0       -2.0       -4.0       -1.0        9.0        5.0        9.0        5.0 =     -420.0
      -7.0       -4.0        2.0        1.0        9.0        0.0        8.0        6.0       -6.0        8.0       -8.0        5.0        9.0       -3.0        5.0        8.0        6.0        0.0       -8.0        6.0       -7.0        1.0        6.0      173.0       -3.0       -5.0       10.0        2.0       -4.0        9.0       -6.0       -9.0 =    -2040.0
      -2.0        7.0       -1.0        7.0        6.0        0.0       -1.0        0.0        1.0       -1.0       -6.0       -6.0       -6.0        5.0       -2.0        1.0        7.0       -1.0        7.0        4.0       -5.0       -4.0        5.0        1.0     -123.0        6.0       -4.0        1.0        9.0        6.0        3.0        6.0 =     -640.0
      -8.0       -1.0        5.0        9.0       -8.0       -1.0        0.0       -7.0       -1.0       -6.0        4.0        3.0        5.0        3.0       -9.0        0.0       -8.0       -5.0        5.0       -7.0       -9.0        4.0       -6.0       -4.0        8.0     -162.0       -3.0        1.0        9.0       -3.0       -5.0      -10.0 =     -828.0
       4.0        4.0        1.0        0.0       -8.0       -8.0        2.0       -5.0        6.0       -9.0       -7.0        1.0       -7.0        5.0        5.0        2.0        2.0        5.0       -9.0       -6.0        6.0       -4.0       -6.0       -8.0        8.0        3.0      163.0        2.0        4.0        5.0       10.0       -8.0 =     -306.0
       1.0        7.0        6.0        5.0       -4.0       -5.0       -7.0        5.0       10.0        6.0        1.0        9.0      -10.0        4.0       -1.0       -6.0       -5.0       -5.0        8.0      -10.0        9.0      -10.0       -9.0       -7.0        6.0        1.0        2.0      180.0       -4.0        6.0        4.0        6.0 =      386.0
      -8.0       -1.0       -2.0       -2.0        1.0       -5.0       -6.0        1.0        1.0       -8.0        2.0        9.0        0.0       -1.0        8.0       -5.0        2.0        3.0        5.0        3.0       -1.0       -1.0        1.0       -2.0       -5.0        0.0        4.0        8.0      111.0        9.0        1.0       -3.0 =     -833.0
      -6.0        9.0       -1.0        0.0        5.0       -4.0        6.0        1.0       -7.0        7.0        8.0        6.0      -10.0       -9.0        8.0        4.0        8.0       -6.0        0.0        2.0       -7.0        2.0       -5.0      -10.0       -9.0        3.0        1.0        3.0      -10.0      185.0       -9.0       -9.0 =     -780.0
       5.0        8.0       -1.0        7.0       -1.0       -7.0       -6.0        4.0       -9.0        4.0       -3.0        1.0        0.0       -3.0        1.0        7.0        1.0        5.0        8.0       -2.0       -5.0        5.0       -4.0        1.0       -5.0       -2.0       -6.0       -1.0        4.0        6.0     -129.0       -6.0 =     -615.0
      -7.0       -9.0       -6.0        2.0        5.0       -1.0        0.0        3.0        6.0        1.0       -7.0       -1.0        0.0        8.0       -2.0        9.0       -9.0      -10.0        4.0       -4.0        9.0        6.0       -6.0       -6.0       -6.0        3.0       -7.0        1.0        3.0       -4.0        9.0      160.0 =     -576.0

       0.0        7.0        8.0        0.0       -7.0        8.0        5.0       -2.0       -7.0       -9.0        5.0        7.0       -5.0        9.0        3.0        3.0       -6.0       -4.0       -4.0        7.0        3.0       -4.0        4.0      -10.0        8.0        4.0       -2.0        2.0       -7.0       -5.0        5.0       -4.0
