32
    -163.0       -5.0        6.0       -4.0       -5.0        4.0       -7.0       -3.0        8.0       -9.0        9.0       -3.0        8.0       -4.0        7.0       -4.0       -2.0        3.0        2.0        1.0        0.0        5.0        7.0       -4.0       -7.0        8.0       -9.0       -1.0       -8.0       -5.0       -3.0       -9.0 =     -187.0
       2.0     -153.0      -10.0       -4.0       -5.0        9.0       -9.0        8.0       -7.0        6.0       -2.0        8.0       -2.0        9.0        0.0        0.0       -9.0        6.0        5.0       -2.0        6.0        8.0        5.0       -2.0        2.0        0.0        2.0       -6.0        5.0        4.0       -2.0        4.0 =    -1240.0
      10.0       -6.0      190.0       -7.0       -2.0       -6.0        9.0       -4.0       -9.0       -5.0       -1.0        6.0        9.0       10.0        6.0       10.0        2.0       -8.0        3.0       -2.0      -10.0       -3.0       10.0       -9.0        4.0        9.0        4.0        6.0       -8.0        0.0       -2.0        6.0 =     -212.0
       2.0        0.0       -5.0     -140.0        3.0        8.0       -6.0        6.0       -3.0       -2.0       -1.0      -10.0       -5.0       -8.0        2.0       -2.0        4.0       -8.0       -4.0       -2.0       -6.0        7.0       -7.0       -7.0       -9.0        4.0        0.0        3.0        0.0       -5.0       -2.0        2.0 =      955.0
       8.0       10.0        6.0        6.0     -181.0        7.0       -7.0        3.0       -6.0        2.0        1.0        6.0       10.0        5.0       -7.0       -7.0        5.0        8.0       -1.0       -2.0        7.0        7.0        2.0        6.0       -8.0        4.0       -4.0        8.0       -3.0       -3.0        9.0        7.0 =     -918.0
       9.0        6.0        1.0        2.0       -1.0      153.0        7.0       -6.0        0.0       -9.0       -5.0       -8.0       -5.0        3.0       -7.0       -4.0       -4.0        1.0       -2.0      -10.0        3.0        1.0        9.0      -10.0       -5.0        5.0        2.0       -5.0       -8.0       -4.0       -8.0       -2.0 =     -396.0
      10.0       -7.0        5.0        4.0        8.0       -6.0      183.0        8.0       -8.0       -8.0       -6.0        9.0        7.0       -1.0        9.0        5.0       -9.0       -5.0       -4.0        3.0       -9.0       -5.0        9.0        5.0        1.0        2.0        7.0        0.0       -7.0        7.0        5.0        1.0 =      852.0
       9.0        3.0       -1.0      -10.0       -6.0       10.0       -4.0     -167.0        6.0        2.0        6.0       -1.0        5.0        8.0       -7.0        6.0       -9.0       -3.0        0.0       -7.0       -3.0      -10.0        5.0       -2.0        4.0       -4.0       -6.0       -7.0        3.0       10.0        0.0       -7.0 =      177.0
       1.0        0.0        8.0        9.0        0.0        2.0       -9.0       -2.0     -162.0        7.0       -3.0       -1.0       10.0       -9.0        0.0       -3.0       -7.0       -4.0       10.0        2.0       10.0       -9.0       -3.0        5.0        8.0        6.0        4.0        3.0        3.0        8.0        6.0        0.0 =      330.0
      -7.0        9.0        4.0        1.0        2.0        7.0       -7.0       -7.0        0.0      141.0       -5.0        8.0        1.0        3.0       -1.0       -8.0       -5.0        4.0       -3.0       -3.0       -9.0       -7.0       -2.0        2.0       -1.0       -1.0       -4.0        0.0       -6.0        3.0        8.0       -5.0 =      896.0
      -7.0        2.0        2.0        0.0        2.0       -4.0       -6.0        5.0        7.0        5.0     -160.0       -3.0        1.0        3.0       -2.0       -2.0        7.0        9.0        8.0        7.0        7.0        9.0        9.0       -3.0        8.0        9.0       -2.0       -8.0       -8.0        6.0        2.0        3.0 =     -752.0
       5.0        1.0        3.0       -2.0        1.0       10.0       -9.0        8.0        9.0       -6.0       -4.0     -148.0        7.0        1.0        3.0       -9.0       -1.0        0.0        3.0       -4.0        8.0        0.0        1.0       -1.0       -9.0       -1.0        8.0       10.0        2.0       -1.0        9.0        9.0 =      291.0
       0.0        1.0       -3.0        7.0       -8.0       -2.0        3.0        8.0        6.0       -3.0        3.0        6.0     -141.0        3.0        3.0       -2.0       -5.0       -7.0        2.0        6.0       -2.0       -4.0       -3.0        7.0        4.0        9.0       -2.0        0.0       -9.0        9.0       -5.0        2.0 =     -936.0
      -9.0       -2.0        3.0        9.0        9.0       10.0        8.0       -7.0       -3.0       -2.0       10.0       -2.0        0.0     -153.0       -3.0       -4.0       -8.0       -1.0        3.0      -10.0       -7.0       -2.0        4.0       -8.0       -7.0       -3.0        0.0        5.0       -2.0        0.0        0.0        7.0 =        0.0
       9.0      -10.0       10.0       -5.0       -2.0        2.0        3.0       -1.0      -10.0       -5.0        3.0       -8.0        6.0        1.0      167.0        9.0        0.0        0.0        1.0        5.0       -2.0       -6.0        7.0        4.0       -7.0      -10.0        7.0       -4.0        5.0        9.0        0.0       -8.0 =     -850.0
       1.0        6.0       -5.0        0.0        5.0        8.0       -1.0        6.0       -7.0        5.0        2.0       -6.0        7.0       10.0        2.0      165.0       -8.0        8.0       -1.0       -1.0        8.0       10.0       -9.0        1.0        4.0        8.0        5.0       -9.0        5.0       -8.0        4.0       -1.0 =        0.0
       6.0        6.0      -10.0       -3.0       -7.0        9.0       -8.0       -4.0        7.0        1.0       -3.0       -5.0        0.0      -10.0        1.0       10.0     -173.0      -10.0        5.0        5.0        1.0        0.0       -2.0       -4.0        4.0       -7.0        8.0        6.0       -9.0        5.0       -7.0       -1.0 =      378.0
      -3.0      -10.0        5.0        7.0        9.0        9.0       -2.0        9.0        8.0        7.0      -10.0        6.0        0.0        7.0       -5.0        9.0        0.0     -167.0        3.0       -9.0        1.0        6.0       -9.0       -4.0        6.0       -8.0       -1.0        5.0       -1.0        0.0        1.0       -7.0 =      414.0
      -5.0       -1.0        5.0        4.0        2.0       -6.0       -9.0        3.0        4.0       -4.0       -4.0        8.0        3.0       -3.0        4.0       -8.0        5.0       -2.0     -145.0        9.0       -4.0        4.0       -9.0        3.0        1.0        3.0        5.0        4.0       -4.0       -9.0       -5.0       -2.0 =      612.0
       7.0       -1.0        6.0       -4.0       -5.0       -7.0        7.0       -6.0        7.0       -4.0       -4.0       -6.0       -9.0       -6.0      -10.0        8.0        3.0       -6.0        8.0     -177.0        8.0       -4.0        4.0       -7.0       -4.0       -2.0       10.0        4.0        3.0        8.0       -7.0       -2.0 =      564.0
      -9.0        4.0       -4.0       -8.0       -9.0       -6.0        5.0        8.0        6.0        7.0        6.0      -10.0        8.0        6.0        5.0        1.0       -2.0      -10.0       -4.0       -6.0     -182.0       -9.0        7.0       -1.0        6.0        9.0        4.0        0.0        5.0       -9.0        6.0       -1.0 =      531.0
       1.0       -1.0        2.0        1.0       -6.0        8.0        0.0        3.0       -6.0        9.0       -7.0        3.0        8.0       -1.0       -4.0       -3.0        1.0       -3.0        8.0        9.0       -2.0     -129.0        1.0       -7.0        1.0       -2.0       10.0       10.0        5.0       -1.0        6.0        0.0 =      688.0
       0.0       -1.0       -4.0       -7.0       -3.0        6.0        8.0        8.0       -1.0        9.0       -5.0        7.0       -3.0      -10.0       -1.0       -1.0       -6.0        1.0       10.0        0.0        8.0       -4.0     -156.0       -8.0        1.0       -6.0      -10.0       -3.0       -1.0        2.0      -10.0        4.0 =    -1232.0
       2.0       -8.0        2.0       10.0       -7.0        6.0        8.0        3.0        6.0       -7.0       -9.0      -10.0       -9.0        3.0       -1.0        3.0        2.0       -6.0       -9.0       -3.0       -8.0        1.0       -6.0     -188.0       10.0       -8.0       -2.0      -10.0       -7.0       -7.0        8.0       -6.0 =    -1482.0
      -6.0        1.0       -5.0       -7.0        0.0       -1.0        7.0        3.0       -7.0       -3.0        3.0        2.0        3.0       -1.0        2.0        4.0        7.0       -6.0        5.0      -10.0       -9.0      -10.0        0.0       -9.0     -159.0       -8.0       -3.0        4.0       -9.0        6.0        9.0        8.0 =     1323.0
       4.0       -9.0        6.0       -6.0       -5.0        7.0       -2.0       -1.0       -8.0       -9.0       -5.0        9.0       -8.0        3.0       -1.0        1.0       -3.0        4.0        9.0        0.0        0.0        8.0       -6.0      -10.0        2.0     -176.0        8.0      -10.0        4.0        3.0       -6.0      -10.0 =    -2070.0
       5.0        7.0        9.0        4.0       -2.0        9.0        8.0        8.0       -7.0       -2.0        9.0        8.0       10.0        3.0        8.0        3.0       -7.0        3.0        4.0        7.0       -1.0        1.0        3.0       -1.0        7.0        7.0     -172.0       -6.0       -5.0       10.0        7.0        0.0 =     -441.0
      -6.0        2.0        2.0        9.0       -9.0        1.0       -8.0       -3.0        5.0       -2.0        6.0        0.0       -3.0       -4.0        0.0       -8.0       -1.0       -1.0        3.0       -4.0        6.0        8.0        6.0        9.0       -2.0        0.0        1.0     -128.0       -4.0        7.0       -2.0        2.0 =     -708.0
       5.0       -2.0        2.0       -7.0        4.0       -6.0        9.0        3.0       -5.0       -5.0       -7.0        1.0       -2.0       -6.0       -6.0        3.0        2.0      -10.0       -8.0        6.0       10.0       -1.0        9.0        6.0       -7.0        0.0       -7.0        9.0      169.0        7.0       -4.0       -1.0 =     -483.0
      -2.0       -8.0       -9.0       -9.0       -6.0        5.0       -7.0       -5.0        4.0        8.0        7.0        8.0        8.0       10.0       -6.0      -10.0        4.0       -3.0        0.0       -2.0        0.0      -10.0       -4.0        5.0       -1.0        4.0       -9.0       -2.0       -4.0      183.0       -5.0       -8.0 =     -816.0
      -5.0       -7.0       10.0        3.0       -2.0       -9.0       -7.0       -9.0        9.0       -3.0        3.0      -10.0       -6.0        3.0      -10.0       -7.0       -9.0        5.0        3.0       -8.0        4.0        5.0       -4.0       -5.0        6.0       -6.0        6.0       -3.0        5.0        9.0     -186.0       -4.0 =    -1603.0
      -6.0        9.0        3.0        5.0        1.0        7.0        0.0        2.0        4.0        9.0      -10.0       -8.0       -4.0        2.0       -8.0       -2.0       -8.0        0.0       -9.0        0.0       -7.0       -7.0       -8.0       -6.0        3.0        6.0       -1.0       10.0       -9.0        4.0      -10.0      173.0 =      405.0

       1.0       10.0       -1.0       -5.0        9.0       -4.0        4.0       -1.0       -3.0        8.0        8.0       -3.0        8.0        0.0       -5.0        0.0       -2.0       -3.0       -4.0       -3.0       -3.0       -8.0        7.0        6.0       -7.0       10.0        7.0        6.0       -3.0       -6.0        7.0        3.0
