32
     152.0        5.0       -6.0       -9.0        0.0        1.0       -2.0        8.0       -9.0       -4.0       -1.0        8.0       -4.0      -10.0        4.0       -9.0        2.0       -4.0        5.0       10.0       -1.0       -2.0        5.0        4.0        9.0       -9.0       -2.0        3.0       -6.0       -2.0       -1.0        1.0 =      952.0
      -9.0     -172.0       -6.0        1.0        8.0        1.0        2.0        6.0        7.0        9.0       10.0        2.0       -8.0       -2.0       -8.0        6.0        3.0       -4.0        6.0       -6.0        3.0       -3.0       -4.0        8.0        9.0        2.0       -8.0       -5.0        4.0        7.0       -5.0       -8.0 =      616.0
      10.0        1.0     -162.0       -7.0       -8.0        7.0       -9.0        8.0       -4.0        8.0        1.0       -1.0        8.0        4.0        4.0        7.0       -7.0        5.0        1.0        1.0       10.0       -1.0        6.0        1.0       -2.0        7.0        8.0        1.0       -1.0       -6.0       -7.0        3.0 =     -684.0
      -4.0       -7.0        3.0      157.0        3.0        3.0       -4.0        8.0        0.0       -5.0       -8.0        9.0        5.0        0.0        9.0       -8.0        9.0        3.0       -6.0       -3.0        0.0        8.0       -6.0       -7.0       -6.0      -10.0        1.0        3.0        2.0        8.0       -3.0       -3.0 =     1208.0
      -4.0        3.0        1.0        2.0      156.0       -4.0       -1.0       -8.0       -9.0        3.0       -5.0      -10.0        5.0        0.0       -9.0       -7.0        5.0        1.0       -1.0        4.0        4.0       -4.0        3.0        2.0       -7.0        7.0       -6.0        9.0        8.0        4.0       -7.0       -8.0 =     -508.0
      -7.0       10.0       -6.0        0.0       -4.0      155.0        3.0        9.0       -8.0        0.0        6.0       -3.0        0.0       -1.0       -9.0       -1.0        3.0        9.0       -7.0       -5.0        1.0       -8.0        9.0        5.0        5.0       -7.0        0.0        4.0        2.0       -7.0       10.0       -2.0 =     -468.0
       2.0       -1.0        6.0        2.0       -5.0        9.0     -161.0      -10.0        4.0        2.0       -3.0        3.0        7.0       -6.0       -2.0       -9.0        7.0        4.0        5.0        9.0       -3.0       -9.0        3.0        7.0        7.0        4.0        4.0        4.0        6.0       -7.0        1.0        8.0 =      336.0
      -3.0        5.0       -2.0       -3.0        6.0        3.0       -4.0      163.0        3.0        3.0        4.0       -1.0       -9.0        7.0       -8.0       -7.0      -10.0       -7.0        8.0        5.0       -1.0       -4.0       -5.0        0.0       -7.0      -10.0        8.0       -2.0       -5.0       -4.0        8.0      -10.0 =     -605.0
       8.0        1.0        9.0      -10.0       -9.0       10.0        8.0       -6.0     -176.0        6.0        1.0       -1.0        5.0        1.0        9.0        1.0        8.0        0.0        8.0        2.0      -10.0       -8.0       -3.0       -3.0        3.0        8.0       -3.0       -9.0        8.0        8.0       -6.0       -2.0 =      994.0
       1.0        8.0        5.0       -5.0        7.0        8.0       -4.0        6.0       -8.0     -178.0      -10.0       -2.0        4.0        5.0       -8.0        1.0       10.0        7.0        7.0        5.0       -8.0        1.0        7.0        2.0        8.0        8.0       -1.0        8.0        6.0       -2.0        0.0        6.0 =      848.0
       0.0       -9.0        6.0      -10.0        2.0       -6.0        2.0       -9.0       -7.0       -2.0      168.0        9.0        1.0        0.0        9.0       -8.0        1.0       -3.0        4.0       10.0       -6.0       -4.0       -4.0       -9.0       -4.0       -9.0        8.0        8.0        1.0        8.0        3.0       -4.0 =      292.0
       2.0        9.0        3.0        2.0       -3.0        0.0       -8.0        9.0        9.0       -2.0       -3.0     -163.0        2.0       -3.0        5.0       -8.0       -5.0       -5.0        9.0       -9.0       -7.0       -6.0       -5.0       -8.0        5.0       -4.0        5.0       -2.0       -3.0        9.0       -3.0        8.0 =     1020.0
      -2.0        1.0        8.0       -3.0        0.0       -1.0        1.0        1.0        4.0        7.0        2.0        5.0     -142.0       -6.0        7.0       -8.0       -5.0      -10.0       -5.0        2.0       -3.0        7.0       -9.0        4.0       -1.0       -7.0       -3.0        8.0        0.0        4.0       -6.0        7.0 =      286.0
       0.0        6.0       -5.0        2.0        6.0       -2.0       -1.0       -9.0       -1.0       -7.0        2.0        6.0       -4.0      151.0        4.0       -3.0        7.0       -7.0       -3.0        6.0       -9.0        4.0       -4.0       -9.0        9.0        1.0        4.0       -5.0        6.0       -6.0        3.0        7.0 =    -1043.0
      -7.0       -3.0       -6.0       -3.0        2.0        8.0        9.0       -4.0       -2.0        2.0        7.0       -5.0        6.0        9.0      172.0        5.0        6.0       -8.0        0.0        8.0       -5.0        5.0       -6.0        7.0        9.0      -10.0        8.0       -3.0        5.0       -4.0        4.0        1.0 =      621.0
      -7.0        0.0        6.0       -6.0        7.0       -9.0       -5.0       -6.0      -10.0       -4.0        8.0       10.0       -4.0        1.0       -2.0     -170.0       -2.0        4.0       -3.0       -7.0        6.0       -3.0       -2.0       -8.0        4.0       -9.0        1.0        8.0       10.0        9.0       -6.0       -1.0 =     1710.0
       2.0        3.0       -4.0        1.0        9.0       -4.0        4.0       -9.0        9.0        0.0        3.0        9.0        9.0        1.0        0.0        1.0     -149.0       -1.0       -5.0        3.0        2.0       -1.0        9.0        6.0       -9.0        0.0       -7.0       -7.0       -8.0       -9.0        7.0        5.0 =    -1300.0
      -8.0       -2.0        4.0       -9.0        9.0       -2.0        9.0       -8.0        3.0       -1.0        8.0       10.0       -3.0       -1.0       -4.0        1.0        9.0     -159.0       -3.0       -3.0        2.0        4.0       -6.0       -9.0        4.0       -6.0       -2.0        8.0        2.0       -1.0       -9.0        8.0 =     -465.0
      -1.0        7.0        7.0        0.0       -6.0       -4.0        0.0        8.0       -6.0       -1.0       -3.0       10.0       -7.0       -4.0        8.0       -1.0        3.0       -5.0      153.0       -9.0       -4.0        7.0        4.0        6.0       -3.0      -10.0        5.0        7.0       -5.0       -4.0        4.0        2.0 =      474.0
      -2.0       -9.0       -4.0       -5.0        6.0        6.0       -5.0        1.0       -8.0        6.0       -6.0       -2.0        2.0        0.0       -3.0        8.0        1.0       -5.0       -8.0      148.0        4.0       -6.0       -7.0        7.0        3.0       -5.0        1.0        5.0        7.0       -1.0       -3.0       -7.0 =    -1071.0
       4.0       -1.0      -10.0       -4.0        8.0        7.0       -6.0        3.0        4.0       -6.0        8.0       -6.0        6.0        4.0        0.0        3.0       -3.0        7.0       -6.0        3.0     -165.0        0.0        3.0       -7.0       -4.0       -7.0       -6.0       -6.0        8.0        5.0       -9.0        4.0 =     -845.0
       6.0       -5.0       10.0        9.0       10.0       -8.0        8.0       -8.0       -9.0       -8.0       10.0       -3.0       -9.0       -8.0        2.0       -7.0        4.0        1.0       -7.0       -4.0        2.0     -195.0        4.0        2.0        8.0        5.0        5.0       -6.0       -9.0        2.0       -8.0       -1.0 =     1449.0
      -6.0        6.0       -9.0        4.0        0.0        1.0        6.0        9.0       -9.0        5.0       -3.0        9.0       -3.0        9.0       -3.0        5.0        4.0       -3.0        8.0       -8.0        7.0        3.0     -190.0        7.0        9.0        3.0       -5.0        8.0       -5.0       -9.0      -10.0       -6.0 =      166.0
       5.0       -2.0       -5.0       -4.0        8.0        0.0        5.0       -2.0        8.0        9.0       -5.0        0.0        9.0        0.0        3.0       -1.0        4.0       -4.0       -2.0       10.0        7.0       -2.0        4.0     -144.0       -9.0       -2.0       -3.0        0.0       -5.0        7.0        8.0       -6.0 =      654.0
      -2.0        9.0       -4.0       -1.0        7.0       -6.0        1.0       -7.0        0.0       -2.0        6.0        1.0       -9.0        3.0        6.0        0.0        9.0       -7.0        6.0        5.0        5.0        8.0       -1.0       -6.0      141.0        0.0        6.0        0.0       -8.0        1.0        3.0       -9.0 =      930.0
      -4.0       -2.0       -8.0       -1.0        5.0        1.0        0.0       -9.0        2.0       -3.0       -6.0        7.0        7.0       -2.0        9.0        9.0       -8.0        1.0        6.0       -7.0       -8.0       -2.0        4.0        9.0        8.0     -158.0        5.0        5.0       -3.0       -3.0       -4.0       -9.0 =     1113.0
      -9.0       -9.0        1.0        9.0        2.0        2.0       -8.0        6.0       -4.0        1.0       -2.0       -2.0        9.0       -1.0       -5.0        9.0        3.0       -6.0        3.0        5.0        1.0        7.0        9.0       -1.0       -2.0       -2.0     -145.0        0.0        7.0       -7.0       -6.0       -2.0 =      411.0
       5.0        9.0       -2.0       -8.0       -4.0      -10.0        8.0       -9.0        4.0       -5.0       -1.0       -1.0       -5.0        4.0        7.0        2.0        9.0        7.0       -9.0        2.0       10.0       -3.0        3.0        0.0        5.0        3.0        7.0      174.0        8.0        2.0       -9.0       -4.0 =    -1393.0
       4.0       -7.0       -7.0       -4.0        7.0       -3.0        8.0       -9.0       -2.0        9.0       -2.0       -6.0       -4.0        1.0       -4.0       -4.0       -3.0        9.0        6.0        9.0       -2.0       -1.0        6.0        2.0        5.0        1.0        9.0        5.0      156.0        2.0        3.0       -3.0 =    -1629.0
      -3.0      -10.0       -5.0       -4.0       -3.0        6.0       -2.0       -4.0        9.0        7.0        9.0        7.0       -1.0       -8.0       -4.0        5.0       -1.0        5.0       -9.0       10.0        5.0       -4.0       10.0        6.0        9.0       -5.0        4.0       -3.0       -8.0     -176.0        0.0       -8.0 =     -996.0
       5.0      -10.0       -5.0       -4.0        1.0       -2.0        8.0        9.0        2.0       -7.0       -8.0       -5.0        5.0        2.0        3.0        9.0       -7.0        1.0       10.0        9.0        6.0        6.0       -4.0       -6.0       -1.0       -6.0       -1.0       -2.0       -1.0        6.0      164.0        5.0 =    -1092.0
      -6.0       -8.0        1.0       -9.0        3.0       -8.0        2.0       10.0       -7.0       -1.0        2.0       -7.0        8.0        0.0       -5.0       -8.0       -3.0       -8.0        3.0       -6.0       10.0        0.0        6.0       10.0        3.0        1.0       -5.0       -7.0        0.0       -8.0       -6.0      165.0 =      122.0

       7.0       -4.0        6.0        8.0       -4.0       -3.0       -3.0       -5.0       -7.0       -8.0        2.0       -6.0       -2.0       -7.0        3.0       -9.0       10.0        3.0        3.0       -9.0        5.0       -7.0       -1.0       -6.0        6.0       -7.0       -3.0       -7.0       -9.0        6.0       -6.0        1.0
