34
     149.0        2.0        0.0        4.0        6.0        0.0        9.0        0.0        4.0       -1.0        2.0       -5.0        7.0       -8.0        0.0       -5.0        1.0       -6.0       -3.0        7.0        2.0       -7.0       -6.0       -8.0        2.0        7.0        6.0       -8.0        6.0       -4.0        1.0       -5.0       -2.0        9.0 =      624.0
       0.0     -181.0        9.0        3.0        6.0       -8.0        9.0       -5.0       -7.0       -4.0        5.0       10.0       -9.0        9.0       -3.0       -4.0        0.0       -4.0        6.0        6.0       -9.0       -1.0        3.0        8.0        9.0        7.0       -2.0       -4.0        1.0       -6.0        1.0        5.0        8.0        4.0 =      138.0
      -7.0        6.0     -177.0        7.0       -7.0        2.0        8.0        9.0        8.0        6.0        6.0       -4.0        7.0       -6.0        0.0       -8.0       -4.0       -5.0        2.0        4.0       -9.0       -3.0       -1.0       -2.0        4.0       -7.0       -4.0        8.0        6.0        2.0        2.0       -7.0        2.0        7.0 =        0.0
       0.0        0.0       -1.0      158.0        5.0        6.0        7.0        1.0       -5.0       -2.0       -6.0      -10.0        2.0       -2.0       -1.0       -4.0        7.0       -1.0        0.0       -8.0       -9.0       -9.0        2.0        2.0        8.0        0.0       -6.0       -9.0        9.0        6.0        4.0        6.0       -8.0       -7.0 =     -405.0
       2.0        9.0       -8.0        4.0      150.0       -8.0       -3.0       -1.0       -2.0        1.0       -5.0        6.0       10.0       -4.0        4.0        1.0        1.0       -2.0       -2.0        4.0       -4.0        8.0       -9.0        1.0       -2.0        8.0        0.0       -6.0       -4.0        8.0        4.0       -8.0        5.0        4.0 =      810.0
       4.0       -4.0        4.0        6.0        0.0      154.0        7.0        1.0       -4.0        7.0       -7.0        5.0       -2.0        6.0        0.0       10.0        2.0       -2.0        8.0        9.0       -3.0        5.0       -1.0       -3.0       -7.0        3.0        7.0        7.0        1.0        0.0       -8.0       -8.0       -2.0       -8.0 =     -561.0
       4.0       -8.0       10.0        9.0        9.0       -2.0     -198.0        6.0        5.0        6.0       -9.0       -7.0        9.0        0.0       -7.0        4.0       10.0        1.0       -6.0        9.0        3.0        3.0       -9.0       -4.0        5.0       -6.0        8.0       -1.0       -4.0       -9.0       -4.0       -6.0        1.0       -6.0 =      552.0
       8.0       -4.0        1.0       -6.0        5.0        9.0        3.0     -140.0        2.0       -2.0        2.0        0.0       -1.0       -1.0        6.0        9.0       -8.0       -1.0       -7.0        7.0        1.0       -2.0        5.0       -5.0        3.0       -7.0        2.0       -1.0        7.0        0.0       -5.0       -3.0       -4.0        6.0 =      363.0
      -2.0        1.0        6.0       -1.0       -6.0        8.0        9.0        0.0      145.0        1.0       -8.0       -1.0        2.0       -9.0       -1.0        3.0       -1.0       -7.0        2.0       -5.0        8.0        0.0       -3.0       -7.0        3.0        9.0        9.0        5.0        0.0       -1.0        8.0       -3.0       -8.0        5.0 =      483.0
      -9.0        2.0       -2.0       -4.0       -4.0        4.0       10.0        3.0        0.0     -183.0       -8.0      -10.0        3.0        8.0        4.0        9.0        3.0       -2.0        3.0        6.0       -5.0       -9.0       -9.0        2.0       -9.0       -1.0       10.0        7.0        9.0        0.0       -7.0        1.0        9.0       -9.0 =    -1068.0
       1.0       10.0       -7.0        1.0      -10.0        8.0        6.0        3.0       -4.0        1.0      184.0      -10.0        5.0       -5.0       -4.0        6.0        8.0        3.0       -4.0       -3.0        7.0        1.0        1.0       -9.0        9.0        7.0        7.0       -5.0        2.0       -6.0       -4.0        9.0        4.0       -5.0 =      207.0
      10.0        8.0        6.0        7.0        4.0       -8.0       -9.0       -8.0        3.0        9.0       -5.0     -176.0       -4.0        3.0        2.0        1.0       -3.0        3.0        7.0        3.0       -2.0        7.0        9.0       -1.0        3.0        3.0       -9.0       -8.0        4.0       -7.0       -7.0        0.0       -5.0        0.0 =     -800.0
       1.0       -6.0        8.0       -5.0       -2.0       -4.0       -9.0        5.0       -2.0        7.0        3.0       -2.0      155.0       -1.0        2.0       -8.0       -2.0       -3.0        8.0       -3.0        9.0       -4.0       -6.0        2.0        6.0        5.0       -1.0       -7.0       -5.0        2.0        1.0       -5.0        7.0        4.0 =      750.0
      -4.0       -1.0        2.0        7.0       10.0       -1.0        9.0        4.0       -6.0        7.0       -1.0        0.0        2.0     -136.0        1.0        2.0       -1.0        4.0        8.0      -10.0        0.0       -6.0        2.0        2.0       -2.0        2.0        8.0        7.0       -3.0       -2.0       -6.0        9.0       -2.0        2.0 =     -744.0
      -5.0        1.0        4.0       -1.0       -9.0        7.0       -2.0      -10.0       -5.0        8.0       -4.0       -2.0       -3.0       -8.0      174.0       -8.0        4.0        9.0       -9.0        2.0        4.0       -5.0       -9.0       -5.0       -8.0       -7.0        0.0        2.0       -8.0       -5.0        2.0        3.0       -5.0        2.0 =     -104.0
       6.0        9.0        4.0       -9.0      -10.0       -6.0       -1.0       -4.0      -10.0        4.0       -1.0        4.0        2.0       -9.0       10.0     -189.0        4.0        0.0       -6.0       -8.0       -9.0      -10.0       -9.0       -1.0        8.0        2.0        3.0       -1.0       -1.0       -7.0       -6.0       10.0        4.0      -10.0 =     -474.0
       3.0        4.0       -8.0       -4.0       -9.0        4.0        1.0        1.0       -6.0       -6.0       -9.0        0.0       -9.0       -4.0      -10.0        6.0     -173.0       -9.0        4.0        3.0       -5.0        1.0        9.0        2.0        9.0        1.0       -6.0        2.0        2.0       -3.0       -8.0       -9.0       -6.0        7.0 =    -1350.0
      -9.0        6.0        9.0        2.0       -5.0       -5.0        3.0        3.0       -7.0       -5.0        1.0       -1.0        1.0       -7.0        6.0        4.0        6.0      170.0        7.0        5.0        2.0       10.0        1.0       -8.0        1.0       -4.0       -7.0       -2.0       -6.0       10.0       -3.0       -3.0        8.0        5.0 =     1692.0
     -10.0       -6.0        7.0       -5.0        8.0        3.0        0.0        8.0       -8.0       -7.0       -6.0       -8.0       -1.0        7.0       -9.0        9.0        9.0        6.0      186.0        3.0        2.0       -9.0        0.0        8.0        4.0       -1.0       -6.0        1.0        3.0        4.0        0.0       -4.0        6.0       10.0 =     -204.0
       0.0       -4.0        5.0        3.0        6.0        2.0        7.0       -6.0        5.0        6.0       -4.0      -10.0       -9.0       10.0        3.0        4.0        8.0        7.0       -5.0      173.0        2.0      -10.0       -9.0       -1.0        5.0        3.0       -5.0        9.0       -8.0       -7.0        2.0       -4.0       -1.0       -2.0 =      525.0
      -8.0      -10.0        8.0        4.0       10.0        3.0        4.0        9.0       -6.0      -10.0       -7.0       -9.0        9.0        0.0      -10.0       -9.0       -7.0        7.0        6.0        9.0      196.0        9.0        4.0       -8.0        1.0        0.0        2.0       -2.0       -3.0        4.0       -1.0        6.0       -4.0       -2.0 =      195.0
      -8.0       -6.0        4.0        6.0      -10.0       -5.0       -9.0       -9.0        1.0       -3.0       -4.0       -7.0       -9.0       -9.0        0.0       -5.0        1.0      -10.0        0.0        3.0        2.0     -181.0        6.0        2.0       -4.0       -9.0        4.0        5.0        3.0       -9.0       -8.0       -9.0       -2.0       -9.0 =    -2304.0
       5.0       -1.0       -1.0        0.0       -1.0       -1.0        5.0        6.0        1.0       -4.0        4.0       -4.0       -5.0        0.0       -9.0       -3.0       -3.0        2.0       -1.0        4.0        6.0        9.0     -145.0       10.0       -7.0       -2.0       -7.0       -7.0       -8.0       -4.0       -8.0       -6.0       -5.0        5.0 =     -350.0
       2.0        7.0        1.0       -5.0        0.0       -2.0        3.0        8.0        3.0        9.0        8.0       -8.0       -3.0       -9.0        9.0        1.0       10.0        4.0       -1.0        7.0       -5.0        6.0        2.0      165.0        4.0        3.0       -3.0        9.0        6.0       -8.0       -5.0        0.0       -4.0        6.0 =      440.0
       1.0       -3.0        4.0        6.0       -8.0       -7.0       -5.0       -1.0        4.0        9.0        0.0       -4.0        6.0       10.0        7.0       -2.0       -8.0       -1.0       -4.0       -5.0       -2.0        0.0       10.0       -7.0      162.0       -1.0        4.0        5.0       -8.0        3.0       -6.0        0.0       -4.0       -7.0 =    -1036.0
       2.0        8.0        8.0       -9.0        0.0        9.0       -8.0        9.0        0.0       -5.0       -2.0        8.0        6.0       -2.0        2.0        4.0        1.0       -9.0       -5.0       -6.0       -9.0        2.0       -8.0       -2.0        1.0      157.0       -2.0        1.0        5.0        4.0       -2.0        4.0       -1.0      -10.0 =     1359.0
      -7.0        6.0        7.0       -3.0        0.0        7.0       -1.0       -9.0       -9.0        8.0       -6.0        4.0        2.0        8.0       -3.0        7.0       -2.0       10.0       -7.0       -6.0       -9.0       -8.0       -5.0       -1.0       -1.0        5.0      192.0        7.0        3.0       -9.0       -9.0       10.0       -1.0        8.0 =    -1692.0
      -3.0       -6.0        9.0       -9.0        7.0       -8.0        1.0        8.0       -3.0       -1.0       -1.0       -9.0       -3.0        6.0        9.0       -9.0       -9.0       -3.0        7.0       -6.0        6.0        3.0        4.0        8.0       -6.0       -6.0       -9.0      195.0       -3.0       -7.0        7.0        6.0       -5.0        2.0 =        0.0
      -2.0       -2.0        6.0        4.0       10.0       -6.0       -4.0        9.0        9.0       -2.0       -3.0        6.0        8.0       -4.0       -3.0        7.0       -6.0        4.0        4.0       -4.0        7.0        9.0        5.0        4.0       -6.0        8.0        4.0      -10.0      179.0       -4.0        2.0        7.0        7.0       -2.0 =    -1687.0
       7.0        2.0       -2.0       -9.0       -3.0      -10.0        7.0        1.0        7.0       -3.0        7.0       -4.0        2.0        3.0       -4.0       -4.0        4.0       -4.0        1.0       -6.0        5.0        4.0       -5.0        1.0       -3.0        3.0       -3.0        4.0        8.0     -147.0        2.0        6.0       -8.0        3.0 =     1242.0
       1.0       -6.0       -1.0       -8.0       -3.0       -8.0       -3.0       -9.0        2.0        3.0       -4.0        5.0        2.0        2.0        0.0       -3.0       -7.0        2.0        8.0       -2.0        1.0       -9.0        3.0        9.0       -4.0        5.0       -4.0        7.0       -3.0      -10.0      159.0       10.0       -5.0        4.0 =      670.0
      -9.0       -7.0        3.0       -5.0       -4.0        2.0       -8.0        0.0       -5.0       -8.0       -3.0       -2.0       -6.0       -5.0       -4.0       -6.0        9.0       -4.0       -8.0        1.0        2.0        7.0        6.0       -1.0        0.0        3.0       -4.0       10.0       -3.0        1.0        0.0     -149.0        3.0       -5.0 =      995.0
      -3.0        7.0        2.0       -2.0        7.0       -5.0       -4.0        4.0        5.0        7.0        2.0        8.0        5.0        0.0       -9.0        8.0        4.0        4.0       -4.0       -4.0       -2.0        2.0      -10.0       -8.0       -6.0       -2.0       -7.0        3.0        6.0       -1.0        6.0        6.0     -156.0        2.0 =    -1350.0
       6.0        0.0       -5.0       -5.0       -2.0        5.0        4.0       -6.0        3.0       -2.0        2.0        9.0        9.0        3.0       -3.0        3.0       -6.0        3.0        5.0       -6.0        3.0        9.0       -8.0       -5.0       -7.0        8.0       10.0        4.0       -3.0        4.0       -7.0       -2.0       -1.0     -161.0 =     1251.0

       4.0       -1.0        0.0       -3.0        5.0       -3.0       -3.0       -3.0        3.0        6.0        1.0        5.0        5.0        8.0       -1.0        2.0        6.0        9.0       -1.0        3.0        1.0        8.0        2.0        2.0       -7.0        9.0       -9.0        0.0       -7.0       -9.0        5.0       -5.0       10.0       -9.0
