34
    -167.0        5.0        7.0       -8.0        7.0        4.0        4.0       -4.0       -4.0       -1.0        6.0       -2.0       -3.0        3.0       -8.0        5.0       -5.0       -8.0        2.0        7.0        4.0        3.0       -4.0        6.0        8.0       -3.0        8.0       -3.0        1.0        3.0        3.0        8.0       10.0       10.0 =      424.0
      -3.0     -156.0       -2.0       -1.0       -9.0        4.0        6.0        3.0        6.0        4.0       -3.0        4.0       -7.0        2.0        2.0        3.0       -3.0       10.0        2.0        5.0       -8.0        2.0        6.0        1.0       -3.0        7.0       -8.0       10.0       -6.0        4.0        0.0       -9.0        7.0        6.0 =     1240.0
     -10.0        4.0      179.0       -4.0        0.0       -8.0        6.0        8.0        1.0       -3.0       -2.0        5.0        7.0        4.0       10.0        3.0      -10.0        3.0       -8.0        6.0       -9.0        8.0        8.0       -2.0        8.0        6.0        0.0       -4.0        7.0       -5.0       -1.0       10.0       -2.0        1.0 =     -864.0
      -1.0       -7.0       -6.0      148.0        4.0        6.0       10.0       -8.0        8.0       -6.0       -1.0        3.0       -8.0        9.0       -3.0        0.0        2.0       -4.0       -8.0       -1.0        0.0       -7.0        1.0        3.0        2.0       -2.0       -1.0        3.0        7.0       -7.0       -2.0       -8.0        3.0       -4.0 =     -750.0
       9.0        2.0       -4.0       -8.0     -170.0        0.0       -6.0       -3.0        5.0        7.0       -8.0       -6.0        0.0        5.0       -6.0        1.0        1.0        5.0       -8.0        2.0       -1.0      -10.0        4.0        1.0       -8.0       10.0        6.0        1.0      -10.0        5.0       -8.0        2.0        3.0        5.0 =     1638.0
      -9.0        4.0        8.0      -10.0        4.0      181.0       -4.0        9.0        9.0        8.0        5.0        4.0        0.0       -2.0        2.0        6.0        1.0        5.0       -3.0       -8.0       -9.0      -10.0        2.0        1.0        1.0        4.0      -10.0       -3.0       -4.0        4.0        8.0        2.0       -8.0       -7.0 =     -724.0
      -6.0       -5.0       -4.0        6.0       -8.0       -1.0      156.0       -4.0        4.0       -3.0        2.0        5.0        4.0       -2.0       -1.0       -7.0       -7.0        2.0        3.0        0.0       10.0        8.0       -6.0       -8.0       10.0        0.0        3.0        0.0        7.0       -9.0       -8.0        6.0       -3.0       -3.0 =     -846.0
       3.0        2.0        7.0       -2.0        0.0       -3.0       -1.0      150.0        7.0       -3.0       -7.0        1.0       -6.0        7.0       -3.0       -9.0      -10.0        2.0        6.0       -2.0        2.0       -7.0        1.0       -8.0       -4.0       -4.0       -2.0        5.0        8.0        6.0       -6.0        6.0       -6.0       -2.0 =     1024.0
      -7.0       -1.0        7.0        7.0        9.0       -3.0       -3.0       -9.0      150.0        1.0        6.0        6.0       -7.0       -9.0        1.0       -7.0        4.0       -3.0        1.0       -3.0        4.0        4.0        0.0        7.0        7.0       -1.0       -6.0        2.0        2.0        3.0       -4.0        6.0        0.0       -5.0 =     1590.0
     -10.0        1.0        4.0        8.0       -6.0       -3.0       -4.0        6.0        5.0      203.0       -8.0        9.0        3.0       -8.0        6.0        9.0        8.0       -4.0        3.0        0.0        9.0        6.0        3.0        6.0       10.0      -10.0       -9.0        7.0       -3.0        2.0       -6.0        3.0       -7.0        9.0 =    -2178.0
      -2.0        1.0       -1.0        9.0       -9.0       -3.0       -7.0        9.0       -2.0       -9.0     -156.0        1.0        8.0        3.0       -8.0       -6.0       -1.0       10.0       -7.0       -1.0        8.0       -1.0        3.0        6.0       -3.0        9.0       -7.0        2.0        5.0       -2.0        1.0       -4.0        2.0        0.0 =      760.0
       9.0       -2.0        5.0      -10.0        1.0        3.0        3.0        2.0        3.0        5.0       -1.0      147.0        5.0        2.0        6.0        8.0        3.0        4.0        6.0        8.0       -8.0        0.0       -5.0        5.0        3.0        1.0        5.0        3.0        6.0       -9.0       -1.0       -1.0        6.0        0.0 =     1696.0
       4.0       -5.0       -1.0        4.0       -9.0        1.0        4.0       -2.0       -2.0       -5.0       -5.0       -5.0     -139.0        4.0       -2.0       -8.0        8.0        4.0        5.0       -5.0        1.0        9.0        0.0        1.0        3.0       -6.0        4.0       -8.0        5.0        0.0        0.0        3.0        9.0       -1.0 =     1072.0
      10.0        9.0       -4.0       -4.0        9.0       -5.0       -1.0        4.0        4.0       -8.0       -4.0       -6.0       -9.0      165.0        5.0        7.0       -1.0        7.0        1.0        8.0       -1.0        9.0       -3.0       -4.0       10.0        1.0        5.0        0.0       -5.0       -7.0       -3.0        2.0       -1.0        2.0 =     -576.0
       2.0       -5.0        3.0       -7.0        6.0      -10.0        3.0        3.0       10.0       -3.0       10.0       -9.0        2.0       -8.0     -171.0       -5.0        0.0        8.0       -8.0        0.0        5.0        7.0        8.0        1.0        7.0       -4.0       -4.0       -9.0       -6.0       -4.0        1.0       -4.0        6.0        0.0 =    -1750.0
       5.0        0.0        9.0        0.0       -5.0       -6.0        4.0      -10.0       10.0       -5.0       -3.0       -6.0        6.0       -4.0       -9.0     -193.0        7.0       -5.0       -7.0        8.0        8.0       10.0       -3.0        4.0        8.0       -8.0        8.0        5.0        8.0        0.0       -6.0        6.0        3.0        2.0 =    -1113.0
       3.0        0.0       -8.0        3.0       -8.0        2.0       -4.0        4.0        2.0       -4.0       -9.0       -4.0        6.0        1.0       -9.0        3.0      180.0        8.0       -2.0        1.0       10.0        9.0      -10.0        5.0       -6.0        7.0        2.0       -9.0        6.0        5.0        9.0        5.0        2.0        7.0 =     1449.0
      -9.0        7.0       -3.0        8.0       -9.0        4.0       -4.0       -3.0        7.0        9.0        0.0        1.0       -6.0        9.0       -3.0        2.0       -5.0      160.0        5.0       -3.0        0.0       -5.0       -9.0        1.0        6.0        3.0        7.0       -8.0       -2.0       -9.0       -3.0       -7.0       -1.0       -1.0 =     1390.0
      -3.0       -5.0       -5.0       -4.0        3.0       -9.0        3.0        3.0        9.0       -7.0        6.0       -9.0        3.0        8.0        9.0       -9.0        3.0       -1.0     -187.0        9.0       -4.0       10.0       -9.0       -4.0        6.0        4.0       -7.0       -5.0        3.0       10.0       -6.0        1.0       -1.0        4.0 =     -362.0
       7.0        6.0        6.0        2.0        0.0       -4.0        7.0        7.0       -6.0        3.0        6.0       -4.0       -7.0       -5.0       -3.0        4.0        5.0       -2.0       -6.0     -170.0        7.0        6.0       -7.0        9.0       -8.0        7.0       -6.0       -1.0        3.0        0.0       -9.0        4.0       -3.0       -6.0 =    -1580.0
       7.0        4.0        3.0        6.0        5.0        1.0        9.0       -2.0      -10.0       -8.0        2.0        3.0        3.0       -5.0       10.0        2.0       10.0        9.0       -7.0        1.0     -166.0       -5.0       -9.0        3.0        2.0       -4.0       -2.0        4.0        5.0        3.0       -3.0        4.0       -6.0       -9.0 =    -1400.0
      -7.0       -3.0        9.0       -8.0       -5.0       -5.0       -9.0       -7.0        4.0        6.0       -5.0       -7.0        3.0        7.0       -9.0        1.0       -8.0       -3.0        3.0        1.0        5.0      171.0        0.0        6.0        9.0       -9.0       -6.0        5.0        0.0        3.0        6.0        0.0       -8.0        1.0 =      846.0
       7.0        5.0        7.0       -5.0        4.0       -9.0       10.0       -3.0       10.0        9.0       -5.0        3.0        2.0        0.0       -7.0       -8.0       -3.0        8.0       -2.0        3.0        4.0       -7.0     -164.0       -9.0        0.0       10.0       -2.0        0.0        6.0        4.0       -3.0       -2.0        0.0        2.0 =      270.0
      -8.0       -8.0        1.0        7.0        1.0        6.0       -4.0       10.0       -5.0        0.0       -7.0       -7.0        9.0        3.0        4.0        5.0        2.0        7.0        6.0        2.0        1.0        2.0        4.0      170.0       -9.0       -5.0        7.0        7.0       -3.0       -4.0        3.0       -7.0       -9.0       -6.0 =     -700.0
      -1.0        3.0       -6.0        3.0        1.0        0.0        4.0        4.0       -1.0       -9.0       -2.0       -5.0        6.0        4.0       -6.0        9.0        8.0        2.0       -4.0        6.0       -3.0        7.0        6.0        8.0     -154.0        1.0        9.0        0.0        0.0       -8.0        2.0       10.0        6.0        3.0 =      679.0
       1.0        6.0       -4.0        7.0       -1.0       -1.0       -6.0       -1.0       -4.0        4.0       -4.0        3.0        5.0        0.0        0.0        0.0        7.0        2.0        2.0       -7.0        8.0        8.0       -8.0       -2.0        6.0     -146.0        2.0       -3.0        9.0        3.0       -3.0      -10.0       -9.0        1.0 =     1080.0
       3.0        6.0       -2.0        9.0        9.0        1.0        0.0        1.0       -5.0        5.0        1.0      -10.0        8.0       -7.0        7.0        1.0        7.0        4.0       -5.0       -8.0       -9.0        9.0       -9.0        1.0       -1.0       -5.0      174.0       -1.0       -7.0       10.0       -6.0        2.0       -2.0       -5.0 =    -1584.0
       1.0        2.0       -3.0      -10.0       -3.0       -6.0        1.0       -8.0        0.0        7.0       -2.0       -4.0      -10.0        3.0        9.0       -7.0       10.0        9.0       -3.0       -2.0       -8.0       -8.0        2.0       -4.0        3.0       10.0        8.0      176.0        8.0       -5.0        5.0        4.0       -6.0       -1.0 =      168.0
       5.0        1.0       -3.0       -2.0        0.0       -8.0        5.0        2.0       -7.0       -8.0        3.0        9.0       -1.0       -6.0       -7.0        6.0        2.0       -3.0        6.0        3.0       -1.0        7.0       -1.0        0.0        7.0        4.0       10.0       -8.0      140.0        0.0        1.0        0.0       -2.0        8.0 =        0.0
      -1.0       -1.0       -6.0        5.0       10.0       -3.0        1.0       -1.0       -6.0        8.0        4.0        3.0        6.0        0.0        2.0       -6.0        6.0       -1.0        9.0        0.0        1.0        1.0        0.0        0.0        2.0        2.0       -3.0       -9.0        2.0      129.0        5.0       -8.0       -3.0       10.0 =     -158.0
      -9.0      -10.0       -9.0        2.0        8.0        3.0        7.0        2.0       -5.0        7.0        1.0        4.0        9.0       10.0       -6.0        1.0       -1.0       -3.0        4.0        6.0        8.0        4.0       -1.0        4.0       10.0       -6.0        1.0        2.0        8.0        7.0     -178.0        6.0        1.0        4.0 =     -545.0
       0.0       10.0       -9.0        1.0        4.0       -1.0        2.0        0.0        0.0        2.0        5.0       -8.0       -9.0        8.0       10.0       -4.0        9.0       -3.0       -4.0       -8.0       -4.0        7.0        4.0        9.0       -9.0       -1.0       -4.0       -8.0        9.0        0.0        9.0      184.0       -8.0        5.0 =      594.0
      -2.0       -1.0       -6.0        0.0        1.0        8.0       -3.0        1.0       -9.0       -6.0        4.0        1.0       -5.0        3.0       -3.0       -1.0       -7.0       -7.0       -1.0        0.0        3.0       -4.0       -8.0       -8.0      -10.0        1.0        0.0        8.0       -7.0       -9.0        7.0       -1.0     -144.0       -1.0 =     -206.0
      -6.0       -6.0        1.0        1.0        5.0       -9.0       -1.0       -3.0        4.0        4.0       -2.0        6.0       -6.0        2.0       -1.0       -1.0        6.0       -2.0        1.0        9.0        4.0        5.0        1.0       -8.0        6.0       -4.0       -4.0        9.0       -2.0        2.0       -5.0       -3.0      -10.0     -140.0 =     -735.0

      -4.0      -10.0       -4.0       -6.0       -9.0       -4.0       -6.0        8.0       10.0       -9.0       -5.0        8.0       -8.0       -3.0       10.0        7.0        7.0       10.0        2.0       10.0       10.0        6.0       -2.0       -4.0       -7.0       -8.0       -9.0        1.0        0.0       -1.0        5.0        3.0        1.0        5.0
