34
    -159.0        5.0        5.0        9.0        4.0        3.0       -9.0       10.0       -8.0       -9.0        0.0       -3.0        2.0        5.0        2.0        8.0        2.0       -7.0        3.0       -1.0        4.0       -3.0       -2.0        2.0        2.0        5.0       -4.0        4.0       -5.0      -10.0        6.0        3.0       -5.0        0.0 =      141.0
       6.0     -184.0        7.0       10.0        3.0       -1.0       -5.0        3.0        8.0       -4.0       -8.0       -9.0        4.0        2.0        6.0      -10.0        3.0        5.0        0.0       10.0       -9.0       -2.0       10.0       -8.0       -9.0       -3.0       10.0       -9.0       -1.0        2.0        4.0       -5.0        6.0        1.0 =     1503.0
       4.0       -1.0      136.0        7.0        2.0        2.0       -5.0        5.0        7.0       -2.0       -9.0        1.0        5.0       -5.0        0.0       -8.0       -2.0        5.0        5.0        8.0        8.0        4.0        1.0       -1.0        9.0        2.0        6.0        1.0       -6.0        2.0        2.0        0.0       -4.0        6.0 =     -555.0
       5.0       -6.0       -2.0     -169.0        9.0        7.0        4.0       -6.0       -5.0        3.0        2.0       10.0        3.0       -8.0        4.0        0.0        0.0       -4.0        5.0        7.0        8.0       -1.0        8.0       -6.0       -1.0        4.0        6.0       -2.0        3.0        5.0       -4.0        8.0       -7.0       10.0 =      550.0
      -5.0        6.0        3.0        9.0     -179.0        1.0        9.0       10.0       -9.0        7.0        8.0        6.0        8.0        8.0       -6.0       -4.0        0.0       -5.0       -1.0        3.0       -9.0       -5.0       -7.0        9.0       -7.0        3.0        8.0       -2.0        2.0       -1.0        5.0       -6.0        0.0        3.0 =     -690.0
      -9.0       -2.0      -10.0       -6.0       -3.0      169.0       -1.0        6.0       -2.0        8.0        9.0       -9.0       -4.0       -7.0       -5.0        0.0       -4.0        7.0       -1.0       -3.0        4.0       -1.0        5.0        8.0       -4.0       -9.0       -5.0       -2.0        3.0        4.0       -5.0       -3.0        6.0       -8.0 =     1008.0
      -9.0       -7.0        7.0        6.0        2.0       -8.0     -177.0        3.0        0.0        6.0       -1.0        1.0        9.0        4.0       -1.0        7.0        6.0       -5.0       10.0       -4.0       -7.0        9.0       -4.0       -2.0       -8.0       -5.0        0.0      -10.0       -1.0        5.0       -3.0       -7.0        2.0       -9.0 =      955.0
       7.0       -1.0        1.0        5.0        2.0        8.0        3.0      184.0        7.0        3.0        3.0        4.0        7.0       10.0        4.0        6.0        0.0       -8.0        6.0       -6.0        6.0       -9.0       -9.0       -9.0       -9.0       -1.0       -5.0        9.0        1.0        6.0       -9.0       -7.0        1.0        4.0 =     -856.0
       3.0       -8.0       -5.0       -3.0       -8.0       -8.0        4.0        7.0      150.0       -2.0       -2.0       -1.0       -1.0        3.0       -4.0       -6.0        8.0       -5.0       -3.0        5.0       -3.0       -2.0        3.0        9.0       -4.0        5.0       -8.0        0.0       -1.0        6.0        2.0        9.0        2.0        8.0 =     1200.0
      -6.0       -2.0        5.0        9.0       -5.0       -1.0       -8.0        5.0        1.0      166.0        8.0        3.0       -5.0        0.0       -5.0       -3.0       -8.0        1.0        2.0      -10.0        4.0        9.0        3.0       -6.0       -4.0       -3.0        4.0       -2.0        9.0       -8.0        9.0        3.0       -5.0       -3.0 =     1256.0
       8.0       -3.0        4.0       -4.0        7.0        7.0        6.0        7.0        2.0       -1.0     -197.0        2.0       -2.0       -8.0      -10.0        6.0       -9.0       -9.0       -1.0        5.0        6.0        9.0        3.0      -10.0       -1.0        8.0       -9.0        9.0        9.0        3.0       -8.0       -6.0        2.0       -9.0 =     -368.0
       1.0       -5.0        8.0       -5.0        6.0        3.0       -3.0        8.0        8.0        3.0        2.0      150.0        4.0        9.0        0.0       -7.0       -7.0        2.0        0.0       -2.0       -7.0       -9.0        3.0        7.0        3.0       -6.0        1.0        3.0        4.0        6.0        7.0        5.0       -2.0       -2.0 =        0.0
       6.0       -1.0        6.0       -9.0       -6.0        3.0       -4.0       -2.0        6.0       -2.0       -8.0        9.0      168.0        2.0        8.0        2.0        4.0       -3.0       -1.0        8.0       -6.0        3.0       -9.0       -7.0       -4.0       -8.0       -6.0        7.0        0.0       10.0       -4.0        4.0       -2.0       -3.0 =    -1288.0
       7.0       -5.0        7.0       -8.0        3.0        7.0       -5.0        9.0       10.0        7.0        8.0        8.0       -1.0     -197.0       -4.0        8.0        2.0        9.0       -2.0       -3.0       -7.0       -9.0      -10.0        4.0        9.0       -3.0       -1.0        9.0       -2.0       -8.0        6.0        7.0       -7.0       -1.0 =     -918.0
      -1.0        1.0       -8.0       -5.0        7.0        1.0       -7.0        7.0       -4.0       -7.0        7.0        6.0       -3.0       -3.0     -183.0        3.0        3.0        3.0        5.0        1.0        5.0        4.0        5.0       -7.0        8.0      -10.0        4.0       -7.0       -9.0        4.0        8.0       -8.0       -5.0        9.0 =      528.0
       6.0       -3.0       -1.0       -3.0       -9.0       -9.0        9.0        4.0       -7.0       -5.0       -6.0       -7.0        1.0        2.0        1.0     -171.0       -4.0       -9.0        2.0        4.0       -3.0        3.0        5.0        1.0       -4.0        5.0        4.0        7.0       -8.0        7.0       -7.0       -9.0        1.0       -9.0 =    -1272.0
      -6.0       -6.0        0.0       -7.0        8.0       -3.0       -3.0       -7.0        7.0        2.0       -3.0        3.0        1.0       -4.0        8.0       -4.0     -161.0        1.0       -8.0      -10.0       -6.0       -9.0       -1.0        0.0        3.0        4.0       -9.0       -4.0       -9.0       -5.0       -6.0       -4.0        4.0        0.0 =      468.0
       8.0       -8.0        2.0        9.0       -3.0        7.0        2.0       -3.0        1.0        4.0       -8.0       -6.0        0.0       -8.0      -10.0        9.0        0.0     -183.0        8.0        4.0        8.0       -7.0       -4.0        5.0       -2.0        2.0       -5.0        5.0        4.0        7.0       -8.0        8.0        5.0      -10.0 =     -668.0
      -2.0        0.0       -9.0       -3.0       -6.0       -6.0       -8.0      -10.0        1.0       -8.0       -6.0        7.0       -8.0        7.0       -7.0       -1.0        9.0        0.0     -175.0        8.0       -2.0        4.0        5.0       -6.0       -6.0        3.0       -1.0        6.0      -10.0        1.0        6.0        9.0       -1.0        6.0 =     1015.0
      -2.0       -4.0        2.0        8.0       10.0       -8.0       -4.0        8.0       -4.0        0.0       -3.0        3.0       -3.0      -10.0       -2.0       -9.0        2.0        6.0        2.0      172.0       -3.0      -10.0       -2.0       -3.0        8.0        9.0        9.0       -1.0       -5.0       -5.0       -7.0        0.0       -6.0        4.0 =      152.0
       3.0        1.0        5.0       -1.0        7.0       10.0        4.0        3.0        1.0       -7.0        9.0       -3.0       -6.0        2.0        3.0       -7.0       -7.0       -6.0       -2.0       10.0      150.0        0.0       -7.0       -1.0        9.0       -9.0       -5.0        6.0        0.0        0.0       -1.0       -2.0       -2.0       -5.0 =     1216.0
       9.0        6.0      -10.0       -7.0        2.0        0.0       -8.0        0.0       -9.0        8.0       -6.0       -7.0       -2.0       10.0       -1.0        2.0       -7.0        3.0        6.0        7.0        8.0     -178.0        1.0        2.0        7.0       -7.0       -7.0        1.0       -4.0        4.0       -1.0       -6.0       -6.0       -5.0 =      975.0
      -6.0       -4.0       -4.0        6.0       -5.0        0.0        4.0       -2.0        6.0        3.0      -10.0      -10.0       -4.0        8.0       10.0        8.0        5.0        1.0      -10.0       -6.0       -4.0        0.0      184.0        1.0       -4.0      -10.0        8.0        5.0        9.0        2.0        9.0       -3.0       -4.0        4.0 =     -748.0
       3.0      -10.0       -7.0        1.0        3.0        9.0       -2.0        8.0        7.0        3.0        1.0        7.0       -8.0        8.0        4.0        1.0       10.0        9.0        2.0        8.0        2.0        2.0        7.0     -198.0      -10.0       10.0       -5.0        1.0        8.0      -10.0        8.0        7.0        9.0        2.0 =      220.0
      -4.0       -3.0        9.0       -2.0       -6.0        4.0        1.0       -2.0        3.0       -1.0        9.0       -6.0        0.0       10.0        5.0        3.0        9.0       -8.0       -9.0        9.0       -8.0        5.0        0.0       -1.0     -166.0        4.0       -4.0        8.0       -6.0       -5.0        5.0        0.0       -6.0        4.0 =     1341.0
       3.0        1.0        2.0        0.0       -3.0        4.0       -9.0       -6.0        6.0        3.0       -1.0        5.0        2.0        7.0       -8.0       -6.0       -6.0       -7.0        4.0        3.0        7.0       -3.0       -6.0        4.0        9.0     -144.0       -1.0        2.0        2.0        3.0        6.0        6.0       -4.0       -5.0 =      780.0
       1.0        6.0        9.0       -2.0       -9.0       -3.0       -6.0        7.0        0.0        8.0        2.0       -3.0       -2.0        6.0        7.0        7.0       -5.0       -9.0       -2.0        2.0       -1.0        2.0       -2.0       -2.0        4.0       -7.0      163.0        6.0       -9.0       -5.0        9.0        4.0       -4.0        8.0 =    -1800.0
      -2.0       -4.0       -4.0        8.0        8.0        5.0       -9.0        9.0        5.0        6.0        6.0        9.0        2.0       -4.0       -8.0       -1.0       -7.0       -7.0        1.0       -3.0        5.0        4.0        3.0        9.0        0.0        8.0        0.0     -171.0       -7.0        1.0       -5.0       -9.0       -6.0        1.0 =    -1099.0
       3.0        4.0       -5.0       -8.0        0.0        5.0        7.0        8.0       -7.0        2.0        6.0       -7.0        0.0       -3.0       -9.0       10.0       -1.0        3.0       10.0        2.0        9.0        9.0       -5.0       10.0       -1.0       -8.0       -2.0       -8.0     -181.0        9.0       -2.0       -2.0        6.0        2.0 =     -432.0
      -2.0       -8.0        5.0       -1.0        5.0       -3.0        7.0       -5.0       -6.0       -4.0        4.0       -6.0       -7.0        1.0        2.0        4.0        1.0       -6.0       -6.0       -4.0       -7.0        5.0        3.0        0.0       -1.0       -5.0       -2.0       -2.0       -3.0      133.0       -5.0       -4.0        0.0       -6.0 =     -616.0
      -6.0        9.0       -1.0      -10.0        8.0        4.0        5.0       -8.0       -9.0       -6.0        1.0        4.0       -6.0        0.0        9.0        6.0       -2.0        3.0       -7.0        1.0       -5.0       -3.0        4.0        7.0       -8.0       -2.0       -3.0       -5.0        1.0       -1.0     -168.0       10.0        2.0       -5.0 =     1448.0
      -9.0       -2.0       -4.0        2.0       -2.0       -1.0       -4.0      -10.0        7.0       -7.0        1.0        5.0        2.0       -2.0        7.0        3.0      -10.0        7.0        3.0       -8.0        4.0       -3.0        4.0      -10.0        2.0        5.0        6.0        4.0       -9.0       -1.0        0.0     -156.0       -1.0        3.0 =    -1740.0
      -1.0       -5.0       -8.0        3.0       -3.0        5.0       -2.0        7.0       -1.0       -8.0        5.0       -6.0        1.0       -9.0       10.0        1.0       -8.0        1.0        5.0        8.0       -4.0        3.0       -8.0       -1.0        9.0       -6.0       -7.0        0.0       -7.0        3.0       -1.0       -7.0      159.0        2.0 =     -130.0
      -3.0        8.0        7.0        8.0        0.0       -1.0       -7.0        3.0       -3.0        6.0       -5.0       -2.0       -7.0       -1.0        4.0        2.0        0.0        7.0       -5.0        7.0        5.0       -7.0       -5.0       -7.0        0.0       -3.0       -3.0        5.0       -8.0        4.0       -9.0        5.0        1.0     -153.0 =     -157.0

      -1.0       -9.0       -3.0       -5.0        5.0        8.0       -5.0       -4.0        8.0        8.0        2.0        0.0       -8.0        6.0       -3.0        6.0       -2.0        4.0       -5.0        1.0        8.0       -5.0       -4.0       -2.0       -9.0       -6.0      -10.0        7.0        3.0       -8.0       -8.0       10.0       -1.0        1.0
