34
    -187.0       -2.0        7.0       -1.0       -6.0        5.0       -7.0        6.0        4.0       -5.0        3.0       -6.0       -3.0        7.0       -3.0       -4.0        1.0       10.0        6.0       -7.0        8.0       -5.0       -3.0       -5.0        9.0        9.0       -8.0       -5.0       -8.0        5.0        1.0        9.0        3.0      -10.0 =     -546.0
       0.0      166.0        9.0       -7.0        6.0        0.0        9.0       -8.0        4.0       -4.0        4.0       -7.0       -8.0        1.0        7.0       -1.0        4.0        6.0        8.0      -10.0       -4.0       -7.0        1.0       -8.0        1.0        2.0        8.0       -1.0        6.0        3.0       -2.0        5.0       -7.0       -5.0 =     -855.0
       1.0       -9.0      189.0       -1.0        0.0       -6.0      -10.0       -2.0       -8.0        7.0        8.0        9.0        9.0       -8.0        6.0        5.0        3.0        0.0       -3.0      -10.0        0.0       -3.0       -8.0        5.0       10.0       -7.0        4.0        7.0        8.0       -7.0        5.0       -5.0        7.0        4.0 =     1800.0
       2.0       -4.0       -6.0     -154.0        8.0        6.0       -3.0       -9.0       -1.0        8.0       -4.0       -3.0        3.0       -5.0        6.0       10.0       -9.0        4.0        2.0       -5.0        4.0        1.0        3.0        0.0        0.0       -3.0        3.0       10.0       -7.0       -6.0        9.0       -1.0        3.0        4.0 =      804.0
       0.0        6.0        6.0        7.0      170.0        1.0        5.0       -4.0       -9.0        4.0       -7.0      -10.0        1.0        2.0        3.0        0.0       -6.0        8.0        5.0        6.0        7.0        8.0       -6.0        5.0       -5.0       10.0       -4.0        9.0       10.0       -2.0       -5.0       -1.0       -3.0       -2.0 =     1463.0
       5.0        1.0       -6.0        3.0        1.0      165.0        8.0       -8.0        7.0        1.0        5.0        8.0       -7.0       -1.0        6.0      -10.0        0.0        3.0        5.0        8.0        1.0        4.0        9.0        7.0       -7.0        8.0        7.0        1.0       -1.0        4.0        3.0        7.0       -3.0       -7.0 =     -454.0
       6.0       -6.0        6.0        2.0       -7.0        5.0      169.0        9.0        5.0       -6.0       -9.0        1.0       -1.0        6.0       -1.0        3.0       -7.0       -7.0        5.0       -7.0       -6.0        6.0       -3.0       -5.0       -2.0       -5.0        6.0       -9.0       -1.0        2.0        9.0        1.0        1.0       -9.0 =    -1057.0
      -8.0        4.0        2.0        5.0        6.0       -6.0        6.0      162.0       -1.0        0.0       -1.0       -1.0        6.0        5.0       -7.0       -1.0        3.0        5.0        7.0       -3.0       -1.0       -9.0       10.0        9.0        2.0       -8.0       -8.0       -3.0       -6.0        8.0       -3.0       -9.0       -4.0       -3.0 =    -1422.0
       5.0        0.0        7.0       -5.0        0.0       -1.0        8.0       -3.0     -140.0        2.0       -1.0        0.0       -4.0        5.0        4.0       -8.0        4.0       -7.0        2.0        3.0        0.0        7.0       -2.0       -1.0       -5.0      -10.0       -2.0       -7.0        6.0       -8.0       -1.0        5.0        8.0        2.0 =      411.0
      -6.0        4.0        5.0       -4.0       -6.0        6.0        7.0        6.0       -2.0      181.0        6.0        4.0       -4.0       -3.0        2.0        9.0       -8.0        0.0        8.0       10.0        8.0        6.0        0.0        4.0        7.0        1.0       10.0        6.0       -5.0       -9.0       -1.0        8.0       -6.0        3.0 =    -1976.0
      -3.0       -5.0        2.0        2.0       -8.0       -8.0       -3.0       -9.0       -6.0        3.0     -175.0        7.0       -8.0        1.0        9.0       -9.0        4.0        8.0        7.0        1.0       -7.0        6.0       -1.0        4.0       -8.0       -1.0       -9.0       -4.0        4.0       -4.0       -5.0       -3.0        4.0        5.0 =     1463.0
       6.0       -9.0        2.0       -1.0       -7.0       -6.0       -3.0        6.0        7.0      -10.0        0.0     -182.0       -8.0        3.0       -8.0        3.0       -8.0        0.0        3.0       -8.0        5.0       -6.0       -6.0        7.0       -2.0        9.0       -4.0        8.0       -8.0        4.0        3.0       -9.0        7.0       -2.0 =     -214.0
       5.0        2.0       -8.0       -5.0        8.0       -2.0        7.0       -6.0        7.0        1.0        6.0       -9.0     -165.0       -6.0        5.0       -1.0       -4.0       -1.0       -6.0       -6.0        7.0        9.0       -6.0        8.0       -8.0        0.0       -7.0        5.0       -7.0        3.0        3.0       -1.0        4.0       -2.0 =      850.0
      -8.0        8.0       -8.0        0.0        4.0       -7.0       -2.0       -5.0        2.0       -6.0       10.0       -8.0       10.0     -190.0        7.0        0.0       -9.0       -7.0        4.0        3.0        0.0       -7.0        6.0        4.0        6.0       -8.0        8.0       -8.0        2.0        7.0        7.0        1.0        9.0        1.0 =    -1044.0
      -7.0       -1.0        1.0       10.0        3.0        7.0      -10.0        9.0       -5.0       -6.0       -9.0       -5.0       -6.0        1.0     -199.0       -5.0        2.0        3.0       -9.0       -1.0        4.0       -5.0        6.0       -5.0       10.0       -9.0       -6.0        5.0      -10.0        4.0        7.0       -9.0        7.0        7.0 =    -1105.0
      -6.0        3.0       -5.0       -1.0        5.0       -2.0        8.0        4.0        8.0        4.0       -2.0        5.0       -8.0       -3.0        7.0      172.0        1.0       -9.0        3.0       -1.0        4.0       -3.0       -9.0        6.0       10.0       -9.0        9.0       -5.0       -8.0        6.0        4.0        4.0       -1.0       -8.0 =    -1464.0
       8.0        2.0        6.0        6.0       10.0       -8.0       -8.0       -7.0       -4.0       -3.0        6.0        0.0       -4.0        9.0       -2.0        7.0      171.0        1.0       -9.0       -2.0        3.0        6.0        3.0       -5.0      -10.0       -7.0        2.0       -4.0       -2.0       -8.0        4.0        2.0        3.0       -9.0 =     1413.0
       5.0       -7.0        6.0       -3.0        2.0       10.0       -8.0       10.0       -2.0       -9.0        6.0        0.0       -6.0        7.0       -8.0        3.0        0.0      157.0       -6.0        8.0        6.0        2.0       -1.0        6.0        6.0       -6.0        0.0       -5.0       -1.0       -3.0       -2.0        2.0        6.0        1.0 =     1056.0
       2.0       -3.0       -6.0        6.0        8.0       -8.0       -3.0        4.0       -1.0       -3.0      -10.0        1.0      -10.0      -10.0        8.0       -5.0       -5.0        4.0      191.0       -4.0        7.0       -6.0        8.0       -7.0       -9.0        5.0       -5.0        6.0        0.0        5.0       -5.0        7.0       -9.0       -3.0 =    -1350.0
      -3.0       -6.0       -3.0        9.0        5.0        8.0        9.0        2.0        2.0       -4.0        4.0       -9.0        0.0       -5.0        4.0       -8.0       -4.0       -9.0       -2.0      162.0       -9.0       -3.0        1.0       -5.0       -1.0        6.0       -5.0       -6.0        1.0        3.0        0.0       -3.0       10.0       -6.0 =     -540.0
       6.0        0.0        2.0        5.0        2.0       -9.0       -2.0       -8.0       -2.0       -1.0        6.0        6.0       -4.0       -2.0       -4.0       -3.0       -6.0        7.0       -3.0       -4.0      159.0       -1.0        2.0        8.0       -5.0       -8.0       -7.0      -10.0        5.0       -6.0        9.0       -4.0       -9.0       -1.0 =     1062.0
      -1.0       -6.0        8.0        9.0        7.0        5.0       -1.0        3.0        0.0        0.0       -4.0        9.0       -6.0       -2.0        8.0       -2.0       -6.0        3.0       -1.0       -4.0        9.0     -160.0        4.0        1.0        6.0       -7.0      -10.0       -6.0       -1.0        5.0        0.0       -9.0        3.0       -8.0 =    -1232.0
      -4.0        7.0       -3.0       -5.0       -1.0       -1.0        2.0       -6.0        1.0        7.0       -6.0        4.0      -10.0       -1.0        2.0       -2.0       -8.0        2.0        8.0        4.0       -6.0        5.0      157.0       10.0        5.0        8.0        1.0       -4.0        7.0        4.0        1.0       10.0        5.0       -3.0 =    -1140.0
       9.0        5.0       -7.0       -4.0        7.0       -4.0        0.0        2.0       -3.0       -6.0        8.0        3.0       -4.0       -8.0       -6.0       -3.0        3.0       -3.0       -2.0       -2.0        7.0       -1.0        4.0     -154.0       -9.0        6.0        3.0        2.0       -5.0      -10.0        3.0        7.0       -5.0       -3.0 =      680.0
       0.0        7.0        1.0        0.0       -9.0       -9.0       -8.0       -1.0        0.0       -9.0       -2.0       -1.0        6.0        6.0        1.0       -8.0        4.0       -6.0        8.0        3.0       -2.0       -4.0       -2.0       -1.0      161.0        6.0        6.0       -6.0       -3.0       -6.0        7.0       -9.0        6.0        4.0 =     -840.0
       3.0       -9.0       -4.0       -4.0       -6.0       -4.0        1.0        7.0       -1.0        8.0       -2.0       -9.0        9.0        2.0       -3.0       -2.0       -6.0        0.0       10.0       -3.0        2.0        4.0       -8.0       -5.0        9.0      165.0       -3.0        0.0        8.0        9.0       -7.0       -7.0       -4.0        3.0 =     1224.0
      -1.0        3.0       -6.0      -10.0        8.0        0.0       -8.0        1.0       -2.0        0.0        9.0       -4.0        8.0       -6.0        1.0        6.0        8.0        7.0       -1.0        9.0        8.0       -2.0        7.0       -9.0        3.0        5.0      162.0        0.0        9.0        1.0        0.0        2.0       -9.0       -3.0 =      784.0
       1.0       -5.0        1.0        3.0       10.0       -7.0       -2.0        6.0       -5.0       -9.0        4.0        9.0       -5.0        4.0        5.0        1.0       -7.0        7.0        3.0       -8.0        9.0       -5.0        5.0       -4.0       -3.0        8.0        3.0     -171.0       -6.0        4.0        9.0        1.0        0.0       10.0 =     1206.0
      -3.0        4.0        0.0       -3.0       -2.0        8.0       -8.0        6.0       -6.0      -10.0       -6.0       -6.0       -3.0       -2.0       -2.0        1.0        1.0        1.0        8.0        4.0        2.0       10.0        7.0       -5.0       -6.0       10.0        8.0       -9.0      187.0       10.0       -7.0       -2.0        9.0       10.0 =     1648.0
       1.0       -3.0        8.0        4.0       -9.0        8.0       -6.0        4.0        1.0        9.0       -7.0       -3.0       -3.0       -9.0       -3.0        2.0       -8.0        1.0       -3.0       -3.0        3.0        9.0      -10.0       -1.0       -6.0       -4.0        2.0        6.0       -2.0     -161.0        8.0        4.0        0.0       -8.0 =    -1611.0
      -2.0       -5.0       -4.0        2.0        4.0        3.0       -8.0       -6.0       -5.0      -10.0        1.0       -3.0      -10.0       -2.0       -3.0       -1.0       -7.0       -2.0        4.0        9.0        0.0       -6.0        8.0       -4.0       -5.0       -4.0        6.0        4.0       -5.0       10.0      175.0       -8.0       -7.0       10.0 =      129.0
       6.0       -6.0       -2.0       -1.0       -1.0      -10.0       -9.0        9.0        1.0        1.0        9.0        4.0       -1.0        7.0        3.0      -10.0        6.0        8.0       10.0        2.0       -7.0       -6.0        6.0       -4.0        7.0        9.0        3.0        5.0        9.0        4.0       -1.0      195.0        9.0        9.0 =     -264.0
      -4.0       -9.0        0.0       -7.0       -6.0       -6.0       -9.0       -5.0        5.0        7.0       -8.0        0.0        6.0       -6.0        0.0        0.0       -8.0       -6.0       -4.0        6.0        4.0       -7.0       -4.0        8.0        1.0        7.0       -2.0       -7.0        1.0       -8.0       -7.0       -9.0      186.0      -10.0 =      594.0
      -5.0        9.0        9.0        7.0        4.0       -1.0        0.0       -9.0        2.0        9.0        6.0       -9.0        5.0       -1.0        1.0       -8.0        2.0       -4.0        3.0       -5.0        0.0        3.0       -9.0       -8.0       -8.0        9.0        0.0        0.0       -9.0       -1.0        9.0       -3.0        5.0      164.0 =     -668.0

       3.0       -5.0        9.0       -6.0        7.0       -2.0       -7.0       -9.0       -3.0       -8.0       -7.0        1.0       -5.0        6.0        5.0       -8.0        9.0        6.0       -9.0       -4.0        9.0        8.0       -6.0       -4.0       -6.0        8.0        4.0       -9.0        8.0        9.0        1.0       -1.0        6.0       -4.0
