34
     179.0        7.0      -10.0       -7.0        2.0       -6.0       -6.0        8.0       -3.0       -4.0      -10.0       -8.0        1.0        9.0       -5.0        2.0        2.0       -1.0       10.0       -2.0       -7.0        2.0       -9.0        5.0        8.0        8.0        9.0       -3.0        4.0       -3.0        3.0        2.0        0.0        6.0 =      549.0
      -5.0     -173.0       -3.0        9.0        7.0       -9.0       -2.0       -1.0       -4.0       -8.0       -5.0        9.0       -2.0       -8.0        6.0       -7.0        2.0        3.0       -5.0        4.0       -1.0       -9.0       -7.0        2.0      -10.0        2.0        7.0        7.0        5.0        3.0        4.0       -3.0        7.0        0.0 =    -1295.0
       1.0        8.0      151.0        6.0        1.0        7.0        8.0        0.0        6.0       -6.0        6.0       -8.0        2.0        3.0       -1.0       -7.0       -2.0        9.0        2.0        1.0        3.0       -7.0       -6.0       -1.0       -4.0       -6.0        4.0       -5.0        1.0        8.0       10.0        4.0        6.0        0.0 =     1746.0
       7.0       -9.0       -5.0      154.0        9.0        6.0       -5.0        3.0       -2.0        0.0       -7.0       -4.0        6.0        4.0       -9.0       -1.0       -9.0        6.0        5.0       -1.0       -5.0        0.0       -7.0       -8.0        0.0       -7.0       -4.0       -2.0        4.0        1.0       -1.0       -3.0        7.0       -1.0 =      488.0
     -10.0        2.0       -9.0        9.0     -172.0       -1.0        8.0       -1.0        8.0       -6.0       -5.0        4.0       -1.0       -2.0        9.0        3.0        6.0        3.0        9.0       -6.0       -5.0       10.0        1.0       -9.0       -3.0       -6.0       -4.0       -4.0        1.0        1.0        0.0       -9.0      -10.0       -5.0 =        0.0
       0.0       -1.0        8.0       10.0        3.0     -147.0        2.0        7.0        9.0        0.0       -6.0       -2.0       -2.0       -1.0        4.0       -2.0        0.0        0.0       -7.0        3.0       -8.0       -5.0      -10.0       -6.0       -8.0        8.0       -7.0       -6.0       -5.0        3.0       -1.0       -3.0        0.0       -6.0 =    -1584.0
       3.0        9.0       -1.0       -3.0       -2.0       -3.0     -142.0        7.0        6.0        3.0        9.0        6.0        3.0        8.0        0.0        2.0       -8.0        2.0        6.0       -1.0        3.0        6.0       -6.0        8.0       -3.0       -4.0        1.0        9.0        0.0       -1.0       -3.0       -3.0       -6.0       -2.0 =     -873.0
       8.0        1.0        8.0        3.0       -3.0        9.0        2.0      140.0        4.0        1.0       -1.0       -5.0       -2.0       -4.0        1.0       -2.0        9.0        4.0        2.0       -8.0        4.0       -2.0        1.0       -1.0       -4.0        2.0        8.0       -9.0       -7.0       -3.0       -2.0       -1.0       -7.0       -5.0 =      846.0
       0.0       -2.0        8.0        8.0        9.0       -8.0        6.0        1.0     -189.0      -10.0        1.0       -4.0        9.0        4.0        4.0        9.0        2.0        5.0       -8.0       -9.0       -4.0        1.0        9.0       -8.0        6.0       -6.0        9.0       -3.0       -6.0        2.0       -9.0        3.0       -3.0        7.0 =      332.0
       8.0       -8.0       -2.0        6.0       -3.0        1.0        8.0       -9.0        1.0     -162.0       -4.0       -6.0       -8.0       -3.0       -5.0       -8.0       10.0       -6.0       -6.0        1.0        0.0       -5.0       -1.0        4.0        3.0       10.0        1.0       -2.0        0.0       -3.0        7.0      -10.0       -5.0        6.0 =     -570.0
       3.0        9.0       -6.0       -1.0        8.0       -5.0       -8.0       -7.0        5.0       -9.0     -169.0        0.0       -5.0        4.0       -1.0        0.0        8.0        5.0       -3.0        7.0       -3.0       -2.0       -3.0       -3.0        3.0        8.0       -4.0        8.0        6.0        9.0        7.0       -7.0        7.0       -2.0 =    -1128.0
       9.0       -1.0        8.0        4.0       -4.0        4.0        7.0        7.0       -2.0       -5.0        0.0     -169.0        9.0        2.0        2.0       -9.0        1.0        2.0        9.0        4.0       -9.0       -3.0        9.0       -3.0       -7.0        0.0        7.0       -9.0       -6.0        2.0        3.0        8.0       -3.0       -9.0 =     -568.0
       8.0       -7.0      -10.0       -8.0       -7.0       -7.0        8.0        1.0       -8.0      -10.0        0.0       10.0     -219.0       -1.0       -4.0        9.0       -8.0       10.0       -1.0        5.0       -3.0        4.0        8.0        4.0       -9.0       -8.0       -5.0       -6.0      -10.0        9.0        8.0        8.0        1.0       -8.0 =      984.0
      -3.0        8.0        7.0        5.0       -7.0       -9.0        8.0        5.0        5.0       -2.0        2.0        1.0       -1.0      189.0       -4.0       -5.0       -3.0       -9.0        4.0       10.0       -7.0        7.0       -3.0       -4.0      -10.0       -9.0       -7.0       -7.0       -5.0        8.0       -3.0        5.0        8.0        4.0 =     -178.0
       4.0       -1.0        0.0       -1.0        6.0       -3.0        4.0       -2.0        2.0       -6.0        8.0       -8.0       -6.0        1.0      140.0        5.0        2.0       -9.0       -3.0        6.0       -9.0       -2.0        3.0        1.0        8.0       10.0        4.0       -3.0        1.0        4.0       -3.0        5.0       -1.0        2.0 =     1431.0
       3.0        4.0       10.0      -10.0        4.0        5.0        7.0      -10.0       -3.0        2.0        0.0        4.0       -4.0       -1.0        7.0     -160.0        4.0        5.0        8.0       -4.0        2.0        4.0        0.0        7.0        3.0       -6.0       -3.0       -2.0       -2.0        6.0       -8.0        8.0        3.0       -7.0 =     1240.0
      -1.0        4.0       -3.0        3.0       -8.0        9.0        3.0        5.0      -10.0       -2.0       -9.0       -9.0        2.0        0.0        9.0        4.0      158.0        1.0       -3.0        8.0        9.0        1.0        8.0       -3.0       -4.0        1.0        0.0        2.0       -6.0      -10.0       -3.0       -7.0       -3.0        0.0 =     -292.0
      -4.0       -2.0       -4.0        7.0        5.0       -6.0        3.0       -5.0        3.0        2.0       -9.0       -5.0        5.0        3.0        8.0        7.0       -3.0     -166.0      -10.0       -4.0       -7.0        6.0        3.0       -4.0       -8.0        5.0       -3.0        4.0        4.0        6.0        9.0        0.0        1.0       -5.0 =      820.0
      -1.0        1.0       -5.0       -9.0       -1.0       -9.0       -8.0       -2.0       -3.0       -6.0        7.0       -4.0        7.0       -7.0       -1.0       -8.0       -8.0        2.0      180.0        7.0       -9.0      -10.0       -7.0       -7.0        0.0        8.0       -7.0        0.0        3.0       -7.0        7.0        6.0        6.0        2.0 =     -819.0
       6.0        4.0       -4.0       -4.0       -3.0        1.0        4.0       -4.0        4.0        6.0        7.0       -9.0       -9.0       -7.0        5.0       -3.0       -2.0       -8.0        3.0     -186.0       -9.0       -3.0       -8.0        5.0       -7.0        2.0        9.0        1.0        9.0        3.0       -4.0       -9.0       -9.0        6.0 =     1704.0
      -3.0       -4.0        9.0       -3.0        0.0       -3.0       -2.0       -8.0       -7.0        8.0        0.0        6.0        3.0       -3.0       -9.0       -7.0       -4.0        9.0       -7.0        5.0      188.0        9.0        0.0       -4.0       -7.0       -4.0        5.0       -4.0       10.0       -9.0      -10.0        5.0       -4.0       10.0 =    -1320.0
       4.0       -2.0       10.0       -3.0        6.0       -8.0       -2.0       -9.0       -9.0       -3.0        8.0        5.0        3.0        5.0        1.0       -5.0       -1.0        8.0      -10.0        5.0        3.0     -184.0        3.0       -8.0       -5.0        6.0       -6.0        6.0        7.0       -9.0       -1.0       -6.0       -8.0        2.0 =      985.0
       8.0       -7.0        1.0        7.0        8.0       -6.0        0.0        6.0        7.0        2.0        6.0       -3.0        6.0       -8.0       -1.0        5.0       -5.0       -4.0       -4.0        4.0       -3.0        5.0      151.0        5.0       -1.0        6.0        3.0        1.0        2.0        2.0       -9.0       -8.0       -2.0        4.0 =      178.0
      -2.0        9.0       -9.0       -4.0       -1.0        3.0        6.0       -4.0       -6.0       -5.0       -8.0       -9.0        0.0       -1.0        5.0       -8.0        7.0        7.0       -8.0       -1.0       -6.0        2.0        9.0     -166.0       -4.0        4.0       -5.0        6.0        4.0       -2.0        5.0        4.0        5.0       -5.0 =     -712.0
      -9.0        4.0       -9.0        0.0        1.0       -3.0        3.0       -7.0       -2.0        7.0        5.0        5.0        5.0        2.0        4.0        6.0       -7.0        1.0       -3.0       -6.0       -2.0       -3.0       10.0       -5.0     -158.0       -7.0       -7.0        2.0       -2.0        5.0        0.0       -9.0        4.0       -3.0 =    -1246.0
       3.0        3.0        1.0       -8.0       -3.0       -2.0       -4.0        9.0        9.0       -7.0        9.0        3.0        4.0        9.0      -10.0       -5.0        1.0        6.0       -7.0       -8.0        3.0       -9.0       -6.0       -9.0       -9.0     -194.0        5.0        2.0        9.0       -7.0      -10.0        0.0        7.0        2.0 =     1704.0
       9.0       -6.0        3.0        3.0       -5.0        0.0       -7.0      -10.0       10.0       -2.0       -3.0       -1.0       -9.0       -8.0        7.0       -9.0       -3.0        6.0       -2.0       -1.0       -5.0       -2.0        9.0        5.0       -3.0        4.0     -158.0        0.0       -5.0        9.0       -5.0        0.0       -5.0        1.0 =      915.0
       8.0       -6.0       -4.0       -5.0       -2.0        0.0       -4.0       -2.0        3.0       -9.0        0.0        8.0       -1.0        8.0       -5.0       -2.0       -8.0       -8.0       10.0        1.0       -5.0      -10.0        7.0       -9.0       -6.0       -2.0        8.0     -182.0        1.0        6.0       -9.0       -4.0      -10.0       -4.0 =     1185.0
       2.0        7.0        1.0       -7.0        0.0       -1.0        4.0       -8.0        7.0        5.0        3.0       -7.0        3.0        3.0        7.0        4.0       -5.0        4.0       -9.0        4.0        6.0        6.0        8.0       -2.0        7.0        2.0       -4.0       -5.0      168.0        6.0        6.0       -9.0        9.0        4.0 =     1971.0
      -5.0        4.0        4.0       -6.0        8.0        0.0        4.0        0.0       -4.0       -8.0       -4.0        5.0        1.0       -8.0       -1.0        6.0        5.0        7.0       -6.0        5.0        1.0        0.0        9.0       -8.0       -9.0      -10.0       -9.0        9.0        6.0      181.0        8.0       -8.0        0.0       -4.0 =     1557.0
      -2.0        2.0       -8.0        6.0       -6.0        5.0        7.0       -5.0       -1.0       -9.0       -6.0        6.0      -10.0        4.0       -6.0       -6.0       -4.0       -4.0        6.0        3.0       -7.0       -8.0       -7.0        1.0       -2.0      -10.0        6.0        9.0       -3.0        5.0      191.0       -5.0        9.0       -7.0 =    -1296.0
      -2.0       -3.0       -6.0       -7.0       -2.0       -1.0        2.0        6.0       -2.0       -8.0       -7.0        4.0       -5.0       -8.0       -1.0        5.0        5.0       -9.0       -3.0       -1.0       -9.0        1.0       -4.0       -9.0       -3.0       -5.0       -5.0        0.0        5.0       -2.0        1.0      148.0       -1.0       -8.0 =     -198.0
       9.0       -4.0        3.0       -6.0       -8.0       -9.0       -5.0       -2.0        0.0        6.0        1.0        6.0        1.0        6.0       -6.0       -1.0        9.0        6.0       -2.0       -1.0        8.0       -5.0       -8.0       -7.0       -5.0        7.0        5.0        1.0       -3.0       -6.0       -8.0        9.0     -172.0        9.0 =    -1204.0
       5.0       -8.0       -9.0       -9.0        2.0       -1.0        7.0       -2.0       -5.0       10.0        3.0        4.0        1.0        8.0      -10.0        6.0        4.0       -5.0       -3.0       -1.0        1.0       -3.0        4.0       -9.0       -7.0       -1.0       -5.0        8.0        0.0       10.0       -5.0      -10.0       -3.0      179.0 =     1404.0

       3.0        7.0        9.0        4.0        0.0        9.0        9.0        6.0       -2.0        3.0        8.0        4.0       -4.0       -1.0        9.0      -10.0       -2.0       -5.0       -7.0       -8.0       -8.0       -5.0        1.0        4.0        7.0       -8.0       -5.0       -5.0        9.0        9.0       -9.0       -3.0        7.0        9.0
