36
    -172.0       -7.0        8.0       -1.0       -4.0       -1.0        7.0       -4.0        6.0       -4.0        7.0        5.0       -8.0       -3.0       -3.0       -7.0        9.0        1.0       -1.0        4.0        3.0        4.0        2.0       -1.0       -5.0        5.0        9.0       -8.0      -10.0       -8.0        2.0       -7.0       -3.0        1.0        1.0        3.0 =     1440.0
      -1.0     -182.0       -9.0        2.0       -8.0        8.0       -5.0       -9.0       -3.0       -8.0       -5.0       -1.0        4.0        2.0       -2.0        3.0       -1.0       10.0       -4.0        9.0       -1.0       -7.0        9.0       -6.0        9.0       -4.0       -4.0       -6.0        1.0       -2.0        0.0        9.0      -10.0        0.0        6.0       10.0 =     1568.0
       8.0       -7.0     -188.0        6.0        1.0        8.0        6.0        7.0       -2.0       -7.0        1.0       -3.0       -5.0       -4.0        7.0      -10.0        2.0        4.0       -8.0       -8.0        2.0        9.0        0.0       -7.0       -7.0       -4.0       -8.0        1.0        5.0       -9.0        2.0        6.0       -5.0        9.0        2.0       -1.0 =    -1379.0
       7.0        7.0       -9.0      190.0        3.0        3.0        0.0        3.0       -7.0        5.0        9.0        2.0       -6.0       -9.0       -3.0       -8.0       -2.0      -10.0       -5.0        3.0        3.0       -6.0        4.0        3.0       -8.0        6.0        3.0       -6.0      -10.0       -3.0       -3.0       -2.0        5.0       -9.0        7.0        9.0 =     1494.0
       7.0       -3.0       -1.0       -4.0      171.0      -10.0        3.0       -8.0        9.0        4.0        9.0        0.0        5.0        7.0       -3.0       -2.0        6.0       -5.0        0.0       -8.0       -6.0        4.0        1.0       10.0        4.0        9.0       -6.0        2.0        2.0       -4.0       -8.0        1.0       -3.0        7.0        3.0       -5.0 =     -188.0
       7.0       -2.0        7.0       -8.0       -6.0     -169.0       -7.0       -7.0       -7.0      -10.0        8.0        3.0       -8.0       -1.0        7.0        0.0        5.0        0.0       -6.0       -4.0       -8.0       -7.0        1.0       -6.0        0.0       -3.0       -8.0        5.0        3.0       -1.0        1.0       -2.0       -2.0        6.0       -6.0       -7.0 =    -1160.0
       4.0        7.0        6.0        2.0        0.0       -1.0      135.0       -3.0        0.0       -5.0        7.0        0.0       -3.0        0.0        4.0        3.0       -8.0        3.0       -4.0        2.0       -7.0        0.0       -8.0        1.0       -4.0       -4.0        1.0       -4.0        9.0       -1.0        1.0        6.0       -8.0        3.0       -9.0        2.0 =      508.0
       5.0        7.0       -9.0       10.0       -2.0       -9.0        0.0     -186.0        3.0        8.0       -2.0        2.0       -6.0        1.0        8.0       -9.0       -4.0        3.0        0.0       -8.0        5.0        3.0       -8.0       -2.0       -9.0        1.0       -3.0       -5.0        5.0        8.0       -5.0        6.0       -5.0        8.0        6.0       -2.0 =     1295.0
      -3.0        5.0       -4.0        6.0       10.0       -6.0        0.0       -2.0      172.0       -4.0       -4.0        3.0       -7.0      -10.0       -2.0        2.0       -7.0      -10.0        7.0       -4.0        4.0        3.0        3.0       -3.0        0.0       -3.0       -8.0        9.0        6.0       -8.0        1.0       -8.0        1.0        1.0        7.0        5.0 =     -456.0
      -8.0        2.0        6.0        7.0        1.0       -5.0      -10.0       -5.0       -9.0      161.0        8.0       -3.0       -4.0        1.0       -3.0       -9.0       -2.0       -3.0        1.0        4.0      -10.0       -5.0        0.0       -2.0       -8.0        0.0        3.0       -1.0        1.0       -5.0       -4.0        6.0       -7.0       -7.0        1.0        3.0 =     -285.0
      -5.0       -2.0        0.0        6.0      -10.0       10.0       -7.0        7.0       -7.0        1.0     -174.0       -1.0        9.0       -2.0       -2.0       -8.0       -8.0        6.0        0.0        0.0        1.0        2.0      -10.0        7.0       -9.0        2.0        3.0        1.0       -7.0        5.0        9.0       -8.0       -1.0        3.0       10.0        1.0 =     1068.0
       9.0        0.0        5.0        1.0       -8.0       -2.0       -9.0        0.0       -8.0       -4.0        0.0      150.0       -1.0       -4.0        5.0        7.0       -7.0       -7.0      -10.0        0.0        0.0       -4.0       -1.0        8.0        1.0        2.0       -6.0       -8.0        3.0        1.0        6.0       -1.0       -1.0       -9.0        0.0       -9.0 =      297.0
      -8.0        0.0        3.0        5.0       -9.0        1.0        8.0       -4.0       -1.0       -3.0        4.0       -4.0      164.0        2.0       -4.0        9.0        5.0        0.0        0.0       -8.0       -9.0       -4.0       -5.0        5.0       -5.0       -6.0        7.0        1.0        0.0        6.0       -8.0       -3.0       -9.0        6.0        1.0      -10.0 =      127.0
      -5.0        7.0       -1.0       -7.0        8.0        0.0       -7.0       -5.0       -1.0       -6.0       -9.0      -10.0        0.0     -181.0        2.0        6.0       -5.0        2.0       -1.0        3.0        7.0       -2.0        5.0       -9.0        4.0        2.0       -8.0        4.0       -6.0        5.0      -10.0       -1.0        7.0        9.0        5.0        5.0 =     1351.0
       6.0        7.0       -7.0       -2.0       -3.0       -2.0       -2.0        9.0       -1.0       -3.0        0.0        0.0        6.0        0.0     -157.0       -5.0        2.0       -3.0       -9.0        5.0        9.0       -4.0        0.0        7.0       -6.0       -2.0       -3.0       -4.0       -1.0       10.0        1.0       10.0        2.0        9.0       -5.0        4.0 =     -396.0
       3.0        1.0       -9.0       -6.0       -3.0        7.0        5.0        6.0       -2.0        0.0        1.0        9.0       10.0       -5.0       -2.0     -172.0       -3.0       -7.0        7.0       -6.0       -3.0       -3.0      -10.0       -5.0        8.0        9.0        7.0        2.0       -2.0        0.0       -3.0        6.0        0.0       -7.0        7.0       -2.0 =     1296.0
       8.0       -3.0       -7.0        7.0       -6.0        0.0        9.0       -9.0        7.0        9.0       -1.0        6.0        7.0       -6.0       -8.0       -6.0      183.0        4.0        8.0       -6.0       -1.0       -7.0       -5.0        9.0        6.0        3.0       -1.0        0.0        1.0        9.0        1.0        6.0       -3.0       -6.0        3.0       -2.0 =     1881.0
       2.0        0.0       -2.0       -8.0       -9.0       -4.0       -4.0       -6.0       -2.0        5.0       -9.0        2.0        8.0        0.0       10.0        7.0        2.0      170.0       -1.0        2.0        8.0       -5.0       -7.0       -4.0       -2.0        1.0        3.0        9.0       -3.0        4.0       -7.0       -5.0       -8.0       -9.0        5.0        6.0 =    -1341.0
      -4.0       -2.0       -5.0        4.0       -9.0       -1.0       -4.0       -2.0        1.0        7.0       -5.0       -2.0        0.0        9.0        2.0       -3.0        0.0        7.0      165.0        7.0        9.0       -1.0       -6.0        1.0        4.0        5.0        5.0      -10.0       -9.0       -5.0        7.0       -8.0        6.0        6.0        0.0       -7.0 =     1458.0
       6.0       10.0        4.0       -8.0       -3.0       10.0       -4.0        0.0        6.0       -2.0        9.0       -1.0        0.0       -5.0        9.0        8.0       -7.0       -5.0       -9.0     -175.0        5.0        6.0        7.0        2.0        4.0        6.0       -1.0        7.0        8.0       -4.0        6.0        3.0       -1.0        1.0        1.0       -3.0 =     -660.0
       1.0       -3.0        9.0        9.0       -6.0       10.0        9.0       -4.0        0.0       -6.0        8.0        0.0        6.0       -5.0       -2.0       -6.0       -3.0        5.0       10.0       -8.0      202.0       -3.0       -4.0        9.0       -9.0        0.0       -3.0        4.0        8.0        3.0       -7.0        8.0       10.0       -2.0       -4.0        8.0 =    -1220.0
     -10.0        7.0        2.0        8.0        2.0        9.0        2.0       -1.0       -7.0        3.0       -2.0       -3.0        2.0       10.0        8.0       -9.0       -9.0        7.0        0.0        8.0       -2.0      197.0       -9.0       -6.0        2.0       -5.0        5.0        1.0        8.0        1.0        5.0       -8.0        8.0       -7.0       -7.0        6.0 =    -1944.0
     -10.0        6.0        9.0      -10.0        5.0        9.0        5.0       -6.0        8.0       -5.0        5.0        7.0       -8.0       -1.0       -7.0        5.0        1.0       10.0        9.0       10.0        7.0        6.0      234.0        4.0        9.0        8.0       -8.0       -6.0        8.0        8.0        1.0        9.0        1.0        7.0       -5.0        4.0 =     1974.0
       4.0       -9.0       -6.0       -8.0       -7.0        0.0       -6.0        3.0       -8.0        2.0        6.0       -1.0        7.0        1.0       -2.0        1.0        4.0        4.0       -9.0       -4.0        4.0      -10.0       -4.0     -164.0        7.0        8.0        1.0       -6.0        6.0       -1.0       -9.0       -3.0       -8.0       -2.0        0.0        1.0 =     1456.0
       2.0       -8.0        2.0        3.0       -6.0        6.0        6.0        5.0        6.0        1.0        8.0       -3.0       -5.0       -7.0        7.0       -8.0        2.0       -3.0       -8.0       -8.0        4.0        2.0       -1.0       -5.0     -169.0        2.0        8.0        0.0        4.0       -1.0       -3.0       -1.0      -10.0       -8.0       -3.0       -6.0 =     -195.0
       9.0       -8.0       -7.0        1.0       -8.0        9.0        0.0        4.0       -8.0        0.0        3.0        6.0       10.0        0.0       -8.0       -9.0        9.0       -9.0       -6.0        9.0        4.0        2.0        4.0        2.0       -6.0      195.0        5.0        9.0       -7.0       -2.0        6.0        4.0       -1.0        3.0       -1.0        8.0 =      888.0
       0.0       -6.0       -9.0       -7.0       -9.0       -8.0       -5.0       -1.0        9.0        9.0       -4.0        2.0       -3.0        2.0       -5.0       -2.0        1.0       -4.0        5.0        3.0        5.0        3.0        3.0        0.0       -2.0       -6.0     -156.0        2.0        9.0       -2.0        5.0       -6.0       -2.0        2.0        9.0       -2.0 =     1020.0
      -5.0        5.0        8.0       -1.0      -10.0        3.0       -1.0        7.0      -10.0        6.0        3.0        4.0        5.0       -3.0       -8.0        6.0        6.0        0.0       -8.0        1.0       -8.0        8.0       -2.0        0.0        9.0      -10.0        8.0      197.0       -7.0        7.0       -7.0       -6.0       -3.0        3.0       -2.0       -7.0 =     -188.0
       3.0       -5.0       10.0       -6.0       -7.0       -8.0       -1.0       -8.0      -10.0        0.0       -2.0       -1.0        7.0       -8.0       -7.0        4.0        6.0        8.0        4.0        3.0       -4.0       -8.0        4.0       -8.0        3.0        2.0       -9.0        6.0     -194.0       -2.0        5.0       -2.0        8.0        4.0       10.0        5.0 =     1782.0
      -4.0       -3.0       -4.0       -8.0        4.0       -9.0       -6.0        8.0        0.0       -6.0       -6.0       -8.0        4.0        2.0        5.0        9.0       -3.0       -5.0        3.0      -10.0       -1.0       -6.0       -5.0       -9.0        3.0        4.0       -9.0       -6.0        5.0      171.0       -3.0        5.0        2.0        1.0        0.0        3.0 =      944.0
      -4.0        2.0        7.0       -5.0        6.0        2.0        9.0        5.0        2.0       -8.0        8.0       10.0        2.0       -8.0       -3.0      -10.0       -3.0        3.0       -6.0       -5.0       -2.0        6.0        6.0       -5.0        3.0        3.0       -2.0       -3.0       -7.0        7.0      182.0       -5.0       -1.0        9.0        7.0       -6.0 =    -1176.0
      -5.0       -7.0       -5.0       -2.0        6.0        9.0        0.0        0.0       -1.0       -6.0        8.0        9.0       -1.0        1.0        7.0        5.0       -4.0        1.0       10.0        7.0       10.0       -6.0       -3.0        0.0        5.0       -6.0       -6.0        5.0       -4.0       -4.0        6.0     -177.0        5.0       -8.0        5.0       -6.0 =     1368.0
       6.0       -7.0       -3.0        5.0        4.0       -3.0       -7.0        6.0        3.0        4.0       -8.0       -6.0        6.0        2.0        3.0       -8.0        1.0        3.0       -6.0       -6.0        5.0       -9.0        0.0        5.0        3.0        1.0        8.0        6.0        6.0       -3.0        4.0        8.0      178.0       10.0       -5.0        3.0 =    -1881.0
      -5.0        8.0        8.0        8.0        9.0       -2.0      -10.0       10.0       -5.0        8.0        8.0       -8.0       -9.0       -9.0       -9.0       -2.0       -7.0       -3.0        5.0        0.0        1.0        4.0        2.0        9.0        5.0        8.0        6.0       -4.0       -4.0       -7.0        3.0        2.0       -8.0      215.0        8.0        9.0 =     -244.0
       5.0        4.0       -2.0        3.0       -8.0       -5.0        6.0        8.0       -9.0       -4.0        3.0        6.0        1.0       -2.0       10.0        5.0        0.0       -4.0        9.0       -9.0       -6.0       -1.0        0.0       -6.0        6.0       10.0       -5.0       -7.0        5.0       -9.0       -2.0        8.0       -6.0       -3.0     -191.0        7.0 =     1464.0
       0.0       -8.0        5.0      -10.0        3.0       -1.0       -5.0       -7.0        2.0        5.0        0.0        9.0       -9.0        0.0       -7.0       -9.0       -8.0        8.0       -2.0        6.0       -9.0        5.0        6.0       -1.0        1.0        1.0       -6.0        9.0       -2.0        8.0       -8.0        0.0       -4.0        4.0       -1.0      173.0 =      444.0

      -8.0       -8.0        7.0        9.0       -1.0        5.0        4.0       -7.0       -3.0       -3.0       -6.0        3.0        1.0       -7.0        3.0       -8.0        9.0       -9.0        9.0        6.0       -5.0       -9.0        6.0       -7.0        1.0        4.0       -6.0       -1.0       -9.0        8.0       -6.0       -9.0       -9.0       -1.0       -8.0        3.0
