36
     196.0        0.0        1.0       -5.0        5.0       -2.0       -1.0       -7.0       10.0        8.0       -9.0       -8.0        1.0       10.0       -2.0        8.0      -10.0        5.0       -8.0        7.0        0.0        4.0       -3.0        6.0        2.0       -1.0       -6.0       10.0        6.0       -4.0       -7.0       -9.0       -8.0        5.0        6.0        8.0 =    -1664.0
       0.0     -171.0        1.0        5.0       -3.0       -2.0        0.0       -3.0        9.0        9.0        2.0        6.0        8.0        4.0        8.0        3.0       -9.0       -6.0        8.0       -7.0        9.0        3.0        7.0        5.0       -8.0        2.0        9.0       -2.0       -3.0        3.0        6.0        2.0        0.0        7.0       -2.0       -8.0 =     -972.0
       3.0        8.0      176.0       -1.0       -1.0        8.0       -1.0        6.0        2.0       -2.0       -5.0       -9.0       -5.0       -1.0        6.0       10.0        6.0       -2.0       -8.0        8.0        9.0       -8.0       -5.0        8.0        1.0        1.0        8.0        1.0       -1.0        0.0       10.0        3.0        5.0        3.0        8.0        5.0 =     -984.0
      -7.0       -8.0        6.0     -179.0        4.0        9.0        7.0       -7.0        0.0        1.0        5.0        0.0       -3.0        4.0        6.0       -8.0        2.0       -6.0        5.0        2.0        7.0        5.0        0.0       -6.0        5.0       -8.0        4.0        2.0        9.0        5.0       -7.0       10.0        2.0        7.0        9.0        3.0 =     -120.0
      10.0       -7.0       -5.0        1.0      165.0       -4.0       -2.0        6.0        7.0        5.0        6.0       -9.0        1.0       -7.0        1.0        5.0       -7.0       -5.0        3.0       -9.0        4.0        0.0        0.0        8.0        5.0       -4.0        2.0       -2.0        1.0       -5.0       -5.0       10.0        9.0       -2.0        0.0       -1.0 =      875.0
       4.0        1.0       -6.0       -1.0        4.0      148.0       -1.0       -6.0        0.0        3.0       -3.0        2.0       -6.0       -2.0        0.0        0.0       -8.0        6.0       -8.0        6.0       -8.0       -6.0       -7.0       -4.0        8.0       -2.0       -8.0        0.0        3.0        5.0       -4.0        7.0        2.0       -2.0        5.0       -5.0 =     -351.0
       4.0       -3.0        2.0        2.0       -6.0       -6.0      197.0       -7.0       -8.0       -8.0       -6.0       -9.0       -7.0        9.0        9.0        1.0       -3.0       10.0       -3.0       -6.0        5.0        0.0        6.0       -6.0        0.0       -6.0        9.0       -9.0        6.0        0.0        8.0       -8.0        3.0        7.0       -2.0        5.0 =      180.0
      -4.0       -8.0        7.0       -6.0       -5.0        4.0        1.0     -194.0        4.0       -8.0       -7.0        8.0       -2.0       -8.0        6.0        1.0       -3.0       -1.0      -10.0      -10.0        3.0       -3.0       -5.0        9.0        9.0        0.0      -10.0        5.0        3.0        1.0        8.0       -3.0        8.0        4.0        7.0        3.0 =     -588.0
       3.0       -9.0        1.0        3.0        7.0        8.0       -2.0       -5.0     -176.0        9.0        6.0       -2.0       -9.0        0.0       -6.0        3.0       10.0        1.0      -10.0        4.0        0.0       -4.0        2.0        0.0        0.0        5.0       -7.0        0.0        6.0       -3.0       -6.0        7.0        8.0       -6.0        8.0       -9.0 =    -1141.0
       8.0        4.0        2.0        7.0       -7.0       -9.0       10.0        0.0        7.0      178.0        1.0        1.0        5.0        8.0        8.0       -1.0       -1.0       -7.0        0.0       -9.0       -1.0       -6.0        7.0       -2.0        7.0        1.0       -9.0        8.0        1.0       -9.0        7.0       -5.0        1.0        3.0       -5.0        5.0 =     -208.0
       4.0       -8.0        5.0        7.0       -3.0       -7.0       -8.0       -8.0       -3.0        1.0     -196.0        4.0        9.0        6.0       -1.0        4.0       10.0        1.0        9.0        3.0       -3.0        0.0       -4.0       -4.0       -6.0        9.0        8.0       -3.0       -5.0       -7.0        7.0       -8.0       -8.0        3.0       -8.0        6.0 =      582.0
       2.0       -3.0        3.0       -9.0       -7.0      -10.0        5.0       -2.0        5.0       -6.0        2.0      177.0        5.0       -1.0        2.0        3.0        3.0        5.0        8.0       -2.0       -7.0        9.0       -2.0       -7.0       -6.0       -9.0       -4.0        9.0        0.0       -2.0       -3.0        4.0       -2.0       -7.0       10.0       -5.0 =     -316.0
       1.0        2.0        0.0       -5.0        0.0        6.0        0.0       -6.0       -1.0        9.0       -7.0        3.0     -173.0       -4.0       10.0        1.0        6.0        8.0        8.0       -8.0       -4.0        6.0        5.0       -2.0       -6.0        6.0       -7.0       -9.0        6.0       -6.0       -7.0        0.0       -1.0       -8.0        2.0       -9.0 =      184.0
       8.0        7.0        9.0       -1.0        7.0        7.0       -1.0       -9.0        6.0        0.0        8.0        8.0        7.0      196.0       10.0       -2.0        2.0        6.0        2.0        7.0       -5.0       -5.0       -9.0        7.0        6.0       -5.0       10.0       -7.0        3.0        0.0        8.0        1.0       -3.0       -9.0        3.0       -7.0 =      795.0
       6.0       -8.0       10.0        5.0       -2.0      -10.0        3.0       -1.0       10.0        1.0       -2.0        4.0        1.0       -2.0      190.0       -1.0        1.0       -8.0       -7.0       -4.0       -1.0       -9.0        7.0       -1.0        6.0       -5.0       -7.0       -8.0       -6.0       -8.0       -7.0        8.0        1.0       -9.0       -9.0       -8.0 =      910.0
       9.0       -1.0        3.0       -8.0        3.0       -8.0        3.0        0.0        2.0       -5.0       -6.0        3.0        6.0        1.0        7.0     -163.0       -6.0       -3.0       -6.0       -6.0      -10.0        4.0       -4.0       -1.0        5.0        5.0       -5.0        7.0        2.0        5.0        0.0       -2.0       -2.0       -2.0        7.0       -8.0 =        0.0
      -7.0        5.0        6.0       -5.0       -2.0       10.0       -6.0       -9.0       -8.0        1.0        3.0        2.0        7.0        2.0        1.0        9.0     -196.0       10.0       -2.0      -10.0      -10.0        8.0       -4.0       -1.0        0.0        2.0        8.0       -1.0      -10.0       -9.0        4.0       -3.0       10.0       -7.0       -6.0        1.0 =     1449.0
       3.0        3.0       -4.0        5.0        8.0        1.0       -7.0       -1.0       -5.0       -2.0       -1.0       -1.0       -8.0       -7.0       -3.0        5.0        5.0     -171.0        0.0       -7.0        0.0       -9.0       -8.0       -4.0       -7.0        2.0       -7.0       -7.0        6.0        4.0      -10.0       10.0       -5.0        5.0        0.0       -3.0 =    -2200.0
       7.0       -7.0        9.0       -4.0        4.0       -4.0       -3.0        7.0       -2.0       -5.0       -7.0       -7.0       -3.0      -10.0       -8.0       -2.0        4.0        5.0     -176.0        4.0       -7.0       10.0       -9.0       -2.0       -1.0        2.0       -1.0       -2.0        1.0        1.0       -8.0      -10.0       -1.0       -2.0        7.0        5.0 =     1720.0
      -5.0       -2.0       -7.0        4.0        2.0       -4.0        5.0       -9.0        7.0        7.0      -10.0       -4.0       -8.0       -4.0        8.0        9.0        0.0       -2.0       -1.0      196.0        8.0      -10.0        5.0        7.0       -9.0        4.0        1.0       -8.0       -6.0       -8.0       -3.0       -8.0       -1.0        3.0       -8.0       -3.0 =      876.0
      -7.0        3.0       -6.0       -6.0       -8.0        6.0        9.0       -4.0       -6.0        7.0       -5.0        5.0        0.0        3.0        1.0        8.0        8.0       -2.0        4.0       -1.0      182.0        2.0        7.0        4.0       -2.0       -2.0       -9.0        8.0       -3.0        2.0       -6.0       -2.0       -9.0        3.0       -8.0        8.0 =      552.0
      -1.0        5.0       -4.0       -9.0        4.0      -10.0       -7.0      -10.0        1.0        2.0        2.0       -9.0       -8.0        1.0        7.0       -3.0        6.0       -9.0       -4.0       -3.0       -9.0     -198.0        3.0       -3.0        6.0        0.0       -8.0       -7.0        6.0       -5.0        0.0       10.0      -10.0      -10.0        5.0       -8.0 =     -554.0
       8.0        9.0       -5.0        5.0       -6.0       -9.0        2.0        5.0       -7.0        6.0        5.0        7.0        8.0        0.0       -3.0        7.0       -1.0        8.0        6.0       -4.0       -7.0       -6.0      222.0       10.0        7.0       -3.0       -7.0       -3.0       -8.0        9.0        7.0        9.0        5.0       -7.0       -6.0       -9.0 =     1016.0
       3.0        8.0        0.0       -9.0        5.0        2.0        8.0        7.0       -7.0       -4.0        3.0        0.0       -8.0      -10.0       10.0        6.0       -4.0       -8.0        6.0       -4.0        8.0        3.0       -2.0     -180.0       -2.0        0.0       -6.0        1.0        2.0        0.0        5.0       -5.0       -3.0        9.0       -6.0        7.0 =    -1155.0
      -4.0        3.0       10.0        4.0       -5.0        7.0       -1.0      -10.0      -10.0        0.0       -6.0        4.0       -5.0       -6.0       -1.0       -9.0       -9.0        9.0        3.0        8.0        7.0       -6.0        2.0        7.0     -212.0        9.0       -6.0        6.0       -4.0       -5.0       -1.0       -9.0        8.0       -5.0       -8.0        6.0 =    -2290.0
       0.0        6.0        0.0       -8.0       -4.0        7.0       -5.0       -9.0        5.0       -5.0       -7.0       -8.0       -7.0        5.0        0.0       -9.0       -5.0       -4.0        6.0       -9.0        9.0       -4.0        9.0       -4.0       -6.0     -188.0       -9.0        2.0       -8.0        1.0       -1.0        8.0        2.0        2.0       -5.0       -3.0 =      984.0
       3.0       -4.0       -9.0       -7.0       -5.0        2.0       -4.0        6.0        6.0        6.0      -10.0       -5.0        9.0        7.0        4.0       -1.0        9.0        5.0       -6.0       -6.0       -8.0       -8.0       -2.0        3.0        7.0        1.0      200.0        7.0      -10.0       -5.0        6.0        0.0        8.0        3.0       -5.0       -6.0 =     -573.0
      -8.0       -3.0       -9.0        7.0        8.0        7.0        3.0       -1.0       -9.0       -7.0        8.0       -9.0        6.0        9.0        4.0       -9.0        3.0       -8.0        2.0        7.0       -9.0       -3.0       10.0       -8.0        0.0       -1.0        4.0     -211.0        5.0      -10.0        4.0       -8.0       -5.0        0.0        8.0        9.0 =     -428.0
       5.0        1.0       -2.0       -7.0       -6.0        1.0        4.0        2.0        3.0       -8.0       -9.0       -8.0        7.0        9.0        4.0       -6.0       -2.0        8.0        1.0       -6.0       -8.0       -8.0       -2.0      -10.0       -3.0        6.0       -8.0        4.0      182.0        3.0        7.0        1.0       -7.0        2.0       -6.0       -1.0 =     -286.0
       6.0        9.0        4.0       -4.0        2.0       -3.0       -9.0        0.0        9.0        0.0        5.0       -1.0       -3.0        5.0        3.0       -5.0        0.0       -8.0       10.0        6.0       -9.0        1.0        1.0       -2.0        7.0       10.0        8.0       -2.0       -3.0      168.0      -10.0        3.0        3.0       -1.0       -2.0        6.0 =     -816.0
       6.0        8.0        4.0        5.0        7.0        8.0       10.0        0.0       -7.0        0.0       10.0       -5.0        5.0        3.0       -1.0       -7.0        3.0       10.0       -2.0       -3.0        0.0        2.0       -7.0        9.0        4.0        9.0        9.0       -1.0        9.0       -1.0      198.0        8.0        7.0       -8.0       -8.0       -6.0 =      278.0
      -3.0       -8.0       -8.0        3.0        3.0       -3.0        3.0        6.0        9.0        7.0        8.0       -9.0       -5.0        7.0        9.0        1.0        8.0        4.0        3.0        9.0        6.0        6.0      -10.0       -3.0       -7.0        9.0        6.0        0.0       -3.0        2.0        0.0      195.0       -1.0       -7.0        3.0       -9.0 =     -693.0
       8.0        8.0       -1.0        2.0       -9.0       -4.0       -7.0        2.0        7.0        5.0        5.0        6.0       -7.0       -4.0        8.0       -7.0        1.0       -4.0       -9.0       -8.0        7.0        0.0        4.0       -1.0        6.0       -1.0        7.0       -8.0        7.0        7.0       -6.0       -2.0     -184.0       -7.0       -5.0        1.0 =     1464.0
       7.0        6.0       -6.0        6.0        9.0        7.0        9.0        2.0        4.0        6.0        4.0       -6.0        8.0      -10.0       -7.0       -2.0       -5.0       -6.0        7.0        0.0        1.0       -2.0        5.0       -7.0       -3.0        2.0        3.0       -5.0        2.0       -7.0        8.0        9.0        2.0      180.0       -1.0        4.0 =      672.0
      -8.0        3.0       -2.0       -5.0       10.0       -2.0        8.0        8.0        1.0        4.0       -2.0        8.0        8.0        7.0        1.0        0.0        4.0        1.0        8.0       -4.0      -10.0        6.0        5.0       -8.0       -6.0        3.0       -3.0        6.0        6.0       -4.0       -9.0        9.0       -6.0       10.0      201.0       -8.0 =     2400.0
       7.0        4.0        0.0       -4.0       -6.0       -4.0        9.0        2.0       -2.0       -9.0        1.0        5.0        1.0       -6.0        3.0        2.0       -3.0        1.0       -7.0        5.0       -6.0       -6.0        9.0      -10.0       -8.0        4.0        4.0       -5.0       -8.0        7.0       -3.0        0.0        0.0        6.0       -6.0      168.0 =    -1160.0

      -8.0        9.0       -4.0        1.0        5.0       -3.0        1.0        3.0        7.0       -1.0       -3.0       -2.0       -1.0        3.0        7.0        0.0       -7.0       10.0       -8.0        6.0        3.0        2.0        4.0        7.0       10.0       -4.0       -3.0        2.0       -2.0       -4.0        1.0       -3.0       -8.0        3.0       10.0       -8.0
