36
     171.0        8.0       -9.0       -6.0        2.0        1.0       -8.0        6.0       -3.0        5.0        0.0        0.0        0.0        2.0        8.0        4.0       -7.0        8.0       -3.0       -4.0        6.0        8.0        4.0       -7.0        0.0        6.0        7.0        5.0        4.0        6.0        6.0       -3.0       -8.0        2.0        8.0        5.0 =      896.0
      -6.0     -182.0        5.0        8.0        8.0       -5.0        3.0        0.0        9.0        6.0        6.0        2.0        9.0       -8.0        2.0        7.0       -7.0       -8.0        2.0        8.0       -1.0        7.0        0.0        6.0        4.0       -7.0       10.0       -6.0       -8.0        2.0        4.0       -6.0       -3.0       -7.0        1.0        0.0 =     1305.0
       0.0        4.0      196.0        3.0       -6.0       -3.0        5.0        3.0        3.0        6.0        3.0        7.0       -5.0        6.0        7.0       -8.0        2.0       -9.0       -7.0       -9.0       -2.0       -3.0       -6.0        8.0        9.0        3.0        4.0      -10.0        7.0        4.0       -8.0       -7.0       -1.0       -8.0       -8.0       -6.0 =      696.0
      -5.0       -1.0       -3.0      181.0       -5.0       -1.0        8.0        6.0        0.0       -5.0       -1.0       -8.0        0.0       -8.0       -1.0       -9.0       -7.0       -7.0        4.0        9.0       -1.0       -5.0        7.0        1.0       -4.0        9.0        6.0       -8.0       -8.0       -5.0        8.0        8.0        0.0        6.0        4.0        6.0 =      684.0
      -5.0        8.0        5.0        1.0      161.0       -7.0       -8.0        7.0        6.0       -7.0        0.0       -1.0        4.0        7.0        6.0        9.0        7.0       -9.0       -4.0        4.0       -1.0        3.0       -3.0        6.0        0.0        1.0        7.0       -4.0       -4.0       -1.0        0.0        6.0       -3.0       -4.0       -8.0        4.0 =    -1098.0
      -1.0      -10.0       -6.0       -2.0        3.0     -181.0        7.0       -7.0        1.0        6.0        1.0        1.0       -6.0        8.0       -6.0        0.0        8.0       -2.0       -4.0       -4.0       -7.0        3.0       -2.0        8.0        8.0       -7.0       -4.0       -7.0        2.0       -8.0       -1.0        4.0       -8.0       -6.0       -8.0        7.0 =    -1540.0
      -1.0        6.0        4.0       -1.0        7.0        9.0     -197.0        1.0       -5.0        7.0        9.0       -9.0        8.0        2.0       -4.0       -3.0       -4.0       -5.0        9.0       -7.0       -4.0       -4.0       -3.0       -7.0        7.0        7.0       -9.0       -1.0        7.0       -7.0       -3.0       -4.0        2.0        9.0        7.0       -6.0 =     -549.0
      -5.0        9.0        6.0       -5.0       -1.0        4.0       -4.0      165.0        2.0       -5.0       -6.0        7.0       -9.0        0.0       -3.0       10.0        5.0       -3.0        3.0       -1.0        3.0       -4.0       -1.0       -5.0       -3.0       -8.0        7.0       -6.0       -7.0        0.0       -5.0        1.0        5.0       -8.0       -2.0       -8.0 =      128.0
      -4.0       -5.0       -8.0        4.0       -3.0        5.0       -8.0        0.0      174.0       -5.0        6.0        3.0       -1.0       -9.0       -7.0        3.0       -8.0       -9.0       -8.0        2.0       -3.0        4.0        2.0       -7.0       -7.0       -9.0       -4.0        8.0       -7.0        1.0       -1.0        4.0        2.0       -3.0       -5.0       -2.0 =      855.0
       0.0        1.0       -3.0       -7.0        8.0        0.0       -2.0        4.0        8.0      186.0       -6.0       -5.0        2.0       -9.0        1.0       -2.0      -10.0        8.0        2.0        8.0      -10.0        4.0        7.0        9.0       -5.0       -9.0        5.0        9.0       -3.0       -6.0        3.0       10.0        6.0      -10.0        1.0        0.0 =     1170.0
      -7.0       -1.0       -2.0        6.0        9.0        1.0       -9.0       -7.0        3.0        9.0     -202.0       -4.0       -6.0        2.0       -7.0        8.0       -8.0        8.0        7.0       -6.0      -10.0       -4.0       -8.0        1.0        1.0        5.0       -5.0       10.0       -8.0       -7.0       -3.0        1.0       -3.0        6.0       -7.0        4.0 =        0.0
       3.0        2.0      -10.0       -5.0       -9.0        5.0       -1.0        1.0        5.0        7.0       -3.0     -160.0        3.0       -5.0       -6.0       -6.0       -2.0        1.0       -4.0        7.0       -6.0        3.0       -3.0        8.0        0.0        1.0        3.0        2.0        4.0       -7.0       -4.0       -6.0       -4.0       -2.0       -4.0        9.0 =      732.0
       0.0        4.0        4.0        5.0        4.0       -8.0       -7.0      -10.0        6.0        7.0        6.0       10.0      175.0        2.0        6.0        2.0       -6.0       -4.0        7.0        0.0       -9.0        0.0        1.0        9.0       -3.0       -4.0      -10.0       -4.0        0.0       -9.0        4.0        2.0        0.0       -1.0        7.0        8.0 =        0.0
      -2.0        7.0       -5.0        8.0        3.0       -3.0        6.0        1.0       -4.0       -2.0       -9.0        0.0       -8.0      174.0        2.0        4.0        4.0        3.0        3.0        1.0       -3.0        5.0       10.0       -6.0        2.0       -3.0       -5.0       -7.0       -7.0        4.0        3.0       -9.0        9.0       -7.0        6.0        8.0 =     1281.0
       8.0        0.0       -3.0        3.0       -3.0       -4.0       10.0       -8.0      -10.0        5.0        5.0        1.0        4.0        5.0      192.0       -8.0       -7.0       -6.0       -2.0        9.0        5.0       -6.0       -8.0      -10.0       -1.0        9.0        0.0       -3.0        5.0       -8.0        0.0       -5.0        8.0       -6.0        5.0        7.0 =     -732.0
       4.0       -1.0       -2.0       -5.0        9.0       -2.0        1.0        3.0        2.0        9.0       -6.0       -8.0        7.0        3.0       -5.0     -177.0        3.0       -7.0        3.0       -4.0        6.0        7.0        9.0       -6.0        5.0        9.0      -10.0       -7.0        1.0        7.0       -5.0        0.0        0.0       -7.0        3.0       -8.0 =        0.0
       2.0       -8.0       -6.0        7.0        1.0        5.0       -4.0       -9.0       -9.0        5.0        7.0        0.0       -2.0        2.0        6.0       -5.0      160.0        7.0       -5.0       -1.0        7.0        3.0        6.0       -8.0        4.0       -1.0       -3.0       -2.0        2.0       -1.0        0.0      -10.0       -9.0        5.0        1.0        4.0 =      151.0
       2.0        6.0        2.0        5.0       -7.0        2.0        0.0       -5.0      -10.0       -7.0        4.0        9.0       -3.0       -5.0       -3.0        8.0        1.0      167.0       -1.0       -8.0       -1.0        3.0       -3.0        2.0       -2.0       -3.0       -3.0        7.0        8.0        9.0       -2.0        1.0        4.0        4.0       -9.0       -9.0 =     -978.0
      10.0        0.0        9.0       -3.0       -7.0       -3.0       -8.0        1.0        8.0        9.0        1.0       -3.0       -1.0        9.0        5.0       -2.0       -1.0      -10.0      176.0       -4.0       -2.0        7.0       -6.0        9.0       -5.0       -2.0       -5.0       -1.0       -5.0        4.0       -5.0        1.0        8.0       -5.0       -7.0       -9.0 =     -652.0
       9.0       10.0        5.0        1.0       -6.0       -2.0       -6.0        3.0       -9.0       -2.0       -8.0       -8.0       -9.0        8.0        8.0       10.0       -2.0        7.0        0.0      186.0        9.0        6.0       -3.0        1.0        4.0       -3.0       -9.0       -6.0        4.0       -2.0        5.0        1.0        2.0       -1.0       -7.0       -3.0 =     -386.0
      -6.0       -2.0       -1.0        2.0       -7.0       -3.0       -9.0       10.0        3.0       -6.0        7.0        9.0        2.0        1.0       -7.0       -3.0       -8.0        6.0        9.0        1.0      202.0       -9.0       -9.0        4.0       10.0       -5.0       -1.0       -4.0       -9.0        8.0       -1.0        6.0        7.0        9.0        5.0       -5.0 =     2060.0
      -8.0       -2.0        1.0        4.0        7.0       -2.0       -2.0        3.0        4.0        6.0       -1.0       -1.0       -3.0        6.0        3.0        9.0       -2.0       -2.0       -6.0       -1.0       -5.0      146.0        3.0       -2.0       -6.0        7.0        6.0        4.0       -1.0       -7.0       -9.0        3.0        3.0        8.0        1.0       -6.0 =      790.0
      -6.0        2.0        4.0       -1.0        4.0        4.0        3.0        1.0        9.0       -1.0        1.0       -9.0       -1.0      -10.0        1.0        2.0        2.0        0.0        4.0        9.0       -1.0      -10.0      140.0       -9.0       -2.0       -1.0       -3.0       10.0        2.0        2.0        0.0        8.0        4.0       -5.0       -2.0       -5.0 =    -1168.0
      -2.0        7.0        5.0       -3.0      -10.0        4.0      -10.0       -2.0       -5.0       -9.0       -3.0        7.0       -3.0        9.0       -9.0       -4.0       -7.0        7.0       -5.0       -7.0        4.0        3.0        7.0      196.0        2.0       -7.0      -10.0       -6.0       -6.0        3.0       -9.0        4.0       -4.0       -6.0        2.0        4.0 =     -959.0
      -9.0        4.0        7.0       -9.0        0.0       -7.0        3.0        5.0        5.0        9.0        6.0        6.0        3.0        4.0       -5.0        9.0       -7.0       -3.0       -6.0       -7.0        2.0       -9.0        2.0       -6.0      190.0        3.0        2.0       -9.0       -1.0        2.0        7.0       -2.0       -9.0       -3.0        1.0        9.0 =     -187.0
       7.0       -7.0       10.0       -7.0        7.0       -2.0      -10.0       -4.0        1.0        0.0        6.0        8.0        6.0        5.0       -5.0       -3.0       -6.0        2.0        0.0       -8.0       -1.0        5.0       -4.0       -7.0       -6.0     -171.0       -9.0       -1.0        5.0       -9.0       -1.0       -6.0       -1.0       -5.0        4.0       -1.0 =    -1456.0
      -9.0        7.0        7.0        4.0        0.0        4.0        0.0        8.0       -2.0        5.0        5.0        8.0       -3.0        1.0       -4.0        5.0       -4.0        7.0       -1.0       -3.0        4.0        2.0        5.0       -1.0       10.0       -8.0     -163.0        1.0       -2.0        3.0       -2.0       -6.0       -9.0        9.0        1.0       -5.0 =      126.0
     -10.0        9.0        8.0       -1.0       -5.0       10.0       -1.0        6.0        5.0       -5.0       -9.0       -8.0       -5.0        8.0       -4.0       -6.0        1.0        7.0        3.0        1.0        3.0       -5.0        4.0       -6.0       -6.0       -1.0       -3.0      199.0       -4.0       -9.0        9.0        8.0        5.0        9.0       -1.0        5.0 =    -1477.0
      -1.0        8.0       -4.0       -4.0       -5.0        2.0        0.0        2.0        4.0        2.0        1.0        2.0        0.0        7.0       -4.0       -1.0        9.0        4.0       -4.0        7.0        6.0        4.0        7.0        6.0        1.0       -2.0        7.0       -5.0      166.0        7.0        1.0        9.0       -5.0       -7.0      -10.0       -9.0 =     -804.0
       6.0        4.0        3.0        9.0        1.0        0.0        9.0        7.0        9.0       -3.0        5.0        2.0        2.0       -8.0        3.0        2.0       -6.0       -2.0        9.0        9.0       -1.0       -5.0        6.0        3.0        6.0       -1.0        4.0      -10.0       -6.0     -171.0       -3.0       -4.0        0.0        4.0        3.0        9.0 =      105.0
       6.0        3.0       -8.0       -8.0       -6.0        4.0        2.0        8.0        3.0        9.0       -2.0       -2.0       -2.0       -4.0        5.0       -6.0        8.0        7.0        4.0       -2.0        1.0        4.0        6.0       -3.0       -1.0        7.0        5.0        3.0       -1.0       -3.0     -162.0       -8.0       -4.0       -2.0        5.0        9.0 =    -1125.0
       7.0       -5.0       -3.0        4.0       -7.0        8.0        2.0        0.0        1.0        6.0        1.0       -6.0        0.0        0.0        9.0        2.0        2.0        1.0       -1.0        1.0       -3.0        2.0        4.0        8.0       -1.0       10.0       -2.0        7.0       -5.0       10.0        1.0     -135.0       -4.0        4.0       -6.0        2.0 =     -688.0
       1.0       -8.0        0.0        5.0       -4.0       -1.0        5.0       -1.0       -4.0        9.0       -6.0       -5.0        7.0       -1.0       -8.0        4.0       -2.0       -4.0       -5.0        7.0        8.0        1.0       -5.0        3.0       -1.0       -5.0       -5.0       -3.0        3.0       -3.0        4.0        9.0      151.0       -1.0        0.0       -6.0 =        0.0
       9.0       -9.0        3.0       -4.0        6.0        5.0      -10.0        4.0        4.0        1.0       -9.0        1.0       -7.0       -1.0        8.0       -6.0        1.0       -9.0        3.0       -3.0       -1.0      -10.0        3.0       -4.0       -8.0        1.0        3.0        3.0       10.0       -1.0       -2.0       10.0       -1.0      167.0        0.0        5.0 =     1134.0
       1.0        7.0        6.0       -3.0        3.0       -6.0       -5.0       -1.0        3.0       -7.0       -2.0       -5.0       10.0       -7.0        0.0        6.0        6.0        8.0      -10.0       -6.0       -3.0       -7.0        8.0       -7.0        8.0        3.0        1.0       -2.0       -1.0        7.0       -9.0        5.0       10.0       -6.0      183.0        3.0 =      573.0
      10.0       -8.0       -8.0       -7.0       -2.0        5.0        2.0        5.0        6.0      -10.0       -4.0        1.0        5.0       -4.0        9.0        3.0        2.0        1.0        9.0        5.0        8.0       -9.0      -10.0        7.0       10.0        8.0        3.0        8.0       -4.0        9.0       10.0       -9.0       -2.0        6.0       -8.0      225.0 =    -1360.0

       4.0       -9.0        4.0        4.0       -6.0        7.0        3.0        1.0        9.0        6.0        0.0       -4.0        0.0        7.0       -4.0        0.0        1.0       -6.0       -4.0       -2.0       10.0        5.0       -8.0       -7.0       -1.0        7.0       -1.0       -7.0       -4.0       -1.0        9.0        8.0        0.0        7.0        3.0       -5.0
