36
     173.0       -7.0        2.0       -3.0        7.0        7.0       -6.0       -8.0        1.0        4.0        8.0       -5.0        2.0       -8.0        4.0        4.0      -10.0        0.0        5.0       -6.0       -3.0       -1.0        7.0        4.0        8.0       -7.0        0.0       -1.0       -4.0        1.0       10.0       -5.0       -8.0       -3.0       -1.0       -8.0 =      918.0
      -6.0     -207.0       -8.0        0.0       -7.0        5.0        1.0       -3.0       -9.0       -7.0       -6.0        7.0        6.0       -4.0       -5.0        4.0        5.0      -10.0       -4.0        8.0       10.0        6.0        9.0       -8.0       -9.0        6.0       -5.0       -6.0       10.0        2.0       -5.0        5.0        2.0        5.0        8.0       -1.0 =     1899.0
      -1.0       -3.0      144.0        8.0       -6.0       -2.0        4.0       -8.0        1.0       -9.0        6.0       -3.0        1.0        7.0       -1.0       -9.0        6.0        8.0        0.0        0.0        8.0       -5.0        1.0        0.0        0.0        3.0       -5.0       -6.0        1.0        6.0       -1.0        9.0        0.0       -1.0       -5.0        8.0 =      312.0
      -8.0       -4.0        0.0      177.0        5.0       -9.0       -2.0       -5.0       -3.0       -9.0        9.0        6.0        5.0       -3.0        3.0        0.0        4.0       -6.0      -10.0        4.0        7.0        7.0       -1.0       -4.0        0.0        3.0        1.0        9.0        8.0       -4.0       -5.0       -3.0       -7.0        2.0       -8.0       -6.0 =     -153.0
       6.0        0.0       -3.0        9.0      191.0       -7.0       -5.0       -8.0       -6.0       -9.0        6.0       -7.0       -2.0        3.0        2.0       -6.0        1.0       -7.0       10.0        8.0        2.0       -9.0        0.0       10.0        9.0       -3.0       -6.0        0.0        7.0        7.0       -2.0        2.0       -4.0        3.0        5.0        9.0 =      824.0
       6.0       -5.0       -6.0       -7.0       -3.0      185.0        7.0        8.0        4.0        2.0       -8.0        4.0       -9.0       -2.0       -5.0       -5.0       -1.0        8.0       -5.0       -2.0        6.0       -8.0       -9.0        6.0       -5.0       -6.0       -5.0        4.0       -6.0       -7.0        8.0        4.0       -5.0        1.0       -3.0        4.0 =      580.0
      -3.0       -7.0       -2.0       -3.0        5.0        7.0     -162.0        0.0       -9.0        2.0        4.0        3.0        3.0       -9.0        5.0        8.0       -8.0       -6.0       -1.0        8.0        9.0        9.0       10.0        1.0        1.0       -3.0        2.0       -5.0       -1.0        6.0        1.0        2.0        4.0        5.0       -4.0       -1.0 =    -1161.0
       9.0        4.0       -6.0       -4.0        4.0        7.0       -1.0     -177.0        7.0       -7.0       -7.0        6.0       -6.0       -6.0       -2.0       -2.0        6.0        6.0       -9.0        5.0        0.0        0.0        1.0       -7.0        0.0       -2.0       -8.0       -9.0      -10.0        5.0        1.0       -2.0        0.0        5.0       -9.0       -5.0 =    -1278.0
      -5.0      -10.0        5.0       -2.0       -2.0       -3.0        0.0        1.0      156.0       -4.0       -5.0        3.0        9.0        5.0        8.0       -1.0        2.0       -7.0        7.0        8.0       -3.0       -2.0        2.0        0.0        4.0       -6.0        3.0       -4.0        2.0        5.0       -3.0        7.0        9.0        8.0       -1.0        5.0 =      764.0
      -1.0        5.0        5.0        7.0        2.0       -8.0       -5.0       -5.0       -5.0      173.0        4.0       -7.0       -5.0        5.0        7.0       10.0        5.0        6.0        4.0       -7.0        4.0        2.0        9.0       -4.0        2.0       -8.0       -1.0       -1.0        8.0       -3.0       -2.0        5.0        4.0        8.0       -2.0        5.0 =     1512.0
       8.0        1.0        0.0       -8.0       -1.0        6.0       -1.0       -3.0       10.0       -5.0     -190.0        5.0        5.0       -3.0       10.0        5.0        3.0        7.0       -4.0       -4.0        5.0      -10.0        8.0        5.0        1.0        6.0        2.0       -1.0       -8.0       -8.0        4.0       -5.0       -2.0        8.0       -8.0       10.0 =      760.0
       3.0       -5.0       -5.0       -6.0        9.0       -5.0        8.0        7.0        0.0        3.0       -3.0      175.0        6.0       -4.0        0.0        1.0        9.0        0.0        8.0      -10.0        3.0        4.0       -6.0       -5.0       -9.0       -1.0        8.0        3.0        0.0       -8.0        1.0       -4.0       -6.0       10.0        9.0       -5.0 =        0.0
      -5.0       -8.0        3.0        8.0        1.0        6.0        1.0        4.0        3.0       -4.0       10.0       -1.0     -161.0        9.0        7.0        4.0       -4.0        2.0        9.0        4.0       -7.0        3.0       -9.0        7.0        0.0        6.0        4.0        1.0       -5.0       -1.0       -1.0       -9.0        1.0       -1.0        4.0       -6.0 =      125.0
       3.0       -7.0        4.0        7.0       -8.0        4.0       -8.0       -3.0        6.0       -1.0        4.0       -4.0       -4.0      186.0        5.0        0.0       -7.0        2.0        5.0       -9.0       -4.0       -4.0       10.0        8.0        5.0        6.0       -7.0       -1.0        0.0        1.0       10.0       -6.0       -9.0        9.0       -7.0        1.0 =    -1683.0
     -10.0        9.0       -8.0        4.0        9.0       -4.0        6.0        7.0       -6.0        9.0        0.0       10.0        4.0        5.0      201.0        1.0        7.0        8.0       -9.0       -3.0        7.0       -5.0       -3.0      -10.0       -9.0        4.0       -8.0        7.0        6.0       -2.0        7.0       -1.0       -1.0       -9.0       -1.0       -1.0 =      884.0
      -8.0       -8.0       -7.0       10.0       -5.0        4.0       -1.0        5.0       -4.0        7.0       -7.0        5.0        5.0       -9.0        5.0     -182.0       -1.0        8.0        0.0      -10.0       -9.0       -8.0       -3.0       -4.0       -1.0       -4.0       -6.0       -5.0       -3.0       -2.0       -2.0        0.0        8.0        4.0      -10.0       -4.0 =     1936.0
       8.0        9.0       -3.0        8.0        3.0        6.0       -5.0       -7.0        5.0       -1.0        1.0       -4.0        4.0       -8.0       -2.0       -7.0     -192.0        6.0       -8.0       -4.0        4.0       -8.0       -7.0       -4.0       -6.0       -3.0       -7.0       -4.0       -8.0        3.0        7.0        1.0        8.0       -9.0        3.0        9.0 =     1272.0
      -6.0       10.0       -3.0       -6.0       -5.0       -3.0       -6.0       -5.0      -10.0        8.0        0.0        0.0        6.0       -9.0      -10.0        7.0        2.0     -208.0        0.0        6.0      -10.0       -1.0        7.0      -10.0        8.0      -10.0        3.0        2.0       -8.0        1.0        9.0        3.0        5.0        2.0       10.0        8.0 =    -1491.0
      -6.0       -5.0       -7.0        7.0        4.0       -8.0       -9.0        6.0       -8.0       -9.0       -7.0        2.0        8.0        0.0       -1.0       -7.0       -7.0       -2.0     -190.0        3.0       -8.0       -2.0        6.0       -9.0       -2.0        5.0        9.0        7.0        5.0        7.0       -3.0        6.0        2.0        5.0        3.0       -5.0 =        0.0
      -6.0       -1.0       -3.0       -1.0        8.0       -4.0        1.0        9.0       -3.0        4.0       -3.0        9.0       -7.0        4.0        9.0       -8.0        1.0       -3.0       -9.0     -188.0        3.0       10.0       -6.0       -1.0       -9.0       -6.0        7.0       -4.0       -8.0       10.0       -6.0       -3.0       -5.0       -3.0        5.0        6.0 =    -1005.0
      -9.0        6.0        3.0       -2.0       -9.0        1.0       -6.0       -6.0       -7.0       -6.0        6.0        5.0        4.0        1.0       -8.0        7.0        7.0        4.0       -6.0        6.0      190.0        4.0       -8.0        8.0        2.0       -6.0        1.0       -8.0       -3.0       -8.0       -4.0       -7.0        1.0        7.0        8.0        0.0 =    -1344.0
      -2.0       -2.0        5.0       -2.0        9.0        0.0       -1.0      -10.0       -6.0        9.0       -4.0        2.0        6.0       -7.0        7.0        1.0      -10.0       10.0        4.0        2.0       -8.0      184.0       10.0      -10.0       -1.0       -2.0       -4.0       -4.0        9.0        8.0       -5.0       -5.0        6.0        2.0       -1.0        5.0 =     -585.0
      -2.0       -6.0        1.0       -5.0        3.0        0.0        9.0        3.0        1.0      -10.0        9.0        3.0       -6.0       -8.0       -7.0       -3.0        9.0        0.0       -6.0       -3.0        4.0       -9.0     -180.0       -5.0       -9.0       -9.0        4.0        2.0       10.0       -3.0        2.0        4.0        0.0        8.0       -7.0       -2.0 =     -832.0
       3.0       -2.0        8.0        2.0        4.0        7.0       -3.0       -4.0       -8.0       -4.0       10.0       -5.0       -1.0        3.0       -8.0       -1.0       -8.0       -9.0       -3.0        7.0        2.0       -5.0        6.0     -178.0       -1.0       -4.0       -4.0       -6.0       -7.0        3.0       -6.0        7.0        7.0       -6.0        5.0       -2.0 =     -201.0
      10.0        5.0       -3.0        5.0        0.0        6.0       -1.0       -9.0        5.0       -5.0        0.0        2.0       -5.0        8.0        8.0        4.0       -8.0       -2.0        8.0        3.0      -10.0        0.0        4.0       -9.0      185.0       -7.0        6.0       -1.0       -9.0       -5.0        6.0        3.0       -8.0       -5.0       -1.0       -6.0 =     -870.0
      -8.0        4.0       -1.0       -3.0       -2.0        9.0        8.0       -1.0       -5.0        5.0        9.0        1.0       -5.0       -5.0        4.0       -1.0       -4.0       -2.0        5.0       -9.0        2.0       -9.0       -4.0      -10.0        6.0     -168.0      -10.0        3.0        0.0       -7.0       -3.0       -5.0       -8.0       -4.0       -5.0        0.0 =     1115.0
      -6.0       -2.0        8.0        5.0       -2.0        6.0       -3.0        4.0       -3.0        1.0        1.0       -5.0        3.0       -1.0        8.0       -5.0        8.0        7.0        6.0        8.0       -8.0        9.0        2.0        4.0        5.0        9.0      156.0        7.0        0.0       -2.0        1.0        3.0        2.0        2.0       -2.0       -6.0 =      660.0
       3.0        2.0        5.0        1.0       -1.0       -8.0       10.0        9.0        7.0        0.0        1.0       -5.0        3.0       10.0        1.0        9.0        7.0        3.0        4.0        0.0        4.0       -7.0        4.0       -2.0        4.0       -4.0        9.0     -164.0       -3.0       -5.0       -2.0        6.0       -2.0        3.0       -8.0       -2.0 =     -216.0
      -2.0        8.0       -8.0        9.0        2.0        8.0        1.0        8.0        8.0      -10.0        5.0       -4.0        3.0       -5.0        7.0       -1.0       -3.0        8.0        9.0       -7.0       -5.0       -1.0        3.0        9.0       -2.0        3.0       -5.0       -1.0      195.0      -10.0        3.0        0.0       -6.0       -8.0        7.0        8.0 =     1808.0
      -7.0       -1.0        5.0       -7.0       -8.0        3.0       10.0        8.0        9.0        0.0        4.0       -1.0        6.0       -1.0       -9.0       -5.0        7.0        6.0        3.0       -1.0       -6.0       10.0        6.0        6.0       -2.0       -5.0       -4.0       -3.0        1.0     -167.0        3.0       -1.0       -4.0        4.0       -2.0        8.0 =     -810.0
      -7.0       -5.0        0.0       -7.0       -6.0        1.0        0.0        0.0       -4.0       -7.0        6.0       -6.0       -9.0        6.0       -6.0       -9.0       -8.0        2.0       -4.0       -6.0       -9.0        6.0       -1.0        3.0       -9.0       -6.0       -3.0       -7.0       -2.0       10.0     -181.0        3.0       -5.0        1.0       -8.0       -6.0 =    -1698.0
       5.0       -8.0       -1.0       -2.0       -8.0        1.0       -2.0       -4.0       -7.0        4.0        2.0        2.0       -8.0       -5.0        1.0        4.0       10.0       -5.0        6.0        0.0        4.0       -1.0        5.0        7.0        2.0        5.0        7.0        4.0        2.0       -5.0        9.0      167.0       -1.0       -6.0       -8.0        7.0 =     -549.0
       5.0       -9.0       -3.0       -3.0        5.0       -4.0        4.0       -5.0        4.0        7.0        3.0        4.0       -5.0       -8.0        0.0       -5.0       -4.0       -2.0        7.0       -8.0        6.0        9.0       -9.0       -1.0        7.0       -1.0        3.0        0.0        8.0       -8.0        5.0       -2.0      169.0       -4.0        0.0       -9.0 =     1092.0
      -6.0       -8.0        5.0       -7.0        2.0       -9.0        5.0        4.0        4.0       -2.0       -1.0        1.0       10.0        4.0       -5.0       -8.0       -4.0        6.0        8.0        0.0       -2.0       -7.0        5.0       -1.0        2.0       10.0        0.0        2.0       -7.0        9.0        1.0        0.0        6.0     -162.0       -6.0        4.0 =     -147.0
       3.0       -6.0        9.0        3.0       -8.0       -3.0       -6.0        2.0        1.0       -3.0        4.0       -5.0        0.0        4.0        8.0       -6.0       -5.0      -10.0       -9.0        3.0        0.0       -9.0       -7.0       10.0       -5.0        1.0       -2.0       -6.0        7.0        8.0       -1.0       10.0       -3.0        0.0     -174.0       -3.0 =     -792.0
       5.0        5.0       -5.0       -4.0        3.0       -5.0        4.0        4.0        5.0        5.0       -1.0        9.0       -6.0        9.0       -9.0       10.0       -3.0        3.0       -2.0        6.0      -10.0        5.0       -1.0       -8.0        0.0       -1.0       -4.0        8.0        8.0        8.0       -3.0       -9.0        4.0       -4.0        9.0     -193.0 =     -158.0

       6.0       -9.0        2.0       -1.0        4.0        4.0        9.0        6.0        4.0        7.0       -5.0        0.0       -1.0       -9.0        4.0       -8.0       -6.0        7.0        0.0        5.0       -8.0       -3.0        4.0        1.0       -5.0       -5.0        3.0        2.0        8.0        6.0        6.0       -3.0        7.0        1.0        4.0        1.0
