36
    -198.0       -6.0        5.0        4.0       -2.0        1.0        3.0       -4.0       -8.0       -9.0       10.0       -6.0       -3.0      -10.0       -3.0       -9.0       -2.0       -7.0       -7.0        0.0      -10.0        9.0       -4.0        7.0        6.0        0.0        9.0       -5.0        9.0        7.0        0.0        9.0        8.0        5.0       -2.0        8.0 =     -390.0
      -9.0      197.0       -9.0        0.0        7.0        1.0       -9.0        2.0       10.0        0.0       -9.0       -1.0        0.0        6.0       -9.0       -8.0       -2.0       -9.0        2.0       -7.0       -8.0       -6.0       -9.0       -7.0        0.0       -5.0      -10.0       -9.0       -4.0       -3.0        2.0        7.0       -7.0       -2.0        5.0       -9.0 =      704.0
       5.0        5.0     -215.0        5.0       -6.0       -3.0      -10.0       -3.0       -9.0        5.0        1.0       -9.0        4.0       -3.0       10.0       -6.0       -4.0        9.0      -10.0      -10.0        0.0        4.0       -7.0       -9.0        9.0        8.0       -1.0        6.0       -1.0        5.0        9.0        4.0        9.0       -9.0        7.0       -6.0 =     -216.0
      -1.0        0.0       -4.0      162.0       -5.0        6.0       -6.0        6.0       -1.0        7.0       -4.0        0.0        1.0       -3.0        6.0       10.0       10.0        1.0        7.0       -9.0        6.0        3.0        3.0        6.0       -9.0        4.0        4.0       10.0        4.0       -1.0        9.0        0.0        4.0        0.0       -2.0        1.0 =     1350.0
       8.0        5.0       -9.0       -3.0      215.0        1.0       10.0       10.0       -9.0       -4.0        5.0       -3.0        2.0       -5.0       -7.0        9.0       -5.0       -2.0        8.0       -3.0       -7.0       -7.0      -10.0        6.0       -6.0        3.0        8.0       -9.0       -5.0       -8.0       -6.0       -7.0       -7.0       -9.0       -1.0        7.0 =     -660.0
       7.0       -6.0        2.0       -5.0       -9.0      166.0        9.0        8.0       -2.0       -8.0       -8.0       -7.0       -9.0        3.0       -6.0       -2.0       -5.0        5.0        6.0        3.0       -8.0       -3.0        1.0       -4.0        1.0        0.0       -3.0       -3.0        0.0        2.0        9.0       -9.0        2.0        2.0       -2.0        0.0 =      635.0
      -8.0        1.0        2.0        8.0       -2.0        4.0     -161.0        9.0        7.0        0.0        2.0       -2.0        6.0       -6.0        2.0        1.0       -4.0       -1.0       -2.0        9.0        8.0        9.0        4.0        7.0        3.0        7.0        3.0       -4.0        0.0        2.0       -4.0        1.0       -8.0        9.0        5.0        3.0 =     -360.0
       6.0        6.0       -5.0       -2.0       -6.0        4.0       -7.0     -168.0       -2.0        0.0       -1.0        0.0       -4.0       -9.0        0.0        9.0        7.0        3.0        6.0        3.0       -9.0       -9.0       -7.0        0.0        4.0       -3.0       -1.0       10.0       -3.0        7.0        8.0        6.0        0.0        8.0       -7.0        2.0 =      462.0
      -9.0       -6.0        0.0       -3.0        1.0        3.0        9.0        0.0     -183.0       -2.0       10.0        8.0        6.0        0.0        5.0       -1.0       -9.0        7.0       -3.0        1.0       -1.0        9.0       -6.0       -6.0       -8.0       -6.0       -1.0        9.0        1.0        6.0       -6.0        6.0        3.0       -8.0       -9.0        9.0 =      348.0
      -3.0        7.0       -9.0       10.0        9.0      -10.0       -5.0        1.0       -1.0     -177.0        1.0        1.0        1.0        6.0       -3.0       -5.0       -4.0        8.0        6.0       -2.0       -6.0        8.0        1.0        7.0        7.0       -2.0        4.0        6.0        8.0        6.0        4.0        7.0        4.0       -3.0        7.0        0.0 =     -444.0
       6.0       -3.0        2.0        5.0       -7.0        2.0       -3.0       -6.0       -2.0       -5.0      183.0        9.0        7.0        2.0        3.0       -7.0       -7.0        8.0       -1.0        8.0        3.0       -3.0       -8.0       -5.0       -5.0       -5.0       10.0        2.0        9.0        4.0        8.0        0.0        6.0        0.0        8.0       -9.0 =    -1463.0
       1.0       -2.0       -3.0        7.0        0.0        3.0        7.0      -10.0        4.0        0.0       -8.0     -180.0       -5.0        5.0       -9.0       -1.0        8.0        4.0        7.0        9.0        1.0      -10.0       -8.0        8.0       -3.0       -2.0       -1.0       -4.0       -9.0       -6.0       -8.0       -3.0       -7.0        5.0       -2.0        1.0 =     1055.0
      -8.0        8.0        6.0        1.0       -6.0        7.0       -1.0       -7.0        8.0       -9.0       -3.0       -3.0     -197.0       -5.0       -4.0       -1.0       -9.0       -9.0       -8.0       -7.0        6.0       -5.0      -10.0       -3.0        4.0        8.0       -1.0        6.0       -4.0       -1.0        7.0       10.0       -8.0        5.0       -8.0       -1.0 =      242.0
       7.0        8.0        6.0       -4.0        8.0       -4.0       -5.0        0.0        8.0       -8.0        8.0        4.0       -9.0     -210.0        2.0        4.0       -9.0       -2.0       -9.0        3.0       -6.0        9.0        1.0       -8.0       -9.0        5.0        3.0       -7.0        6.0        8.0        5.0        8.0       -7.0        8.0        9.0        0.0 =     -885.0
       1.0       -4.0       -1.0        0.0        6.0        7.0        3.0       -5.0        8.0       -2.0        5.0       -6.0       -6.0       -2.0      181.0        7.0        5.0        8.0       -9.0       -4.0        6.0       -4.0        5.0        1.0        8.0        7.0       -9.0       -2.0       -1.0        8.0        4.0        7.0        7.0       -7.0       -3.0       -9.0 =        0.0
      -8.0       -6.0        7.0       -6.0        8.0        8.0        6.0        0.0       -6.0       -8.0        7.0        6.0        5.0        3.0       10.0      196.0       -1.0       -7.0        9.0        4.0        1.0       -6.0        7.0       -2.0       -2.0       -9.0       -8.0        1.0        3.0       -7.0       -7.0       -6.0       -1.0        6.0       -1.0        5.0 =     1809.0
       7.0       -4.0        1.0       -6.0        1.0       -8.0        5.0       -5.0       -4.0        4.0       -4.0      -10.0       -2.0        4.0        1.0        8.0      167.0       -3.0        7.0        5.0        9.0       -3.0        1.0        1.0       -8.0       -8.0       -4.0       -5.0       -3.0        3.0        3.0       -3.0       -7.0       -3.0       -8.0        2.0 =    -1179.0
       8.0        6.0       -9.0        2.0       -1.0       -1.0        0.0        8.0        7.0       -5.0        6.0        8.0       -5.0        4.0        0.0       -4.0       -5.0     -171.0       -4.0       -4.0       -3.0        0.0       -9.0        4.0        9.0        4.0       -6.0        1.0       -6.0        0.0       -6.0       -8.0       -6.0       -4.0       -8.0       -1.0 =    -1194.0
       4.0       -9.0       -8.0        7.0        3.0       -4.0        1.0        7.0       -1.0        2.0       -3.0       -4.0        9.0       -2.0       -3.0        1.0       -2.0       -7.0     -185.0       -3.0       -8.0       -8.0        4.0       -7.0       -8.0       -1.0        3.0        7.0       -9.0       -4.0       10.0       -7.0       -8.0       -3.0       -8.0       -8.0 =    -1260.0
       5.0       -1.0       -7.0        7.0       -3.0       -7.0       -3.0        4.0        3.0        3.0        0.0        8.0       -5.0        4.0       -8.0        1.0       -1.0       -4.0       -3.0      150.0       -4.0       -1.0        2.0       -1.0        4.0       -1.0        2.0       -5.0        2.0       -7.0       -5.0        7.0        0.0        6.0       -8.0      -10.0 =      496.0
       0.0       -1.0       -5.0        0.0       -3.0       -5.0       10.0       -8.0        1.0       -6.0        4.0       -2.0       -5.0        9.0       -7.0       -1.0       -8.0        9.0       -8.0        5.0     -200.0       -8.0        9.0       -8.0       -7.0       -9.0       -9.0       -8.0       10.0       10.0        2.0       -3.0       -3.0        1.0       -8.0        2.0 =    -1000.0
      -6.0       -3.0        3.0       -6.0        3.0       -7.0        7.0       -7.0        4.0        6.0        2.0        6.0       -8.0        1.0       -5.0        7.0        0.0      -10.0        1.0       -2.0        3.0     -162.0        6.0        7.0       -1.0        1.0       -6.0        2.0       -4.0       -2.0       -3.0        2.0       -7.0       -1.0        9.0        8.0 =    -1134.0
      -3.0        2.0        0.0        1.0        7.0       -8.0        7.0        6.0        6.0       -6.0       -7.0       -7.0        0.0        7.0       -6.0        1.0        1.0       -3.0      -10.0       -8.0        3.0       -5.0     -176.0       -6.0       -1.0        9.0        8.0       -3.0        7.0       -7.0       -9.0       -8.0        1.0       -8.0       -1.0        3.0 =     1491.0
      -9.0        2.0       -3.0       -5.0       -4.0       -2.0       -2.0        2.0       -6.0       -4.0       -9.0       -8.0        8.0        9.0        2.0        8.0        8.0        9.0       -8.0        1.0       -4.0       -6.0       10.0     -177.0        2.0        0.0        0.0        5.0       -2.0       -9.0       -4.0       -1.0        1.0       -7.0        7.0       -2.0 =    -1188.0
       7.0       -3.0       -2.0        7.0       -7.0       -5.0        7.0      -10.0       -6.0       -7.0       -2.0       -1.0        5.0        5.0        7.0       -7.0       -6.0        2.0       -3.0       -2.0        8.0       -8.0        7.0       10.0     -201.0        4.0       -9.0        0.0       -7.0       -9.0       -9.0        5.0        6.0        9.0       -4.0       -1.0 =     -660.0
      -4.0        0.0       -1.0        5.0       -8.0       -5.0        2.0        7.0       -3.0        6.0      -10.0       -2.0       -8.0       -3.0       -7.0        0.0        2.0       -4.0        8.0        7.0       -8.0        3.0        6.0        5.0       -8.0      164.0       -2.0        3.0       -8.0       -2.0        2.0       -1.0       -3.0        0.0       -7.0       -5.0 =      242.0
       6.0        6.0       -7.0       -6.0        6.0       -3.0        8.0        7.0       -6.0       -8.0        6.0       -1.0        2.0        6.0        9.0       -7.0       -4.0        3.0       -6.0       -7.0       -6.0       -2.0       -9.0       -7.0        3.0       -7.0     -199.0       -4.0        4.0        9.0       -6.0        7.0       10.0        0.0        0.0        4.0 =     -995.0
       0.0       10.0        7.0       -6.0        6.0       -8.0        9.0       -7.0       10.0       -1.0        4.0        9.0        5.0       -2.0        4.0        2.0       -7.0       -6.0       -9.0      -10.0        6.0        8.0        9.0        6.0      -10.0        2.0       -3.0     -198.0        3.0       -1.0        2.0       -6.0        8.0       -3.0       -6.0        1.0 =      516.0
       9.0       -5.0       -1.0       -8.0        2.0        9.0        9.0       -1.0       -1.0        1.0        0.0       -9.0       -9.0       -7.0        4.0        0.0       -6.0       -9.0       -8.0       -1.0        7.0        2.0        0.0       -1.0       -4.0       -5.0        5.0       -5.0     -167.0       -7.0       -3.0        1.0       -7.0       -8.0       -3.0       -5.0 =      462.0
      -6.0       -6.0        4.0        9.0       -7.0        9.0       -6.0        0.0       -2.0        7.0      -10.0       -8.0       -2.0       -9.0        4.0        2.0        6.0        6.0        2.0       -5.0       -7.0       -7.0       -7.0       -3.0        4.0        8.0        5.0       -6.0        0.0      191.0       -3.0       -2.0        3.0       -7.0        8.0        9.0 =     -174.0
       2.0       -3.0        0.0        4.0       -8.0       -6.0       -4.0        9.0       -1.0        4.0        7.0       -9.0        2.0       -6.0       -7.0        2.0       10.0       -5.0        5.0       -7.0        4.0        7.0        0.0       -5.0       -3.0       -5.0        4.0        8.0        6.0       -9.0     -178.0      -10.0       -1.0        3.0       -1.0       -6.0 =     -394.0
       1.0       10.0       -9.0       -1.0        8.0       -8.0       -5.0       -1.0        0.0        6.0        3.0        6.0        1.0        1.0        3.0        3.0       -6.0        2.0       -4.0      -10.0       -7.0        8.0        6.0        0.0       -2.0        4.0        0.0       -7.0       -7.0       -1.0       -6.0     -168.0        2.0       -8.0       10.0        5.0 =     1368.0
       2.0      -10.0       -1.0       -5.0        7.0        7.0        3.0        7.0        1.0        5.0       -3.0        0.0       -1.0        2.0        9.0        9.0       -6.0        3.0        8.0        9.0       -8.0        1.0        4.0       -7.0        9.0        7.0       -6.0       -1.0        4.0       -6.0        8.0        6.0      181.0       -3.0        1.0        3.0 =     -717.0
      -3.0      -10.0        0.0       -6.0        1.0        8.0       -5.0        5.0       -5.0       -2.0        2.0       -2.0        4.0       -8.0      -10.0       -8.0        6.0       -4.0        8.0        5.0        0.0        4.0       -4.0       -7.0        2.0       -7.0        0.0        3.0        7.0       -2.0       -7.0        1.0        1.0      162.0       -2.0        8.0 =     -270.0
       2.0       -1.0       -8.0       -8.0        8.0       -4.0        9.0        8.0      -10.0        2.0        2.0        6.0        1.0      -10.0        4.0        0.0        6.0       -4.0       -5.0       -9.0        7.0       -5.0       -6.0       -6.0       -7.0        1.0        2.0        4.0       -2.0       -7.0        6.0       -1.0        6.0      -10.0     -188.0      -10.0 =    -1589.0
       3.0       -7.0       -4.0        0.0        8.0        4.0        6.0        6.0       -6.0        4.0        8.0       -3.0        7.0       -5.0       -5.0        5.0       -3.0       -7.0      -10.0       10.0       -6.0       -9.0        6.0        5.0        9.0       -1.0       -9.0       -4.0       -9.0        8.0        8.0       -1.0        0.0       -3.0        4.0     -199.0 =     -380.0

       2.0        8.0        1.0        6.0       -4.0        5.0        4.0       -3.0       -2.0        4.0       -7.0       -5.0       -1.0        5.0        0.0        9.0       -9.0        6.0        5.0        4.0        4.0        7.0       -7.0        6.0        3.0        2.0        5.0       -3.0       -2.0       -1.0        2.0       -8.0       -3.0       -2.0        7.0        2.0
