38
    -174.0       -6.0       10.0        1.0       -5.0        1.0        0.0       -4.0        6.0        5.0        3.0        2.0       -4.0       -5.0       -4.0        4.0        6.0        6.0       -7.0       -2.0       -3.0       -7.0        3.0        6.0        4.0       -4.0        8.0       -4.0       -7.0       10.0        4.0        3.0        0.0       -6.0        8.0        1.0       -7.0       -8.0 =    -1494.0
       4.0      185.0       -2.0       -5.0        4.0       -5.0        8.0        1.0        2.0        2.0       -2.0        6.0        0.0       10.0       -3.0       -3.0        0.0      -10.0        2.0        7.0       -2.0        5.0       -1.0       -2.0        9.0       -9.0       -2.0      -10.0       -6.0       -9.0        9.0        2.0      -10.0        9.0       -7.0        8.0       -7.0        1.0 =     -179.0
      -7.0        4.0     -175.0        5.0       -7.0       -9.0       -2.0       -7.0       -5.0       -2.0        1.0        5.0       -1.0       -7.0        3.0        6.0       -4.0        9.0       -8.0        9.0       -4.0       -5.0        0.0       -9.0       -6.0        6.0        2.0        0.0       -2.0        0.0        7.0        3.0        1.0        2.0       -9.0        1.0        8.0       -1.0 =     -990.0
      -6.0       -3.0       -2.0      191.0        4.0       -5.0        0.0       -7.0        6.0       10.0        4.0       -1.0        6.0        0.0        8.0       -6.0       -7.0       -4.0        8.0       -9.0        6.0        0.0        7.0       10.0        4.0        7.0       -1.0       -9.0       -8.0       -2.0        4.0        3.0       -5.0        9.0        7.0       -1.0        8.0        1.0 =     1135.0
      -5.0       -3.0        1.0       10.0      180.0        5.0        1.0      -10.0        5.0        0.0        9.0        0.0        9.0        3.0       -9.0        1.0        6.0       -7.0       10.0       -4.0        8.0       -5.0       -8.0       -2.0        2.0        4.0        3.0       -6.0        3.0        2.0        5.0       -8.0        2.0        4.0        2.0        4.0        1.0        7.0 =     2200.0
      -3.0       -1.0        0.0       -4.0        6.0      195.0       -6.0        5.0       -2.0        2.0       -1.0       -4.0       -7.0        5.0        9.0      -10.0       -9.0       -7.0       -2.0       -4.0        4.0       -9.0        3.0        6.0        4.0       -8.0       -8.0       -6.0       -7.0        1.0        6.0        9.0        9.0       -9.0       -1.0        6.0       -9.0        2.0 =      620.0
       5.0       -8.0        0.0        6.0        4.0        2.0     -182.0        8.0       -3.0       -2.0        3.0       -2.0       -6.0        4.0       -8.0        2.0        6.0       -4.0        5.0       -8.0       10.0       -6.0       -1.0       -4.0       -3.0       10.0       -1.0       -1.0        8.0        9.0       -4.0        5.0        5.0       -2.0       10.0        3.0        6.0        2.0 =      528.0
      10.0       -9.0        2.0       -1.0        5.0        6.0      -10.0     -190.0       -7.0        2.0       -7.0        0.0        6.0        7.0       -6.0        0.0       -7.0       -8.0       10.0       -5.0        0.0       -4.0       -7.0        2.0        1.0        7.0       -5.0        7.0       -7.0       -2.0       -9.0        5.0        9.0       -2.0        6.0        2.0        2.0       -5.0 =     1414.0
      -1.0       -9.0       -6.0        1.0       -7.0        2.0       -2.0       -6.0      183.0        8.0        7.0       -8.0       -6.0       -5.0        0.0       -2.0       -3.0        1.0       -2.0       -6.0        8.0       -4.0       -8.0       -8.0        1.0       -4.0        7.0        7.0       -6.0        4.0       -5.0        0.0        9.0       -9.0        5.0       -5.0        1.0        8.0 =     -280.0
       6.0        5.0       -8.0        5.0       -1.0        0.0        1.0       -4.0       -7.0      171.0       -3.0       -6.0        2.0        2.0       -1.0        4.0        5.0       -1.0        8.0       -5.0        3.0        8.0        9.0        4.0        0.0        9.0       -5.0       -8.0        1.0       -5.0       -5.0        2.0        8.0       -5.0        7.0       -5.0       -1.0       -7.0 =     1647.0
       4.0       -1.0       -7.0       -6.0       -8.0       -2.0        6.0       -4.0        9.0        8.0      188.0       -5.0        3.0        0.0       10.0        3.0       -8.0        1.0       10.0        6.0        6.0        0.0        7.0       -8.0        1.0       -6.0       -7.0        7.0        3.0        6.0        1.0       -4.0       -5.0        2.0        1.0        8.0        4.0       -3.0 =     -220.0
       0.0        4.0      -10.0        9.0      -10.0      -10.0        9.0       -5.0        8.0       -1.0        9.0      210.0       -2.0       -6.0       -6.0        7.0       -6.0       -3.0        3.0        0.0       -1.0        5.0      -10.0       -9.0        3.0       -7.0       -3.0       -7.0       -6.0        3.0        5.0        4.0        8.0       -5.0      -10.0        0.0        3.0        8.0 =      181.0
      -7.0       -7.0       -8.0        8.0        1.0        3.0        5.0       -7.0        8.0        2.0        1.0       -6.0     -192.0        1.0       -9.0       -8.0       -7.0        8.0       -8.0        0.0       -9.0        1.0        4.0       -9.0        6.0        8.0        0.0       -5.0        3.0        3.0        6.0       -1.0        5.0       -2.0       -7.0       -5.0       -5.0        0.0 =      916.0
       4.0       -8.0       -1.0        6.0        1.0       -5.0        8.0       -8.0        0.0       -9.0       -7.0        9.0       -1.0     -180.0       -3.0       -9.0       -6.0       -2.0       -3.0       -1.0        0.0        3.0        4.0        5.0       -4.0       -3.0      -10.0        6.0        8.0        8.0       -7.0        2.0        1.0       -6.0        0.0       -9.0       -8.0       -5.0 =        0.0
       0.0       -3.0       -9.0       -2.0       -8.0       -1.0       -9.0        7.0       -1.0        5.0        0.0        9.0        6.0       -9.0      184.0        1.0       -6.0        5.0        8.0       -5.0        9.0        4.0        8.0       -7.0        3.0       -3.0       -1.0       -7.0        4.0       -2.0       -5.0        8.0        5.0       -4.0       -7.0        4.0        5.0        3.0 =    -1701.0
       3.0        4.0       -2.0       -2.0        7.0        9.0       -4.0        1.0       -5.0       -7.0      -10.0        3.0        8.0       -1.0       -5.0     -190.0        1.0        9.0        9.0       -5.0       -8.0        8.0        8.0       -2.0        2.0        6.0        5.0        0.0      -10.0        1.0       -6.0        2.0       -1.0        1.0       -9.0        4.0        5.0       -9.0 =      900.0
      -4.0        4.0       -5.0        5.0       -4.0        0.0       -5.0        6.0       -5.0       -9.0        4.0       -1.0       -2.0        8.0        0.0        5.0     -171.0        6.0       -2.0        6.0       -7.0        4.0        4.0       -4.0       -9.0        7.0        2.0        4.0       -5.0       -4.0       -1.0       -5.0        8.0        2.0       -8.0       -3.0       -5.0        4.0 =    -1620.0
       3.0       -5.0        7.0       -3.0       -5.0       -3.0       -2.0        6.0        6.0        8.0        0.0        1.0        2.0       -9.0        6.0       10.0       -4.0     -190.0       -2.0        9.0       10.0       -4.0        8.0        0.0       -4.0        3.0       -4.0       -6.0       -8.0        7.0        4.0        5.0        7.0        3.0        1.0        6.0       -4.0        6.0 =     -270.0
       9.0       -8.0        3.0       -9.0       -7.0       -1.0        8.0        7.0       -7.0       -2.0       -7.0        0.0        7.0       -3.0       -6.0       -2.0        8.0       -6.0     -226.0       -6.0       -2.0       -4.0       -5.0        2.0       10.0        9.0       -6.0        8.0        7.0        6.0      -10.0       -9.0       -9.0        7.0       -9.0        8.0       -6.0        3.0 =     -248.0
       9.0       -3.0        8.0        6.0        3.0       -5.0       -5.0        1.0       -3.0       -8.0       -9.0       -9.0        8.0       -7.0       -6.0       -2.0        5.0       -7.0       -2.0     -205.0       -6.0        8.0       10.0        3.0       -4.0        6.0        4.0       -6.0        9.0        2.0        0.0        6.0        3.0       -5.0       -8.0       -8.0        2.0       -2.0 =     1953.0
      -6.0       -1.0        6.0       -6.0       -8.0       -1.0        3.0        7.0        7.0        0.0        1.0       -9.0        4.0        4.0        4.0        2.0       -1.0       -4.0        8.0       -3.0     -167.0       -7.0        1.0        6.0       -8.0       -8.0       -3.0        7.0       -2.0       -4.0       -1.0        0.0        1.0       -2.0        8.0        3.0       10.0        4.0 =      775.0
      -2.0       -8.0        5.0       -4.0        0.0       -8.0        1.0        4.0        1.0       -1.0       -9.0        4.0       -3.0        1.0        0.0       -1.0       -1.0       -9.0        3.0        5.0        9.0     -163.0        3.0       -4.0        6.0        9.0       -5.0        7.0       -3.0        0.0       -8.0        1.0       -2.0        3.0        9.0        8.0       -4.0       -3.0 =      954.0
      -7.0        3.0       10.0       -5.0        7.0        6.0        9.0        4.0        6.0        8.0        7.0       -3.0        1.0        3.0        7.0       -4.0       -3.0        5.0        0.0       -6.0        4.0        4.0     -194.0        4.0       -7.0        2.0       -7.0       -5.0        8.0       -5.0       -4.0        6.0        6.0       -2.0        4.0        6.0        6.0        7.0 =      119.0
      -1.0       -4.0       -9.0        7.0       -3.0       -3.0       -4.0       -2.0       -3.0       -2.0       -7.0        1.0       -3.0        1.0        2.0       -2.0        5.0        7.0       -2.0        1.0        2.0        3.0        5.0     -147.0       -9.0        7.0        7.0        0.0        3.0        0.0        5.0        7.0        1.0        9.0        2.0        9.0       -5.0        0.0 =      854.0
      -5.0        6.0       -8.0       -3.0        9.0       -9.0       -1.0        6.0       -5.0        4.0        6.0       -2.0       -6.0       -9.0        0.0       -8.0        1.0        3.0       -7.0       -4.0       -9.0        0.0       -5.0       -9.0      201.0        6.0       -4.0        6.0       -7.0       -1.0       -7.0        7.0        2.0       10.0       -5.0        8.0        2.0      -10.0 =     1377.0
      -6.0       -4.0        2.0        1.0       -3.0       -5.0       -9.0        5.0        3.0       10.0       -4.0        9.0        4.0        4.0       -9.0        4.0       -3.0       10.0        2.0       -6.0       -3.0        9.0        9.0        4.0       -9.0     -219.0        2.0       -7.0       -9.0        9.0        0.0        5.0        6.0        7.0        7.0       -9.0        9.0        4.0 =    -1620.0
      -2.0        3.0       -5.0       -1.0       -6.0        3.0        5.0       -5.0       10.0       -6.0        2.0        5.0        1.0        0.0       -9.0        7.0        8.0       -5.0       -7.0       -7.0        3.0       -2.0        8.0       -9.0        5.0       -2.0      181.0        3.0      -10.0        3.0       -3.0        9.0       -1.0        1.0       -1.0        9.0        4.0       -2.0 =     -561.0
       5.0        8.0       10.0       -2.0        6.0        6.0       -1.0        6.0       -2.0       -9.0       -1.0        9.0      -10.0       -1.0        0.0        5.0        7.0       -5.0       -1.0        6.0        5.0       -6.0       -4.0       -9.0       -4.0       -9.0       -6.0      208.0        6.0        8.0        7.0        3.0        9.0        2.0       -2.0       -9.0       10.0       -6.0 =     1912.0
       4.0       -6.0       10.0       -6.0        6.0        1.0       -2.0      -10.0       -5.0       -9.0        5.0       -6.0       -3.0       10.0        3.0       -4.0        0.0        4.0        6.0        4.0       -6.0       -8.0        7.0        7.0       -1.0        0.0        5.0       -2.0     -196.0        6.0       -9.0        6.0       -8.0       -1.0        7.0       -1.0        7.0        3.0 =     1092.0
       5.0       -8.0        9.0       10.0        2.0        6.0       -5.0        5.0        5.0        9.0       -2.0       -6.0       -8.0        3.0        8.0        4.0        8.0        5.0       -4.0       10.0        4.0       -1.0        0.0       10.0        9.0       -9.0        5.0       -4.0       -7.0     -209.0        0.0        9.0       -2.0        9.0        2.0       -5.0        0.0       -1.0 =      536.0
      -1.0       -4.0       -7.0       -8.0       10.0        3.0        9.0       -1.0        1.0        4.0       -7.0        3.0        5.0        4.0       -5.0       -2.0        5.0       -7.0        9.0        0.0        6.0       -4.0       -6.0       -7.0        5.0        0.0       -9.0       -1.0        7.0        9.0      190.0       -3.0        5.0        0.0        8.0        7.0        9.0        3.0 =     -460.0
      -9.0       -7.0        3.0       -7.0       10.0        2.0        2.0       -1.0        7.0       -3.0       -4.0       -3.0        7.0       -7.0       -1.0        4.0       -8.0       -7.0        5.0        1.0       -3.0        0.0        8.0        4.0       -2.0       -8.0       -4.0        8.0        6.0       -3.0        5.0      174.0        1.0       -8.0        1.0       -8.0       -1.0       -1.0 =     -765.0
      -5.0        7.0        8.0        1.0        3.0        2.0        1.0       -2.0       -4.0       -9.0       -7.0       -6.0       -9.0        6.0        9.0        7.0       -6.0       -8.0        1.0        9.0       -5.0        8.0      -10.0       -4.0       10.0        1.0        7.0       -8.0        9.0        5.0       10.0       -9.0      223.0        1.0        7.0        7.0       -8.0       -1.0 =      964.0
       5.0       10.0        2.0       -3.0       -8.0        1.0       -3.0        9.0       -1.0      -10.0       -5.0        6.0        0.0        0.0       -1.0        4.0        1.0       -9.0       -4.0        5.0        5.0        3.0       -7.0        9.0        1.0        0.0        9.0        9.0       -8.0       -7.0        1.0        2.0        0.0     -154.0        1.0        1.0       -2.0        2.0 =      816.0
      -4.0        7.0       -1.0        9.0        7.0        4.0       -2.0       -5.0       -6.0       -4.0        8.0        0.0       -1.0        0.0       -2.0        4.0       -3.0       -8.0       -9.0        1.0       -5.0        6.0       10.0       -7.0        4.0       -3.0       -1.0        9.0        6.0        7.0        9.0       10.0        5.0        3.0      188.0        9.0        3.0        2.0 =    -1750.0
       3.0       -9.0       10.0       -6.0        3.0        6.0        3.0       -9.0        5.0        7.0       -2.0       10.0       -4.0        5.0       10.0        8.0       -7.0        9.0        7.0        5.0       -3.0       -6.0        9.0        0.0        9.0       -2.0       -3.0       -8.0       -8.0        5.0       -2.0        2.0       -5.0       -8.0        1.0     -219.0        5.0       -7.0 =      558.0
       4.0        8.0       -7.0       -7.0        0.0       -9.0        8.0       -6.0       -8.0       10.0        7.0        3.0        6.0       -1.0        2.0       -2.0        1.0        7.0       -7.0        1.0       -7.0       -4.0       -5.0       -1.0       -9.0        9.0       -1.0        1.0        2.0       10.0        7.0       -1.0        9.0       -7.0        5.0       10.0     -208.0       -9.0 =     1323.0
      -1.0       -2.0        1.0        2.0       -3.0       -3.0       -2.0        8.0        4.0       -5.0       -7.0        4.0       -2.0       -7.0       -3.0       -1.0       -2.0        3.0        1.0       -5.0      -10.0        4.0       -1.0        2.0       -4.0       -2.0      -10.0       -4.0        7.0        2.0        2.0       -3.0        3.0       -5.0        8.0        4.0        7.0      148.0 =     -128.0

       9.0       -1.0        5.0        5.0       10.0        4.0       -4.0       -7.0       -2.0        9.0       -1.0        1.0       -4.0        0.0       -9.0       -5.0        9.0        2.0        1.0       -9.0       -5.0       -6.0       -1.0       -7.0        9.0        9.0       -3.0        8.0       -6.0       -4.0       -2.0       -5.0        4.0       -6.0       -7.0       -3.0       -7.0       -1.0
