38
     233.0       -9.0       -9.0       -4.0       -6.0        3.0       -3.0       -6.0        8.0        7.0       -7.0        0.0       -5.0        4.0        7.0       -6.0       -8.0        9.0        0.0       -3.0        8.0        1.0       -5.0        3.0       -9.0       -5.0        9.0        8.0        7.0       -9.0      -10.0       -7.0       -9.0        7.0       -8.0       -3.0        8.0       -6.0 =    -1110.0
       3.0      191.0        7.0       -1.0        1.0       -2.0       -3.0       -9.0        1.0       -9.0        8.0       -9.0       -2.0        1.0        9.0       -5.0        9.0        9.0        4.0       -6.0       -4.0       -6.0        0.0        3.0        1.0        7.0        2.0        8.0       -4.0       10.0        8.0       -1.0        6.0        8.0        0.0        1.0        7.0       -7.0 =     -708.0
       4.0        5.0     -191.0        5.0        9.0        1.0       -6.0       -9.0       -2.0        3.0       -5.0       -9.0        7.0      -10.0        8.0        7.0       -2.0        4.0       -1.0       -5.0        2.0        2.0       -4.0        3.0       -2.0        0.0      -10.0        3.0       -2.0        5.0       -1.0       -8.0       -7.0        8.0        9.0       -6.0       -2.0       -7.0 =    -2040.0
      -6.0        4.0        0.0     -190.0        2.0       -7.0        8.0        6.0        7.0        9.0       10.0       -6.0        3.0        8.0        0.0       -9.0       10.0       -4.0        0.0       10.0        0.0       -4.0       -2.0        5.0       -5.0        5.0       -2.0       -1.0       -2.0      -10.0       -8.0        5.0       -6.0       -6.0        0.0        4.0       -9.0        4.0 =      708.0
       9.0       -7.0      -10.0        0.0     -196.0       -9.0        1.0       -5.0        7.0        2.0       10.0        3.0        2.0        1.0        7.0       -8.0        1.0       -5.0       10.0        3.0        1.0        0.0       -6.0        3.0       -9.0       -5.0       -3.0       -6.0       -5.0        2.0       -1.0       -9.0        5.0       -9.0        5.0        3.0        9.0        5.0 =     -204.0
       7.0        9.0       -4.0       -2.0        5.0     -168.0        2.0        6.0       -2.0        3.0       -1.0       -9.0       -4.0        4.0        6.0        0.0        5.0        0.0       -4.0        3.0        2.0        5.0        8.0        6.0        8.0        2.0        7.0       -9.0        1.0        3.0       -5.0        0.0       -8.0       -3.0       -9.0       -4.0        0.0       -6.0 =     -438.0
     -10.0       -3.0        6.0        5.0       -5.0        0.0      186.0        2.0       -7.0       -2.0        7.0      -10.0        7.0        5.0       -1.0        5.0       -3.0        0.0       -9.0        7.0       -5.0        7.0        5.0       -1.0       -6.0       -1.0       -3.0        9.0        1.0        8.0       -6.0        8.0        0.0        0.0       10.0        1.0       -7.0        6.0 =        0.0
      -9.0       -3.0       -9.0        4.0       -2.0       -7.0        1.0     -193.0        0.0      -10.0        2.0        6.0       -3.0        3.0       10.0       -5.0       -7.0      -10.0       -3.0        5.0        6.0       -7.0        9.0        9.0        1.0       -3.0        2.0        4.0        0.0        3.0       -3.0        1.0       -9.0        7.0       -6.0       -6.0       -2.0       10.0 =    -1070.0
      -3.0        4.0        3.0        4.0        9.0       -6.0       -9.0       -8.0     -198.0        5.0      -10.0       -8.0       -9.0        5.0       -8.0       -6.0        2.0        6.0        4.0       -1.0       -3.0        2.0       -8.0       -7.0        0.0        2.0       -2.0       -1.0        8.0       10.0        6.0        3.0       -7.0       -5.0        6.0       -7.0       -4.0        7.0 =     1344.0
       1.0       -5.0        3.0       -9.0        4.0        3.0       -9.0        4.0       -5.0     -188.0        9.0        1.0       -2.0       -8.0        4.0       -2.0       -2.0       -7.0       -4.0       -5.0      -10.0        8.0        9.0        1.0        2.0       -4.0       -3.0       -3.0        5.0       -8.0       -9.0        9.0       -2.0        1.0        5.0        8.0       -8.0        5.0 =    -1899.0
      -4.0        0.0       -6.0        7.0        4.0        3.0       -6.0       -7.0       -2.0        1.0     -192.0        5.0        5.0      -10.0       10.0       -9.0       -3.0        0.0       -7.0       10.0      -10.0        4.0       -4.0       -7.0        7.0        2.0        4.0        1.0        9.0        6.0        7.0       -1.0        4.0        4.0        4.0        1.0       -2.0        8.0 =      492.0
       2.0       -3.0        3.0        3.0       -9.0        1.0        8.0       -5.0       -6.0        4.0       -4.0     -197.0       -5.0        3.0        6.0       -3.0       -9.0       -4.0        0.0       -6.0       -4.0        5.0        9.0        1.0      -10.0       -2.0       -6.0       -1.0        5.0        6.0       10.0       -9.0       -6.0      -10.0        7.0       -8.0        4.0       -2.0 =     -928.0
      -5.0       -3.0        6.0        5.0       -1.0       -9.0       -3.0        6.0       -9.0        5.0       -4.0       -2.0      225.0        5.0       -8.0        0.0        0.0       -1.0       -7.0       -9.0        9.0      -10.0        8.0       -4.0        7.0        9.0       -9.0       -5.0       -9.0        4.0       -9.0        8.0        8.0        7.0       -8.0        7.0       -8.0       -3.0 =     1158.0
       9.0       -5.0        0.0        9.0        9.0        9.0      -10.0        2.0        4.0       -5.0        3.0       -9.0       -3.0      203.0        0.0        2.0       -9.0       -8.0        1.0       -1.0      -10.0        7.0       -4.0       -3.0       -3.0       -7.0       -5.0       -8.0        2.0       -6.0        7.0        9.0       -9.0       -3.0       -7.0        2.0       -1.0        4.0 =     -830.0
      -9.0       -1.0        0.0      -10.0        9.0        4.0        4.0        5.0       -7.0        0.0       -7.0        9.0        2.0        0.0      146.0        1.0        3.0       -2.0        0.0        4.0       -1.0        7.0       -3.0      -10.0       10.0       -5.0       -4.0        2.0        4.0       -3.0       -6.0        0.0        0.0       -1.0       -2.0       -3.0       -1.0       -3.0 =     1188.0
       5.0       -6.0        5.0        8.0        5.0        7.0      -10.0       -7.0       -7.0        7.0        0.0        2.0        2.0       -4.0       -6.0      182.0       -6.0       -6.0       -3.0        2.0        7.0        6.0        3.0        3.0        6.0        6.0       -3.0       -8.0       -2.0       -4.0        0.0        0.0       -2.0        2.0        5.0        5.0       -8.0       -6.0 =      900.0
       7.0        9.0       -9.0       -1.0        2.0        5.0        4.0       -4.0        1.0       -8.0        0.0       -8.0       -9.0        5.0       -5.0        4.0      173.0       -6.0       -1.0       -6.0       -7.0        6.0        6.0       -8.0        2.0        3.0       -7.0        5.0       -1.0        2.0        5.0       -3.0        0.0       -3.0        7.0        6.0       -2.0       -5.0 =    -1431.0
      -9.0        0.0        9.0       -4.0       -9.0       -2.0       -4.0        1.0        3.0       -7.0        6.0        5.0        9.0       -2.0        9.0       -3.0        2.0     -194.0       -4.0       -9.0        9.0       -1.0        3.0        7.0        9.0       -1.0       -3.0       -7.0       -8.0       -6.0       -6.0       -2.0       -8.0        6.0        5.0        5.0       -1.0       -9.0 =     -422.0
       3.0       -6.0        7.0        3.0       -6.0       -7.0       -1.0       -2.0        1.0       -2.0        5.0        3.0        1.0       -1.0       -6.0        1.0       -3.0       -6.0      191.0      -10.0        8.0        7.0        8.0       -1.0        1.0        8.0       -9.0        8.0        5.0        1.0      -10.0       -9.0        3.0        7.0        2.0        9.0        6.0        7.0 =    -2160.0
      -9.0       -9.0       -7.0       -1.0       -5.0       -4.0        7.0       -3.0        3.0        3.0        2.0        8.0       -5.0        2.0        7.0       -7.0       -3.0        3.0       -3.0      196.0       -3.0        4.0        0.0      -10.0       -5.0        0.0        9.0       -8.0        4.0        9.0       -8.0        5.0       -4.0        2.0       -5.0       -4.0        8.0        9.0 =    -1424.0
       8.0       -6.0        4.0       -8.0        0.0       -4.0       -8.0       -7.0       -9.0       -7.0        0.0       -1.0       -1.0        3.0       -7.0       -3.0        6.0        2.0        2.0        2.0     -182.0       -8.0      -10.0       -8.0       -6.0       -8.0        6.0        0.0       -2.0        0.0       -6.0       -7.0        6.0        4.0      -10.0       10.0        0.0        1.0 =     1778.0
       4.0        5.0        9.0        7.0       -9.0       -3.0       -6.0        7.0       -5.0       -8.0       -2.0       -6.0        7.0       -3.0        3.0      -10.0        9.0       -1.0       -6.0       -8.0       -3.0      213.0        9.0        1.0       -8.0        0.0       -6.0       -2.0        0.0        9.0       -9.0        7.0        9.0        9.0       -4.0       -2.0        7.0        1.0 =     1505.0
      -6.0       -4.0        3.0        6.0       -9.0        2.0       -8.0       -7.0       -2.0        8.0       -6.0        3.0        3.0       -2.0        1.0       -4.0        0.0       -1.0        1.0       -9.0       -7.0        1.0      188.0        9.0       -1.0       -3.0        8.0       -6.0      -10.0       -9.0        5.0        9.0       -7.0       -3.0       -5.0        1.0        9.0        9.0 =     -785.0
       3.0        0.0       -1.0        3.0        0.0        7.0        9.0       10.0        2.0       -8.0        3.0       -5.0       -7.0       -6.0        3.0       -4.0        3.0       -2.0       -1.0        1.0       -4.0        1.0       10.0     -194.0       -8.0        9.0        7.0       10.0        8.0       -7.0       -6.0        9.0       -1.0        9.0       -9.0        0.0       -3.0       -5.0 =      656.0
       6.0       -1.0        1.0        1.0        9.0        2.0        9.0        8.0        9.0       -4.0       -1.0       -2.0       -9.0        5.0        5.0       -1.0        1.0        9.0        7.0        6.0        1.0       -7.0        6.0       -9.0     -185.0       -8.0       -7.0        5.0       -5.0        1.0       -1.0        0.0       -7.0        6.0       -5.0       -7.0       10.0        2.0 =     -450.0
       0.0       10.0        4.0       -3.0       -6.0        6.0        5.0        7.0        3.0      -10.0       -6.0       -8.0        9.0       -5.0       -2.0       -9.0       -9.0       -2.0        4.0       -8.0        3.0        6.0        3.0       -2.0       -1.0     -190.0       -7.0        3.0        6.0        9.0       -7.0        5.0       -5.0        3.0       -1.0       -2.0        1.0        4.0 =     -192.0
       0.0      -10.0       -1.0        7.0       -7.0       -9.0        9.0        7.0        6.0       10.0       -4.0       -1.0       -9.0        7.0       -7.0        1.0       -3.0        8.0       -2.0        1.0       -4.0       -5.0       -7.0        2.0       -3.0        0.0     -191.0       -5.0        5.0        8.0        1.0       -4.0        7.0        3.0        9.0        2.0        8.0       -7.0 =      178.0
       1.0        1.0        7.0        6.0       -3.0       -3.0        4.0       -8.0       -7.0       -6.0       -8.0        8.0       -4.0       -1.0      -10.0       -4.0        7.0        7.0       -8.0        1.0       -8.0        2.0      -10.0        5.0       -6.0        2.0        9.0      195.0        1.0       -6.0        5.0       -7.0        1.0        6.0       -1.0        3.0        6.0       10.0 =    -1683.0
      -7.0       -8.0       -1.0       10.0       -1.0        1.0       -6.0        0.0       -3.0        1.0       -4.0        6.0        1.0       -4.0      -10.0       -1.0       -9.0       -1.0        6.0        8.0        5.0        5.0      -10.0        8.0       -3.0        1.0       -7.0       -7.0     -199.0      -10.0       -6.0       -5.0        0.0        9.0       -6.0       -8.0        5.0       -7.0 =     1799.0
       5.0        9.0       -3.0        4.0       -8.0        2.0       -1.0        4.0      -10.0        8.0       10.0       -4.0       -6.0       10.0        9.0        0.0       -9.0       -5.0        5.0        6.0        5.0       -2.0       -4.0        5.0       -4.0        4.0        2.0        6.0       -9.0      204.0        8.0       10.0        4.0        9.0        0.0        1.0        2.0       -3.0 =      792.0
       2.0       -8.0        7.0        6.0        3.0        7.0        7.0        5.0      -10.0       -7.0        8.0        4.0       -5.0       -2.0        2.0       -4.0       -8.0       -2.0       -7.0        0.0        4.0       -2.0       -4.0        9.0       -9.0       -4.0       -1.0        5.0       -3.0      -10.0     -194.0        5.0        6.0       -3.0       -5.0       -1.0       -4.0        8.0 =      205.0
      -2.0        1.0        5.0        5.0       10.0        1.0        5.0        7.0        0.0       -6.0        2.0        9.0       -5.0      -10.0       -8.0        7.0       -1.0        5.0        2.0       -5.0        5.0        0.0        6.0        3.0       -9.0        2.0       -2.0        2.0       -1.0       -8.0        3.0      177.0        5.0        8.0       -5.0        4.0        6.0        7.0 =    -2250.0
      -2.0        0.0        6.0        8.0       -2.0       -7.0       -3.0       -2.0        8.0       -2.0       -8.0        5.0       -5.0        3.0       -9.0       -1.0        4.0        4.0        2.0        8.0       -7.0        4.0        4.0       -3.0       -7.0       -1.0        3.0        3.0       -7.0        7.0       -4.0       -6.0     -182.0       -9.0       -9.0        2.0       -5.0       -2.0 =      848.0
      -3.0       -1.0        1.0        3.0       -4.0       -6.0        8.0        6.0      -10.0        7.0        3.0       -6.0       -6.0        7.0       -2.0       -7.0       -5.0        0.0       -1.0        8.0       -8.0        1.0        5.0       -7.0       -5.0       -7.0       -3.0        6.0       -9.0        3.0       -2.0        9.0        2.0      185.0        3.0        4.0       -6.0        3.0 =    -1494.0
       3.0       -6.0        3.0       -4.0        4.0        6.0        9.0       -1.0       -2.0       -3.0        4.0       -6.0       -5.0       -6.0       -9.0       -7.0       -7.0       -5.0       -7.0        0.0       -3.0        2.0       -8.0        9.0        9.0       -5.0        9.0        3.0        7.0       -4.0       -6.0       -1.0        5.0       -1.0      194.0        6.0       -7.0       -9.0 =     -966.0
      -4.0        1.0        4.0       -1.0       -3.0       -7.0       -9.0        9.0        7.0       -7.0       -9.0       -4.0        0.0        5.0        4.0       -8.0        8.0        9.0       -1.0       -3.0       10.0      -10.0       10.0        7.0       -6.0        1.0       -8.0        1.0        1.0       -3.0       -5.0      -10.0       -4.0       -2.0       -5.0      211.0        8.0        9.0 =      392.0
       8.0        3.0      -10.0        0.0       -2.0       -7.0        9.0       -8.0        0.0        2.0        2.0       -6.0        2.0       -3.0       -6.0       -7.0       -4.0       -8.0       -8.0        1.0       -6.0        8.0      -10.0       -9.0       -7.0        8.0        9.0       -5.0        0.0        9.0       -2.0        3.0       -6.0       -5.0       -9.0       -1.0      202.0        1.0 =      690.0
      -8.0        9.0       -8.0        9.0      -10.0       -9.0      -10.0        0.0        6.0        5.0      -10.0        3.0       -8.0        2.0       -1.0       -8.0        3.0       -4.0        3.0       -3.0        4.0      -10.0       -6.0        0.0        1.0        6.0        3.0       -1.0        0.0       -9.0       -9.0       -7.0        2.0        8.0        3.0       -7.0       -6.0     -210.0 =    -1385.0

      -6.0       -3.0       10.0       -4.0        1.0        3.0        0.0        5.0       -6.0        9.0       -3.0        4.0        6.0       -5.0        9.0        5.0       -9.0        2.0      -10.0       -8.0       -7.0        7.0       -5.0       -4.0        3.0        1.0       -1.0       -9.0       -7.0        3.0       -1.0      -10.0       -4.0       -9.0       -6.0        2.0        5.0        5.0
