38
    -209.0        9.0       -5.0       -3.0       -8.0        5.0        9.0       -9.0        3.0       -2.0        0.0       -8.0       -9.0       -4.0       -3.0       -6.0       -7.0        7.0        0.0       -1.0       -9.0       -4.0       -2.0       -9.0        0.0       -2.0       -6.0       -9.0       -7.0       -8.0       -9.0       -7.0        3.0       -2.0        1.0       -6.0        9.0       -8.0 =      316.0
      -1.0      169.0        5.0       -3.0       -2.0        9.0       -1.0        7.0       -5.0        1.0        7.0        1.0       -4.0       -1.0        3.0       -2.0        0.0       -3.0        5.0       -4.0        3.0       -4.0       -2.0        6.0       -1.0        1.0        5.0       -4.0      -10.0        5.0       -6.0      -10.0        8.0       -5.0      -10.0        3.0        8.0       10.0 =     -178.0
       7.0       -7.0     -198.0        1.0        5.0       -1.0       -2.0        6.0        6.0        0.0       -8.0       -9.0        1.0        6.0       -9.0        4.0        7.0       -3.0        6.0        9.0        7.0       -4.0        8.0        1.0        0.0        2.0       -1.0        7.0       10.0       -7.0       -3.0       -8.0       -5.0       -8.0        8.0       -5.0        2.0        7.0 =      840.0
      -2.0        7.0       10.0     -204.0        3.0        8.0        2.0      -10.0      -10.0        2.0       -5.0        1.0        1.0        4.0        3.0        7.0       10.0       -3.0       -3.0       -9.0        6.0        0.0        6.0        8.0       -4.0       -5.0      -10.0       -4.0        4.0        3.0        8.0        0.0       -7.0       -7.0        1.0       -8.0       10.0        6.0 =     1086.0
     -10.0       -2.0       -8.0        5.0     -202.0       -6.0       -4.0        4.0        5.0       -5.0       -7.0        9.0       -8.0        9.0        3.0        2.0        7.0        5.0        3.0       -4.0        0.0        1.0      -10.0      -10.0       -5.0        7.0       -6.0        9.0       -1.0        1.0        9.0      -10.0        0.0        7.0        3.0        0.0       -4.0       -6.0 =    -1314.0
      -3.0       -1.0       -3.0       -3.0        7.0      178.0        1.0       -9.0       -6.0       -4.0        0.0        6.0        5.0       -1.0       -4.0       10.0        2.0      -10.0        0.0        0.0        1.0       -9.0        6.0       -8.0       -3.0        5.0        1.0       -7.0       -5.0        6.0       -6.0        6.0       -5.0       -1.0        4.0      -10.0       -9.0       -5.0 =      504.0
       9.0       -6.0       -2.0       -6.0       -5.0       -8.0      194.0        1.0        7.0        5.0        9.0       -2.0        5.0        6.0        1.0      -10.0        8.0       10.0       -1.0        2.0       -6.0        0.0       -5.0        8.0        2.0       -2.0        0.0       -8.0       -1.0        6.0        7.0       -8.0       -7.0       -6.0        6.0       -3.0        9.0       -3.0 =     1030.0
       2.0        0.0       -1.0        4.0        6.0        7.0       -3.0     -160.0       -1.0        8.0       -2.0        3.0       -8.0       -2.0       -5.0       -7.0        4.0       -7.0        7.0       -1.0        6.0       -2.0       -8.0        6.0       -3.0        1.0        2.0       -2.0       -3.0        9.0        0.0        2.0        0.0       -3.0        6.0        9.0       -5.0        9.0 =      792.0
      -4.0        3.0        4.0       -7.0       -3.0        6.0       -7.0       -3.0     -186.0        3.0       -8.0        6.0        6.0        6.0        1.0       -7.0        7.0       -2.0        0.0       -2.0       -2.0       -9.0        6.0       -4.0        1.0        6.0       -1.0        8.0       -8.0       -5.0        7.0       -6.0       -9.0       -7.0        0.0        4.0       -7.0        8.0 =    -1230.0
      10.0       -6.0       -5.0       -7.0        4.0       -1.0       -3.0       -2.0      -10.0      195.0        3.0       -5.0       -9.0       -5.0        0.0       -3.0       -5.0       -7.0       -4.0       -8.0        1.0        1.0       -4.0        5.0       -3.0        2.0        7.0       -9.0        3.0        9.0       -6.0       -1.0       -8.0       -5.0       -7.0       10.0        3.0       -9.0 =     -605.0
      -8.0        1.0       -8.0        7.0        4.0        2.0       -7.0       -1.0       -6.0        1.0     -172.0       -2.0       -3.0        8.0        5.0        8.0       -1.0        2.0        0.0       -4.0        4.0        6.0       -5.0        7.0        0.0        9.0       -5.0        6.0        4.0       -8.0       -4.0        0.0        5.0        3.0        5.0       -7.0       -8.0        5.0 =     -314.0
      -5.0       -6.0       -9.0        5.0       -6.0        3.0        9.0        8.0       -3.0        9.0       -8.0     -203.0       -3.0       10.0       -6.0       -1.0       -9.0        1.0       -6.0       -4.0       -2.0        0.0        4.0        8.0       -6.0        3.0        0.0       -6.0       -3.0       10.0      -10.0       -1.0        3.0       -2.0       -9.0        8.0        7.0       -4.0 =      672.0
       7.0       -7.0        0.0       -6.0        0.0        7.0       -8.0        1.0       10.0       -7.0       -2.0        3.0      190.0        8.0       -7.0       -1.0       -6.0       -2.0        1.0        6.0       -2.0        8.0        2.0       -2.0        9.0        8.0        0.0        6.0        4.0       -6.0       -9.0       -5.0        6.0       -5.0       -7.0       10.0        7.0       -2.0 =     -627.0
       1.0       -2.0        1.0       -9.0       -8.0       -8.0        3.0        3.0        4.0       -7.0        3.0        0.0        6.0     -158.0       -4.0        1.0        5.0       -6.0       -7.0        5.0       -7.0       -8.0       -1.0        3.0       -4.0        0.0        1.0        6.0        3.0       -8.0        0.0        4.0        0.0       -2.0       -7.0        9.0       -6.0        2.0 =     -384.0
       0.0        6.0        3.0        1.0        0.0       -3.0        2.0        2.0        3.0        1.0      -10.0        1.0        1.0       -9.0      183.0        1.0       -6.0        8.0       -4.0        2.0        3.0       -3.0       -6.0       -9.0        9.0       -9.0       -8.0        1.0       10.0        7.0        2.0        5.0        9.0      -10.0       -7.0       -2.0       -9.0        6.0 =      684.0
       4.0       -1.0       -2.0        7.0       -4.0        6.0        5.0        9.0        3.0        7.0        0.0        8.0       -2.0        2.0       -5.0     -172.0       -4.0        7.0        0.0       -9.0        3.0       -4.0       -1.0       -5.0        2.0       -2.0       -7.0        9.0        4.0       -4.0       -3.0       -6.0       -9.0       -4.0       -7.0       -6.0       -1.0      -10.0 =     -192.0
       3.0        1.0        5.0        4.0        4.0       -4.0       -4.0        4.0       10.0        4.0       -9.0        9.0       -5.0       -6.0        2.0       -7.0      198.0        9.0       -9.0       10.0        0.0        9.0       -6.0       -2.0       -2.0        5.0        8.0       -4.0        7.0        4.0       -3.0        4.0        6.0        1.0        8.0        6.0       -6.0        1.0 =     2040.0
       7.0        1.0       -2.0        9.0       -2.0       -3.0       -8.0        6.0       -5.0        6.0        6.0       -8.0       -5.0       -4.0       -6.0        5.0        0.0      214.0        8.0       -9.0        3.0       -8.0        6.0       -6.0       -8.0       -3.0      -10.0       -9.0       -5.0       -9.0       10.0       -2.0        2.0       10.0        5.0        5.0       -4.0        5.0 =      576.0
       7.0       -8.0        0.0       -2.0        4.0        8.0       -4.0       -2.0       -8.0        7.0        7.0        9.0       10.0       -5.0       -3.0        8.0       -6.0        9.0      196.0       -9.0        7.0        0.0        8.0        8.0        1.0       -6.0       -7.0        3.0       -6.0        1.0        1.0       -2.0        0.0       -7.0        7.0       -6.0       -4.0        2.0 =    -1962.0
      -3.0       -2.0        1.0        0.0       10.0       -7.0       -8.0        9.0        0.0        7.0       -8.0       -9.0       -2.0        5.0        8.0        8.0        2.0       -1.0        2.0      191.0        9.0        7.0        4.0       -3.0        3.0        4.0        7.0       -1.0       -5.0        8.0        3.0       -9.0        6.0       -5.0        9.0        6.0        2.0        1.0 =     1494.0
      -5.0        8.0       -9.0        3.0       -7.0        1.0        1.0       -1.0       -1.0       -5.0        6.0        2.0       -7.0       -4.0        4.0       -3.0       -1.0       -2.0       -9.0       -7.0      159.0      -10.0        0.0        1.0       -2.0        8.0        3.0        3.0       -8.0        1.0        2.0        8.0        0.0        4.0        5.0        7.0        1.0        1.0 =     -147.0
       3.0        1.0        3.0        7.0       -6.0       -5.0        1.0        1.0       -4.0        5.0       -2.0       -9.0        0.0       -3.0       -1.0        6.0        3.0        5.0       -5.0      -10.0       -5.0     -178.0       -2.0       -5.0        4.0       -5.0        5.0        4.0        6.0        4.0      -10.0        6.0       -6.0        5.0       10.0       -3.0        9.0       -1.0 =     -172.0
      -1.0        1.0        3.0       -8.0        1.0        1.0        5.0       -2.0       -7.0      -10.0        1.0        7.0        6.0       -6.0        3.0       -6.0       -2.0       -7.0        1.0       -4.0       -3.0        8.0     -162.0      -10.0        4.0        1.0       -3.0       -3.0       -3.0        9.0       -1.0       -8.0       -5.0        2.0       -3.0        9.0        1.0       -3.0 =     -776.0
       9.0        3.0       -3.0       -7.0       -5.0       -7.0        1.0        6.0       -4.0        7.0       10.0       -8.0        7.0       10.0       -3.0        7.0       -8.0       -5.0        4.0        5.0       -7.0       -3.0        6.0     -210.0       -6.0        9.0        1.0       -3.0        6.0       -7.0       -9.0       -5.0      -10.0       -8.0        0.0       -1.0       -3.0       -3.0 =     -234.0
       1.0       -6.0       -4.0       -2.0       10.0      -10.0        4.0        3.0       -5.0        1.0        3.0        5.0        3.0       10.0       -1.0        0.0        3.0       -7.0        9.0        8.0        8.0        9.0       10.0       -4.0      204.0        5.0        6.0        3.0        1.0      -10.0       -5.0        6.0       -6.0       -6.0        7.0        7.0       -4.0        8.0 =    -2376.0
      -1.0       -4.0        8.0       -7.0       -1.0        4.0        9.0        4.0        7.0       -9.0        0.0        6.0       -3.0       -7.0        9.0        4.0       -9.0       -2.0       -1.0        1.0       -3.0        8.0      -10.0      -10.0        0.0      207.0       -8.0        2.0       -6.0      -10.0       -2.0        8.0      -10.0        8.0        2.0        8.0        2.0        6.0 =     1000.0
      -4.0        8.0        4.0       -8.0        4.0      -10.0       -6.0       -8.0        8.0       -7.0       -8.0       -1.0        0.0       10.0       -4.0        9.0       -5.0       -1.0       -1.0       -2.0       -8.0       -4.0       -3.0        3.0        6.0        1.0     -197.0        1.0        8.0       -4.0        4.0        2.0        9.0       -8.0        3.0        6.0        9.0       -8.0 =      404.0
      -3.0        7.0       -3.0      -10.0      -10.0       -4.0        0.0       -3.0       -4.0        5.0        5.0        5.0       -5.0       -3.0        2.0       -1.0        2.0       -7.0        3.0        8.0       -2.0       -2.0       -8.0       -2.0       -6.0        8.0        8.0      176.0        4.0       -7.0        6.0        4.0        8.0        0.0        1.0        5.0       -1.0        8.0 =      184.0
       7.0       -4.0        9.0       -5.0        8.0        2.0       -7.0        5.0        8.0       -4.0       -2.0        2.0       -3.0       -9.0       -4.0       -2.0        9.0        1.0        1.0       -3.0        3.0       -6.0        8.0       -7.0        5.0       -1.0       10.0       -5.0     -189.0        2.0        2.0       -2.0        1.0       -7.0        7.0      -10.0       -6.0        7.0 =      358.0
       4.0       -7.0        4.0        9.0       -1.0       -1.0        3.0       -4.0        5.0       -8.0        4.0        0.0       -5.0       -5.0        6.0       -2.0       -1.0       -8.0       -7.0       -8.0        4.0        0.0        6.0       -1.0       -1.0       -6.0       -8.0       -8.0       -3.0     -180.0        6.0        7.0       -8.0       -9.0       -3.0        6.0        1.0       -9.0 =    -2280.0
       3.0       -7.0       -8.0        3.0       -7.0       -2.0        5.0        9.0       -5.0        5.0       -5.0       -6.0       -3.0       -7.0       -1.0       -5.0        1.0       -1.0        1.0       10.0       -7.0       -7.0       -8.0       10.0        6.0       -3.0        1.0       -6.0        6.0       -6.0      186.0       -2.0       -8.0        0.0       -4.0       -1.0        6.0       -2.0 =    -1128.0
      -2.0        4.0        6.0       10.0       -6.0      -10.0       -7.0       -7.0       -1.0        1.0       -3.0        6.0        5.0      -10.0       -5.0       -6.0       -8.0       -3.0       -5.0       -1.0        8.0       -7.0       -3.0        6.0       -9.0        3.0        1.0       -1.0        9.0        7.0        1.0     -201.0       -3.0        6.0       -4.0       -9.0        7.0       -7.0 =    -2142.0
       3.0       -3.0        4.0        3.0        1.0       -1.0        2.0        7.0        2.0       -5.0        2.0        4.0        6.0        0.0        0.0        8.0       -1.0        3.0        3.0       -1.0       10.0        1.0       -1.0       -8.0       -2.0        9.0       -5.0       -9.0       -2.0       -1.0        4.0        0.0      146.0       -7.0        6.0       -4.0        7.0       -7.0 =     -870.0
       0.0       -9.0       -4.0        1.0       -3.0        3.0       -3.0        3.0       -8.0       -2.0       -5.0       -3.0        5.0      -10.0       -4.0        8.0        0.0       -7.0       10.0       -4.0       -2.0        4.0        1.0        2.0        5.0       -1.0        4.0       -4.0        6.0        7.0        2.0        2.0       -2.0     -153.0        2.0       -4.0        6.0       -5.0 =     1458.0
       2.0       -6.0        6.0        7.0        8.0       -4.0        4.0        7.0       -9.0        8.0       -9.0        0.0        5.0        5.0       -3.0        8.0       -6.0       -9.0       -2.0       -6.0       -2.0        9.0       -4.0        1.0        5.0       -9.0       -6.0       -7.0       -7.0        4.0        9.0       -8.0        2.0        5.0     -217.0        6.0       -3.0        9.0 =    -1656.0
       2.0       -3.0        8.0        1.0       -2.0        4.0        4.0        8.0        2.0       -3.0       -2.0        1.0        0.0        5.0      -10.0        3.0        0.0       -5.0       -3.0       -8.0       -2.0        1.0       -5.0        8.0       -7.0        3.0       -4.0        9.0        6.0       -7.0        6.0       -9.0        1.0       -7.0       -8.0     -177.0       -7.0        6.0 =     1337.0
       7.0       -3.0       -9.0        0.0       -9.0       10.0        2.0       -5.0       -8.0       -7.0        8.0        1.0        1.0        6.0        3.0       -6.0       -9.0        7.0        8.0       -4.0       -4.0      -10.0       -1.0        9.0        8.0       -7.0        6.0        3.0       -6.0       -3.0        9.0        6.0       10.0        5.0        1.0        0.0     -201.0        0.0 =     1274.0
       1.0       -9.0       -8.0       -8.0       -4.0        3.0        6.0       -6.0       10.0        9.0       -9.0        2.0       -9.0       -2.0       -5.0        5.0       -5.0        6.0       -8.0       -7.0       -1.0       -2.0       -1.0       -1.0        6.0       -5.0       -8.0      -10.0        8.0       -1.0        2.0        0.0        4.0        8.0        5.0        0.0       -7.0     -191.0 =     1856.0

      -1.0       -1.0       -5.0       -6.0        6.0        4.0        5.0       -6.0        6.0       -5.0        2.0       -3.0       -3.0        2.0        4.0        1.0        8.0        3.0       -9.0        6.0       -1.0        1.0        4.0        1.0       -9.0        5.0       -2.0        1.0       -2.0       10.0       -8.0        9.0       -5.0       -9.0        8.0       -7.0       -7.0       -8.0
