38
    -216.0        6.0       -8.0       -7.0        5.0       -7.0       -2.0        5.0        4.0        4.0        4.0        3.0        9.0       -8.0        0.0      -10.0       -8.0       -9.0       10.0        7.0        4.0        7.0        3.0       -9.0       10.0        1.0        7.0        9.0        5.0        2.0       -6.0        7.0        0.0        7.0        5.0        1.0       -9.0        5.0 =     -676.0
      10.0      195.0        9.0        9.0       -4.0        6.0       -7.0      -10.0        7.0       -5.0       -1.0        8.0        7.0        0.0       -4.0        6.0        1.0       -2.0       -2.0        4.0       -1.0        3.0        0.0        5.0        5.0        3.0       -2.0       -8.0        2.0       -8.0       -7.0       10.0        3.0       -9.0        2.0       -9.0       10.0        1.0 =    -1589.0
       2.0        7.0      220.0       -1.0        7.0       -3.0        9.0       -9.0       -6.0        7.0       -8.0        7.0        4.0       -8.0        7.0        0.0       -6.0       -3.0        8.0       -4.0       -3.0        4.0      -10.0       -4.0       -7.0        7.0       -9.0       -5.0       -8.0        1.0        1.0        8.0      -10.0       -8.0       10.0        0.0       10.0        8.0 =    -1075.0
       0.0       10.0        3.0     -178.0       -5.0       -5.0       -7.0       -2.0        6.0        6.0       -2.0        7.0       -1.0        3.0        1.0       -3.0       -7.0        7.0        8.0       -4.0       -4.0        9.0        0.0       -7.0        5.0        7.0        0.0        9.0       -1.0        6.0       -8.0       -5.0        7.0        2.0       -6.0        3.0        3.0        7.0 =     -272.0
      -5.0       -5.0       -3.0        5.0     -170.0        2.0        4.0        6.0      -10.0        9.0        0.0        6.0        1.0       -2.0       -3.0       -5.0       -8.0       10.0       -9.0        3.0       -6.0       -4.0        2.0       -7.0        4.0        0.0        4.0       -5.0        1.0       -1.0        0.0      -10.0        2.0       -4.0       -8.0        4.0       -3.0        3.0 =     1818.0
       7.0        1.0        7.0        9.0       -1.0      177.0        0.0       -4.0       -6.0       10.0       -3.0       -1.0       10.0        1.0       -9.0        6.0        0.0       -8.0       -3.0        1.0       -5.0        8.0       -2.0       10.0       10.0       -7.0       -2.0        9.0        5.0       -1.0        2.0       -4.0       -9.0       -5.0        0.0       -3.0        3.0        4.0 =     2070.0
      -8.0        8.0       -4.0        9.0        6.0       -3.0      182.0        9.0       -5.0        2.0        2.0       -1.0        7.0        4.0       -9.0       -8.0       -1.0       10.0       -2.0        1.0        4.0       -3.0       -1.0       -2.0        3.0       -6.0        4.0       -1.0        0.0       -7.0        6.0        2.0      -10.0        6.0       -3.0       -1.0        6.0       -9.0 =     -187.0
      -4.0        7.0       -8.0      -10.0       -9.0        3.0       -4.0      214.0        2.0       -7.0       -4.0       -4.0        7.0        3.0       -9.0       -9.0        3.0       -9.0       -3.0       -5.0        7.0       -7.0        8.0        0.0        2.0       -6.0        3.0       -3.0       -9.0       -6.0        8.0        0.0       10.0        8.0        6.0        2.0       -9.0        4.0 =     -516.0
      -3.0        9.0        9.0       -9.0       -3.0       -4.0       -9.0        7.0      181.0       -3.0       -1.0        0.0        1.0       -5.0        0.0        0.0       -2.0        5.0       -1.0        3.0       -4.0       -8.0        5.0       -8.0        9.0       -7.0        2.0        1.0        9.0        5.0       -6.0        9.0        1.0       -7.0        8.0       -9.0       -6.0       -1.0 =     1008.0
      -1.0       -9.0       10.0        4.0       -3.0       -5.0       -6.0        4.0        7.0     -210.0       -5.0        2.0       -9.0       -5.0      -10.0        0.0       -3.0        9.0       -9.0       -8.0        9.0        5.0       -4.0        5.0        8.0        9.0       -6.0       -2.0        9.0        9.0       -2.0       -5.0        5.0       -4.0        7.0        2.0       -3.0       -1.0 =     1236.0
       9.0       -6.0       -4.0       -8.0        2.0        1.0       -7.0        4.0        6.0       -9.0     -193.0        1.0        0.0        6.0       -1.0        7.0       -7.0        6.0        1.0        8.0       -7.0        3.0        2.0      -10.0      -10.0       -5.0        4.0       -6.0       -5.0        0.0       -9.0        5.0       10.0       -1.0       -5.0        8.0        7.0        1.0 =    -1212.0
      -9.0       -1.0        4.0       -5.0        9.0        6.0        8.0        8.0       -1.0        7.0        5.0      203.0       -1.0        5.0       -5.0       -8.0        2.0       -8.0       -2.0       -1.0        8.0        9.0        4.0       -8.0        5.0        4.0        8.0       -1.0       -1.0        1.0        7.0        7.0        5.0       -9.0       -8.0       -8.0       10.0        2.0 =    -2510.0
      -6.0        0.0        7.0        4.0       -6.0        8.0        2.0       -7.0       -6.0       -9.0        9.0        3.0     -197.0        1.0       -3.0       -6.0       -1.0        5.0        9.0       -4.0        3.0        5.0        4.0        6.0       -6.0        2.0       -8.0        5.0        9.0        7.0       -4.0        5.0        5.0        4.0       -8.0        6.0        5.0       -6.0 =    -1467.0
      -9.0       -6.0       -7.0        1.0       -8.0        2.0       -1.0       10.0       -1.0        6.0       -5.0        5.0        9.0     -183.0       -1.0        4.0       -1.0        5.0       -9.0       -4.0        3.0       10.0       -1.0        3.0        8.0       -9.0        0.0       -2.0       -8.0        4.0        3.0        6.0       -7.0        5.0       -3.0       -3.0       -4.0        4.0 =      368.0
     -10.0        3.0       -6.0       -6.0        8.0       -3.0        8.0        1.0        5.0       -3.0        1.0        4.0       -1.0        7.0      188.0       -4.0        2.0        7.0       -9.0       -1.0        0.0       -6.0        5.0       -3.0        4.0        8.0       -1.0        2.0       -6.0       -7.0        5.0        8.0       -4.0       -9.0       -8.0        4.0       -7.0        7.0 =    -1464.0
      -2.0       -3.0        3.0       -8.0       -9.0       -9.0       -2.0       -3.0        2.0        1.0        8.0       -8.0        1.0       -5.0       -3.0     -184.0        3.0       -5.0       -3.0       -3.0        6.0        7.0       -8.0        0.0       -7.0       -2.0       -3.0       -9.0        7.0        3.0        5.0       -3.0       -5.0       -9.0        5.0       -2.0      -10.0        9.0 =    -1715.0
       6.0       10.0       -8.0       -1.0        5.0       -7.0        5.0        8.0        0.0       -9.0       -7.0        2.0        8.0       -1.0       -5.0       -5.0     -215.0       -5.0        9.0        4.0        0.0        0.0        6.0        3.0       -5.0        8.0        8.0        9.0        7.0       10.0        3.0       -9.0       10.0        1.0        3.0        9.0        1.0       -8.0 =    -1350.0
       9.0       -3.0       -7.0        7.0        7.0        1.0       -5.0       -6.0        0.0        6.0       -7.0        6.0        6.0       -9.0        9.0        5.0       -7.0     -218.0        6.0        8.0        9.0        3.0        5.0       -8.0        0.0       -9.0        0.0       -8.0       -3.0        8.0       10.0       -1.0       -2.0       -4.0        8.0        7.0      -10.0        2.0 =    -1665.0
       1.0        9.0        5.0       -5.0        9.0       -3.0       -2.0        7.0        4.0        7.0       10.0        5.0       -2.0        1.0        0.0       -7.0        7.0        1.0     -143.0        2.0        3.0       -2.0       -3.0        2.0      -10.0       -3.0        2.0        1.0        5.0       -1.0        7.0        2.0        0.0       -1.0        3.0        1.0       -5.0        3.0 =     -630.0
      -8.0       -2.0       -6.0        3.0       -9.0        2.0        0.0       -9.0        8.0       -1.0        7.0       -6.0       -6.0        8.0        4.0        6.0       -9.0        5.0       -4.0     -213.0       -8.0       -7.0        9.0        4.0       10.0       -9.0        4.0       -1.0        5.0        1.0        8.0       -4.0        6.0        6.0       -9.0        9.0       -4.0       -1.0 =     1899.0
       8.0        6.0       -7.0       -7.0        2.0       -4.0       -4.0       -7.0       -9.0        2.0       -7.0       -3.0       -8.0       -4.0       -4.0        4.0       -7.0      -10.0       -7.0       -8.0     -217.0       -1.0       -4.0        9.0        4.0       -9.0       -8.0        7.0        5.0       -2.0       10.0        8.0       -1.0        2.0        8.0        3.0      -10.0       -8.0 =    -1390.0
      -5.0       -5.0       -5.0        2.0        0.0        5.0       -4.0        7.0       -9.0      -10.0        6.0        1.0       -1.0       -1.0       10.0        1.0       -5.0        5.0      -10.0        3.0       -5.0     -184.0        9.0        4.0        8.0        7.0       -7.0        6.0       -3.0       10.0        1.0       -4.0        6.0        1.0        0.0        4.0       -2.0       -3.0 =    -1670.0
       5.0       -9.0       -6.0       -3.0        9.0       -2.0       -2.0       -2.0       -7.0        6.0        2.0        9.0      -10.0       -1.0       -4.0        2.0        9.0       -8.0      -10.0        5.0        6.0        7.0      232.0       -5.0       -6.0        2.0      -10.0        5.0       -7.0        9.0       -9.0        6.0        5.0       -9.0        8.0        5.0        6.0       -9.0 =    -1971.0
     -10.0       -9.0       -9.0        8.0       -5.0       -8.0        5.0       -3.0        6.0        7.0       -6.0        2.0        5.0       -8.0        7.0       -1.0       -3.0        1.0        4.0       -9.0       -9.0        6.0       10.0     -231.0        8.0       -7.0       -1.0      -10.0       10.0       -5.0       10.0       -4.0        8.0       -1.0        3.0       -9.0        6.0       -3.0 =    -1960.0
       4.0        0.0        7.0       -7.0        6.0        6.0       -4.0        9.0       -9.0        7.0        3.0        6.0       -3.0        1.0        9.0        8.0       -4.0        0.0       -9.0       -1.0        0.0       -3.0        9.0        6.0      201.0       -5.0        0.0        2.0       -5.0        6.0        7.0        9.0        7.0        8.0        9.0       -7.0        7.0        2.0 =     1128.0
       0.0      -10.0        8.0        9.0        6.0       -9.0        6.0        6.0        0.0        3.0       10.0       -9.0       -3.0       -1.0       -4.0       -8.0       -6.0        2.0       -5.0       -3.0        3.0        5.0       -5.0       -9.0       -4.0     -206.0        9.0       -3.0       -8.0       -1.0       -8.0       -3.0       -7.0       -7.0        3.0        9.0       -8.0        3.0 =      735.0
       2.0       -1.0        8.0       -6.0       -9.0        2.0        2.0        4.0        4.0        0.0        8.0       10.0        9.0      -10.0        2.0        1.0      -10.0       -1.0       -5.0       10.0        3.0       -2.0        1.0       -2.0        0.0        4.0     -172.0        6.0        5.0        9.0       10.0        0.0        3.0        5.0       -6.0        5.0        6.0        1.0 =        0.0
      -1.0       -6.0        3.0        1.0        5.0        6.0        0.0       -8.0        0.0       10.0        2.0        7.0       -8.0        4.0       -7.0      -10.0       -3.0        2.0       -4.0        1.0       -2.0       -6.0        5.0        2.0      -10.0        2.0       -4.0     -172.0       -1.0       -3.0        6.0       -6.0       -9.0        2.0       -4.0        0.0       -4.0        9.0 =    -1206.0
       0.0       -9.0        9.0        1.0       -8.0        3.0       -5.0        5.0        5.0       -9.0        0.0       -8.0        6.0       10.0        7.0       -8.0       -4.0       -9.0        7.0        1.0        3.0        4.0        5.0       -8.0        1.0        5.0        3.0       10.0      213.0        3.0        5.0        6.0        9.0        9.0        9.0       -6.0        4.0       -2.0 =     1335.0
      -2.0       -5.0       -3.0        8.0       -1.0        0.0        4.0        1.0      -10.0       -8.0       -5.0        4.0        9.0      -10.0        3.0       -8.0        7.0       -5.0        7.0        4.0        8.0       -7.0       -8.0       -6.0       -7.0        4.0       -5.0        6.0        5.0     -193.0        8.0        2.0        4.0        8.0        0.0       -1.0        3.0        3.0 =    -1116.0
      -3.0       -8.0       -7.0        7.0       -7.0        3.0        2.0        5.0        1.0       -9.0        6.0        4.0       10.0        6.0        4.0       -9.0        1.0      -10.0        0.0       -2.0        3.0        9.0        2.0       -3.0        1.0        6.0       -3.0       -3.0       -7.0       -5.0      200.0       10.0       10.0       -1.0       -5.0        2.0       -9.0       10.0 =     1688.0
       8.0        5.0        2.0        0.0        4.0        1.0        3.0       -8.0       -4.0       -8.0        3.0        4.0      -10.0      -10.0       -1.0        0.0       -1.0        3.0        3.0       -6.0        8.0       -4.0       -4.0        9.0       -3.0        5.0       -5.0       -4.0        4.0        9.0        4.0     -185.0        9.0       -8.0        9.0       -7.0        1.0        7.0 =      334.0
       4.0        3.0        1.0        9.0       -8.0      -10.0       -5.0        1.0       -7.0        8.0        6.0        3.0        7.0      -10.0       -8.0       -3.0        2.0        3.0        2.0       -2.0        3.0        2.0       -9.0       -4.0        2.0       -6.0       -2.0        8.0       -8.0        2.0       -5.0        8.0     -185.0        6.0        3.0        3.0       -9.0        0.0 =     -585.0
       0.0        2.0       -2.0       -5.0        6.0        1.0       -3.0       -3.0       -3.0       -3.0       -1.0       -8.0        1.0       -1.0        1.0        0.0       -5.0       10.0        4.0       -8.0        5.0       -9.0        0.0       -2.0       -9.0        4.0       -2.0        4.0       -1.0        7.0        7.0       -2.0       -7.0      153.0        3.0      -10.0        7.0        1.0 =     1188.0
       9.0       -2.0       -4.0        6.0        1.0        9.0        1.0        5.0        7.0        1.0       -4.0        2.0       -8.0        6.0        0.0        8.0       -5.0        5.0        2.0       -3.0        7.0        9.0        7.0        4.0       -7.0        2.0        3.0        7.0       -9.0        1.0        1.0        8.0       -5.0        2.0      189.0       -3.0       -9.0       -7.0 =      944.0
      -8.0       -6.0        2.0        8.0        0.0        9.0       -4.0        0.0       -5.0        3.0       -6.0       -3.0        4.0       -1.0       10.0        2.0       -1.0        9.0        9.0       -2.0       -3.0        0.0        3.0        3.0       10.0       -3.0       -9.0       -6.0       -9.0        9.0        3.0       -3.0       -2.0        9.0       -5.0      189.0        3.0       -9.0 =      200.0
      -7.0       -2.0        7.0       -3.0        8.0        5.0       -9.0       -5.0        2.0       -5.0        0.0       -3.0       -5.0        4.0        1.0        0.0      -10.0        9.0        2.0        3.0        8.0       -7.0        4.0        6.0       -9.0       -5.0       -7.0        3.0       -7.0        4.0       -5.0        3.0        4.0        4.0        4.0       -9.0      189.0        6.0 =        0.0
     -10.0       -1.0        8.0        0.0        7.0        6.0        5.0       10.0       -8.0       -7.0       -5.0        7.0       10.0        1.0       -6.0        4.0        6.0       10.0        8.0        0.0        9.0       -9.0        0.0        6.0        6.0        1.0        8.0        2.0       -9.0      -10.0       10.0        2.0       -5.0       -4.0       -2.0       -2.0        5.0     -216.0 =      326.0

       4.0       -7.0       -5.0        2.0       -9.0       10.0       -1.0       -3.0        6.0       -6.0        6.0      -10.0        9.0       -2.0       -8.0        7.0        9.0        9.0        7.0       -9.0        5.0       10.0       -9.0        8.0        4.0       -3.0        0.0        6.0        5.0        6.0        8.0       -2.0        3.0        9.0        4.0        1.0        0.0       -2.0
