38
     211.0        1.0      -10.0        4.0        7.0       -7.0       10.0       -2.0       -7.0        7.0       -3.0       -9.0       -5.0        8.0       -3.0        6.0        2.0        6.0        7.0       -6.0       -4.0        9.0       -7.0       -3.0        3.0       -4.0       -1.0        4.0       -6.0        6.0        3.0        6.0        9.0      -10.0        0.0       -3.0        8.0        9.0 =     -708.0
       9.0      183.0        3.0        0.0       -7.0        6.0        3.0       -3.0        9.0        0.0        6.0       -1.0       -7.0        7.0        5.0       -2.0        2.0       -5.0        6.0       -6.0        5.0       -4.0        2.0        3.0       -8.0        9.0       -2.0       -4.0       -3.0        4.0        7.0        4.0        4.0       -7.0       -4.0        9.0        4.0        4.0 =    -2079.0
      -3.0       -8.0     -192.0       -2.0        9.0       -1.0        4.0      -10.0        2.0        3.0       -7.0       -1.0       -3.0        3.0       -2.0        7.0       -3.0       -8.0        9.0       -7.0        3.0        6.0       -5.0       -6.0       -9.0       -8.0        3.0        2.0        1.0       -5.0       -4.0        5.0        0.0       -5.0       -6.0       -8.0        7.0        8.0 =    -1386.0
     -10.0        4.0        8.0     -156.0        3.0       -2.0        9.0       -4.0       -1.0       -7.0        8.0        4.0       -7.0       10.0       -4.0        1.0        1.0        2.0        5.0       -1.0        1.0        8.0       -3.0        6.0        8.0       -5.0       -1.0        1.0        3.0       -1.0        0.0       -5.0       -3.0       -1.0       -6.0       -2.0        2.0        3.0 =     -924.0
       6.0       10.0        2.0        1.0     -175.0       -4.0       -9.0        0.0       -7.0        0.0        0.0       -3.0        4.0       -2.0        8.0        8.0       -5.0        3.0       -3.0        3.0       -9.0        1.0        4.0       -6.0        2.0        2.0       -3.0        9.0       -2.0        8.0        7.0       -8.0       -4.0       -2.0        5.0      -10.0        3.0        6.0 =    -1440.0
      -4.0       -5.0       -8.0        8.0       -6.0      188.0        6.0       -9.0        2.0        5.0       -2.0        3.0       -8.0        7.0       -4.0       -5.0        3.0       -5.0       -3.0        7.0        2.0        1.0       -7.0        5.0        6.0       -2.0        7.0       -4.0        8.0       -6.0       -3.0       -1.0        7.0        6.0        9.0        8.0       -1.0        0.0 =     1230.0
       1.0        0.0        1.0       -4.0       -3.0       -7.0     -184.0       -7.0       -2.0        5.0        5.0        6.0        6.0        0.0       -4.0        8.0        7.0       -1.0        7.0       -6.0        6.0        7.0        4.0        5.0       -8.0        1.0        9.0        1.0        8.0       10.0       -2.0        9.0       -8.0        7.0       -2.0        5.0        2.0       -3.0 =      363.0
       6.0        8.0        9.0       -9.0       -4.0        1.0        6.0     -192.0       -5.0        3.0       -1.0        3.0        6.0       -3.0        4.0        7.0       -4.0      -10.0       -7.0       -8.0       -9.0        0.0        0.0       -4.0       -3.0        9.0       -2.0       -6.0       -6.0        3.0       -6.0        9.0       -5.0        9.0        4.0        5.0        5.0        1.0 =     -930.0
      -4.0       -7.0       -7.0        0.0       -5.0       -1.0        0.0        6.0     -184.0       -9.0        2.0       -9.0        9.0        1.0        1.0       -7.0      -10.0       -8.0        6.0       -1.0        7.0        3.0      -10.0       -6.0       -7.0       -1.0        0.0       -2.0       -8.0        7.0        3.0       -1.0       -6.0       10.0        6.0       -2.0       -5.0        6.0 =     -466.0
       8.0       -5.0        6.0       -6.0        5.0        3.0        7.0       -9.0       -5.0     -199.0        8.0       -4.0       -3.0        3.0        0.0       -4.0        1.0        8.0       -8.0        8.0        9.0       -6.0       -8.0       -8.0       -5.0        3.0        1.0        5.0       -9.0       -8.0       -4.0        9.0       -1.0        5.0        2.0        2.0       -4.0       -2.0 =     -410.0
       8.0       -7.0       -5.0      -10.0       -3.0        2.0       -1.0        2.0       -7.0       -6.0     -183.0        7.0       -9.0        3.0        2.0        9.0        0.0        2.0       -6.0        3.0        6.0       -2.0       -7.0       -5.0       -5.0       -3.0        4.0        9.0        7.0        1.0       -8.0       -8.0        0.0       -6.0       -1.0       -2.0        7.0       -1.0 =    -2130.0
      -4.0        7.0       10.0       -2.0        4.0        1.0       -2.0       -7.0       -4.0        4.0       -7.0      183.0        3.0        9.0       -1.0        1.0        6.0        3.0       -4.0        5.0        9.0       -3.0       -4.0        6.0        8.0        0.0       -4.0       -5.0        9.0       -1.0       -8.0       -6.0        8.0       -4.0        6.0        5.0       -2.0        6.0 =    -1125.0
       2.0        6.0        4.0        9.0        8.0       -2.0       -2.0        4.0        0.0        8.0       -9.0        8.0      207.0        8.0       -6.0       -4.0        8.0      -10.0        7.0       -6.0      -10.0        0.0        1.0       -8.0       -5.0       -8.0       -2.0        5.0       -2.0        6.0        2.0        4.0        7.0        8.0       -9.0       -2.0        4.0       -6.0 =     1800.0
      -7.0       -7.0       -6.0        1.0       -2.0        9.0       -2.0        5.0       -6.0       -1.0       -4.0       -5.0      -10.0     -175.0      -10.0       -1.0        2.0        8.0       -8.0        4.0        0.0        5.0        7.0      -10.0        3.0       -4.0       -4.0       -4.0       -6.0       -6.0        0.0        6.0       -2.0       -5.0        4.0        0.0        0.0       -6.0 =     -237.0
      -3.0       -4.0       -6.0        9.0       -6.0       -7.0        2.0        1.0        0.0       -7.0        6.0        2.0       -9.0        0.0     -195.0       -6.0        1.0       -7.0        4.0        8.0       -3.0       -9.0       10.0        7.0        8.0       -1.0        7.0        4.0       10.0        6.0       -7.0       -2.0       -7.0       -7.0        4.0        5.0        2.0        3.0 =    -1870.0
      -6.0        9.0        5.0       -6.0       -9.0       -8.0       -5.0       -3.0       -9.0        0.0        1.0       -4.0      -10.0        3.0        6.0     -177.0        3.0        7.0       -2.0        6.0        9.0        1.0       -3.0        5.0       -1.0       -6.0        1.0        2.0       -5.0       -4.0        4.0       -1.0       -1.0       -6.0        7.0        0.0        7.0       -4.0 =    -1552.0
      -7.0       -9.0        1.0        4.0        5.0       -6.0        1.0       -5.0        4.0        5.0       -4.0      -10.0       -9.0       -6.0      -10.0        2.0      186.0        7.0        6.0       -3.0       -5.0        3.0        6.0       10.0       -1.0        0.0        3.0        9.0       -2.0       -4.0       -8.0        5.0       -7.0       -1.0       -6.0       -7.0        4.0        0.0 =     -302.0
       2.0       -7.0       -5.0       -2.0       -5.0        0.0       -5.0       -7.0        1.0        2.0        9.0       -3.0        1.0        9.0       -3.0        1.0        3.0      150.0       -1.0       -2.0        4.0        0.0       -3.0       -8.0        3.0       -6.0        1.0       -1.0       -8.0        8.0       -4.0       -4.0        9.0        6.0        2.0       -9.0        0.0       -1.0 =      254.0
       3.0       -2.0        6.0       -7.0      -10.0        3.0       -5.0       -1.0        7.0        2.0       -5.0       -2.0        1.0        8.0       10.0       -4.0      -10.0       -8.0     -193.0       -2.0        6.0        4.0        0.0        0.0       -8.0       -6.0       -8.0        4.0        4.0      -10.0       -3.0       -3.0        8.0       -1.0        5.0        8.0        5.0        5.0 =     -597.0
       9.0       -1.0        8.0       -1.0        1.0       -3.0       -4.0       -3.0       -4.0       -5.0        8.0       -3.0        8.0       -4.0        3.0        2.0        4.0        9.0       -9.0     -212.0       -7.0        8.0       -5.0       -7.0       -7.0       10.0       -8.0        9.0       -2.0       -5.0        4.0        8.0        9.0        5.0       -1.0        6.0       -4.0        9.0 =     1225.0
       3.0        1.0        4.0       10.0       -3.0        5.0        5.0        0.0        4.0       -3.0        1.0        7.0        6.0       -7.0       -1.0        3.0       -7.0       10.0      -10.0        1.0      169.0        4.0        2.0       -2.0        4.0       -2.0       -9.0       -4.0        3.0        0.0       -4.0        6.0        9.0        5.0        3.0       -4.0        6.0      -10.0 =      615.0
      -3.0       -6.0        3.0       -7.0       -6.0        2.0       10.0        3.0       -4.0        5.0       10.0       -4.0        2.0        1.0       -3.0        3.0       -5.0        2.0       -4.0        6.0        3.0     -171.0       -1.0       -8.0       10.0        3.0        5.0       -1.0        8.0        2.0        0.0        4.0       -5.0        1.0       -9.0        6.0        5.0       -5.0 =     -592.0
      -9.0        4.0       -9.0       -4.0       -8.0       -8.0        4.0       -7.0      -10.0       -7.0       -4.0       -8.0        0.0        9.0        7.0        0.0        5.0       -7.0        1.0       -7.0        4.0        9.0     -193.0       -1.0        4.0       -2.0        8.0       10.0       -2.0       -8.0       -3.0       -4.0       -2.0        0.0        0.0        9.0       -8.0        0.0 =     -237.0
      -3.0      -10.0       -7.0        5.0       -3.0       -5.0        2.0       -1.0       -3.0        2.0       -8.0        0.0       -9.0        4.0        7.0        4.0       -2.0       -1.0      -10.0       -3.0        0.0       -5.0       -1.0     -185.0       -5.0       -6.0        3.0       -5.0       -6.0       -9.0        7.0       -8.0        4.0       -5.0        7.0       10.0       -3.0        7.0 =      964.0
      -2.0       -5.0        2.0        5.0        6.0        8.0        8.0       -6.0       -5.0        8.0        6.0        6.0        1.0       -2.0        5.0       -9.0       -7.0        3.0        1.0        0.0       -7.0        5.0        7.0       -9.0     -205.0       10.0        8.0       -3.0       -6.0        2.0        2.0       -9.0        9.0        7.0        5.0        8.0       -8.0        0.0 =     1449.0
       6.0        4.0        7.0      -10.0        1.0        4.0        5.0       -2.0       -4.0        0.0       -1.0        8.0        1.0        2.0        6.0        0.0        5.0      -10.0       -6.0       -1.0        3.0        9.0       -8.0       -2.0        6.0     -168.0        1.0        1.0        0.0        5.0       -6.0       -4.0       -6.0        9.0        3.0        1.0       -7.0        9.0 =     -834.0
       7.0       -2.0        9.0       -4.0       -1.0       -3.0       -8.0        4.0        6.0        8.0        6.0        4.0       -6.0       -8.0       -1.0       -9.0        6.0        0.0       -5.0       -2.0       10.0        4.0        2.0       -4.0       10.0        6.0      196.0       -7.0        7.0      -10.0        2.0        9.0        4.0        1.0       -5.0        1.0        3.0       -3.0 =     1135.0
      -7.0       -1.0        9.0       -6.0        6.0        6.0        5.0       -8.0       -4.0       -8.0       -6.0       -4.0        0.0       -2.0       -8.0        4.0        8.0       -8.0        2.0        8.0        2.0      -10.0       -6.0        3.0        2.0        0.0       -3.0      186.0       -8.0        4.0       -4.0        3.0       -2.0       -8.0        1.0        1.0        9.0       -3.0 =     -153.0
      -1.0        7.0       -5.0      -10.0        6.0        3.0        7.0        1.0       -7.0        6.0        9.0       -1.0        0.0       -5.0        3.0       -6.0        7.0        0.0        8.0       -8.0        5.0        7.0       -4.0       10.0       -9.0       -7.0        5.0        6.0     -200.0        3.0        6.0        1.0       -1.0       -5.0       -4.0       -8.0        7.0        8.0 =    -1162.0
      -8.0       -5.0        1.0        9.0        5.0        0.0       -8.0        9.0        1.0        5.0        8.0        1.0        0.0       -1.0        6.0       -6.0        0.0        7.0       -9.0        4.0        4.0       -6.0        1.0       -3.0        5.0        4.0       -9.0        4.0       -5.0     -192.0       -8.0        8.0        6.0       -7.0        4.0       -3.0       -9.0       -7.0 =      582.0
      -5.0       -5.0        4.0        3.0        4.0        4.0       -9.0       -6.0       -3.0        2.0        1.0        4.0        7.0        5.0        0.0        8.0        2.0        5.0       -2.0       -1.0       -9.0       -8.0        7.0        1.0        9.0       -7.0        4.0       -1.0        3.0       -3.0      165.0       -6.0        5.0        1.0        1.0       -2.0        8.0       -3.0 =     -732.0
       1.0        9.0        1.0       -1.0        3.0        8.0        7.0       -5.0       -3.0        4.0       -3.0        8.0       -6.0        0.0       -2.0        6.0        9.0        2.0       -7.0       -6.0       -2.0        4.0        0.0        3.0       -8.0       -1.0        9.0       -6.0       -5.0       10.0       -4.0      184.0        7.0       -9.0        0.0        5.0       10.0        8.0 =    -1610.0
       8.0       -8.0       -3.0        4.0        7.0       -2.0        6.0        4.0        2.0       -9.0       -1.0        6.0        2.0      -10.0       -2.0       -2.0        4.0        2.0       -8.0       -6.0       -6.0      -10.0        0.0       -3.0       -2.0        1.0        5.0       -9.0       -8.0       -4.0       -8.0       -2.0     -192.0       -9.0       -3.0       -6.0       10.0       -8.0 =    -2600.0
      10.0        9.0       -3.0        9.0       -1.0        9.0        4.0       -2.0        5.0       -5.0       -3.0        6.0       -9.0       -6.0       -7.0        8.0       -9.0        8.0        7.0       -5.0        4.0        0.0        9.0        1.0        9.0       -6.0       -7.0        5.0       -8.0      -10.0        6.0        5.0        2.0     -220.0        4.0       -4.0       -7.0       -1.0 =     -193.0
     -10.0       -6.0       -6.0        5.0       -7.0       -6.0       -2.0        9.0        7.0       -4.0        0.0        8.0       -2.0       -7.0       -9.0       10.0        9.0       10.0        6.0       -3.0       -9.0        8.0        9.0        6.0       -4.0       -3.0       -2.0       -6.0       -3.0        3.0        0.0       -2.0        6.0        1.0     -198.0       -2.0       -3.0       -5.0 =      404.0
       1.0       -2.0       -7.0       -2.0       -2.0        3.0       -3.0       -3.0       -3.0        6.0       10.0       -1.0        1.0       -3.0       -1.0       10.0       10.0        0.0       -2.0       -9.0       -4.0       -7.0        3.0       -8.0       -2.0        6.0       -7.0        2.0        4.0       -3.0      -10.0        3.0        6.0       -6.0       -6.0      169.0        1.0       -5.0 =        0.0
      -8.0        8.0        5.0      -10.0       -5.0        0.0        5.0      -10.0       -5.0       -2.0       -2.0       -4.0        1.0        6.0        2.0       -5.0        3.0        4.0        6.0        1.0        3.0       -4.0        8.0        0.0        6.0        4.0        9.0       -2.0       -2.0        3.0        1.0        3.0       -5.0       -2.0       -9.0       -9.0      171.0        7.0 =     1720.0
       6.0        3.0       -4.0        6.0        4.0        2.0       -1.0        8.0        4.0        2.0        3.0       -1.0       -7.0       -6.0        9.0      -10.0        5.0        5.0       -1.0        3.0        5.0       -5.0        6.0       -6.0        3.0        3.0       -2.0        0.0        2.0        0.0        1.0        3.0       -7.0       -9.0       -5.0       -4.0       -5.0     -156.0 =        0.0

      -3.0       -9.0        6.0        7.0        9.0        6.0       -3.0        5.0        2.0        2.0       10.0       -5.0        8.0        1.0       10.0        8.0       -2.0        2.0        3.0       -7.0        3.0        4.0        1.0       -4.0       -9.0        6.0        5.0       -1.0        7.0       -3.0       -4.0       -7.0       10.0        1.0       -2.0        0.0       10.0        0.0
