40
    -167.0       -5.0       -9.0        2.0       -4.0       -2.0       -4.0       -8.0        5.0       -3.0       10.0       -2.0       -8.0        0.0       -4.0      -10.0        3.0       -4.0       -5.0        3.0        9.0       -3.0        2.0        1.0        2.0        1.0       -7.0       -1.0        4.0       -9.0       -6.0        2.0        5.0        4.0       -1.0        6.0        6.0       -2.0       -1.0        1.0 =    -1393.0
      -9.0      201.0       -5.0       -1.0       -5.0       -1.0       -9.0        2.0       -4.0       -5.0        4.0       -2.0       -5.0       -9.0        6.0        9.0        1.0        8.0       -4.0       -4.0       -7.0       -9.0        5.0        0.0       -9.0        5.0        7.0       -8.0        9.0       -9.0        3.0       -1.0       -1.0       -7.0       -6.0        0.0       -7.0       -1.0        3.0        4.0 =    -1112.0
       9.0        6.0     -178.0       -8.0        1.0        6.0        3.0       -5.0        7.0        2.0        8.0       -1.0       -5.0        4.0       -4.0        0.0       -6.0        2.0        5.0       -4.0       -6.0        5.0       -5.0        8.0        1.0        4.0       -7.0        7.0       -1.0        0.0        5.0       -7.0        3.0        4.0        8.0       -3.0        3.0        4.0       -3.0       -1.0 =    -1251.0
      -5.0       -2.0        8.0     -187.0       -6.0       -5.0        5.0        9.0       -2.0       -5.0        6.0       -6.0        3.0       -2.0       -9.0        5.0        8.0        0.0       -5.0       -3.0       -6.0        1.0        5.0       -6.0        6.0        7.0        6.0        6.0       -4.0       -3.0       -4.0       -1.0        4.0        3.0        1.0        0.0       -3.0       -9.0        6.0       -9.0 =     1544.0
      -9.0       -9.0        1.0       -2.0      195.0       -4.0        7.0       -1.0       -6.0       -6.0       10.0       -3.0        3.0       -3.0      -10.0        2.0        9.0        4.0       -8.0        6.0       -9.0        9.0        2.0        7.0        2.0       -2.0        8.0        0.0       -9.0       -6.0       -2.0        5.0       -1.0        6.0       -2.0       -2.0        2.0       -1.0       -9.0       -1.0 =     1557.0
      -5.0        0.0       -4.0        2.0        4.0      180.0        7.0       -7.0       -2.0        8.0       -1.0       -9.0        1.0       -8.0        0.0        8.0      -10.0        5.0        3.0        3.0        7.0        0.0       -6.0       -1.0        3.0       -6.0       -4.0        4.0       -9.0        9.0        6.0        2.0       -3.0        1.0        2.0       -7.0        5.0        2.0       -1.0       -9.0 =    -1020.0
      -8.0        3.0        6.0        0.0       -1.0        6.0     -202.0       -6.0       -7.0       -4.0       -3.0        8.0        1.0        4.0        6.0        1.0        0.0       -4.0       -6.0       -4.0       -5.0        8.0       -1.0        1.0        9.0       -4.0       -1.0       -9.0       -6.0       -9.0        0.0        2.0        7.0        7.0        8.0       10.0       -8.0        8.0      -10.0       -3.0 =    -1030.0
       1.0       -5.0       -4.0       -4.0        6.0        5.0        4.0     -187.0       -9.0       -2.0       -8.0       -5.0       -1.0       10.0       -1.0       -2.0       -6.0        3.0       -1.0       -9.0        3.0        5.0       -3.0       -8.0       -8.0        3.0       -6.0        4.0       -2.0       -8.0      -10.0       -3.0       -7.0        7.0       -3.0        4.0       -6.0        1.0        0.0       -3.0 =     1020.0
      -5.0        6.0        1.0        6.0        2.0        6.0      -10.0        3.0      213.0        7.0        6.0        6.0       -6.0       -7.0       -7.0        8.0       -4.0       -9.0       -6.0       -6.0        4.0       10.0       -5.0       -7.0        8.0        4.0        6.0        3.0       -1.0        1.0       -3.0        7.0       -4.0       -5.0      -10.0       -9.0       -1.0        0.0        2.0       -8.0 =     -784.0
       5.0       -1.0       -7.0        8.0        3.0       -7.0        5.0       -2.0        7.0      197.0       -3.0        7.0        3.0       -7.0       -7.0        4.0       -1.0        7.0        1.0       -2.0       -5.0        8.0        5.0        5.0        9.0        4.0        4.0        5.0        3.0        6.0       -6.0       -3.0       -6.0        4.0       -7.0       -2.0        2.0        7.0      -10.0       -6.0 =      454.0
      -4.0        2.0        9.0        6.0       -3.0       -5.0        3.0        0.0        5.0       -7.0     -165.0       -2.0       -5.0       -6.0        2.0       -4.0        5.0        1.0        4.0       -4.0       -7.0       -6.0        4.0        9.0        9.0       -2.0       -1.0        6.0        4.0       10.0       -2.0       -2.0        4.0       -1.0        0.0        1.0        0.0       -7.0        9.0        1.0 =      417.0
      -1.0        0.0       -8.0       -2.0       -7.0       -7.0       -7.0       -6.0       -3.0        9.0        2.0     -193.0        1.0        0.0        6.0       -2.0       10.0       -1.0       -9.0       -4.0        1.0        8.0       -4.0        2.0        5.0       -9.0       -7.0        5.0       -7.0       -6.0       -1.0        8.0        1.0        5.0       -8.0        7.0       -6.0       -9.0       -1.0       -1.0 =    -1195.0
       5.0        0.0       -4.0       -8.0        7.0        4.0       -2.0       -1.0        6.0       -3.0        3.0        3.0      211.0       -9.0       -2.0       -2.0       -3.0       -7.0        8.0        9.0        5.0       10.0       -8.0        9.0        9.0       -3.0       -9.0        9.0       -5.0       10.0       -4.0        1.0       -5.0       -2.0      -10.0       -1.0        2.0       -3.0       -6.0       10.0 =     1568.0
       6.0        3.0       -2.0      -10.0        0.0      -10.0        8.0        1.0        3.0       -2.0       -2.0       -4.0        3.0     -197.0       -8.0       10.0       -3.0       -5.0        8.0       -4.0       -3.0        7.0       10.0        8.0        3.0        9.0       -5.0       -2.0       -2.0        9.0        0.0        4.0        5.0        8.0       -9.0       -8.0       -3.0        0.0       -5.0        1.0 =      534.0
      -4.0       -3.0        7.0       10.0       -2.0        4.0        8.0       10.0        3.0       -5.0       -2.0      -10.0        5.0       -6.0      213.0        4.0        3.0        7.0       -5.0        7.0        8.0        1.0       10.0       -1.0       -1.0       10.0       -9.0       -4.0       -8.0       -3.0        3.0       -2.0       -5.0        7.0        4.0       -5.0        1.0        5.0       -7.0        6.0 =      762.0
       2.0       -7.0        5.0       -9.0       -2.0        6.0       -5.0        9.0        6.0       -8.0        0.0        0.0       -2.0        1.0        5.0      212.0        6.0       -5.0        8.0       10.0       -5.0        6.0        9.0       -7.0        4.0        5.0        2.0        5.0        3.0        9.0        2.0       -9.0       -6.0       -8.0       -6.0       -9.0       -8.0        1.0       -3.0       -7.0 =     1890.0
      -7.0       -7.0       10.0        4.0        7.0        2.0        8.0        5.0        7.0        6.0        9.0       -3.0       -1.0       -5.0       -2.0        3.0      198.0       -8.0       -4.0        2.0       -5.0        6.0       -5.0       -5.0       -3.0        8.0        3.0       -1.0       -4.0       -2.0        3.0        2.0        5.0        8.0       -8.0       -8.0       -4.0        9.0       -1.0       -4.0 =     -872.0
       7.0        2.0       -3.0        9.0       -4.0        8.0        0.0       -5.0       -9.0        1.0        4.0        9.0       10.0       -8.0       -7.0       -4.0        2.0      223.0        4.0        2.0       -3.0        5.0        9.0       -9.0        7.0        8.0       -3.0       -6.0        4.0       -3.0        1.0       10.0       10.0        9.0       -2.0        1.0        3.0       -8.0        6.0        9.0 =    -1156.0
      -2.0        1.0        7.0        2.0        1.0       -8.0       -2.0        2.0        7.0        0.0       -1.0        9.0       -4.0        7.0       -1.0        9.0        2.0       -3.0      175.0       -1.0        3.0       -3.0        9.0        7.0       -2.0        5.0       -4.0        6.0        4.0        8.0        5.0       -1.0        0.0       10.0        2.0       10.0        9.0       -2.0       -6.0       -2.0 =      774.0
      -2.0       -9.0       -8.0        3.0       -5.0        0.0       -3.0        2.0        9.0       -9.0        3.0        7.0       -3.0        9.0       -7.0        5.0       -4.0        3.0        9.0      186.0       -5.0        6.0       -1.0       -9.0       -4.0        8.0        5.0       -2.0        0.0        9.0       -1.0       -5.0        1.0        0.0        6.0       -4.0        6.0       -2.0       -7.0       -3.0 =      368.0
       4.0        1.0       -6.0       -3.0        0.0        4.0        9.0       -2.0        4.0       -6.0        2.0        8.0       -4.0       -2.0       -7.0       10.0        8.0        7.0       -9.0        2.0     -208.0       -4.0        4.0        9.0        1.0        9.0       -7.0        9.0        7.0        4.0       -3.0       -4.0      -10.0       -5.0        8.0        1.0       -2.0       -4.0       -9.0        9.0 =     -350.0
      -7.0       -8.0       -2.0        7.0        1.0        2.0        1.0        4.0       -8.0        9.0       10.0       -3.0        5.0       -7.0        4.0       -2.0       -1.0        3.0        2.0        9.0       -2.0     -177.0       -3.0        2.0        9.0       -7.0       -4.0        1.0        8.0        5.0        0.0       -3.0        4.0       -2.0       -5.0       -6.0        7.0       -2.0       -5.0       -4.0 =      330.0
       7.0        6.0        5.0        1.0        2.0       -2.0       10.0       -4.0       -6.0       -8.0       -4.0       -6.0        6.0       -9.0        9.0        9.0       -9.0       -1.0       -2.0       -5.0       -6.0       -1.0     -217.0       -3.0        6.0       -1.0       -5.0       -7.0        5.0       -9.0       -4.0       -5.0        8.0        4.0        9.0        8.0        7.0       -1.0        9.0       -3.0 =      621.0
       9.0        6.0        4.0       -3.0       -5.0        6.0       -6.0       -1.0        6.0        0.0       -8.0        0.0        1.0       -6.0       -8.0        8.0        6.0        2.0       -3.0       10.0        6.0        2.0       -8.0     -189.0        5.0        0.0       -9.0       -3.0       -7.0       -4.0        8.0        5.0        2.0        4.0        7.0       -1.0       -1.0       -5.0       -8.0        2.0 =    -1232.0
      -1.0       -8.0       -8.0       -1.0        3.0        5.0       -1.0        9.0        2.0       -6.0       -2.0       10.0        4.0       -8.0        8.0       -4.0        3.0        5.0        3.0       10.0        5.0        2.0        8.0        0.0     -179.0        5.0       -3.0       -5.0        0.0       -5.0       -1.0        0.0        9.0       -9.0       -5.0        4.0       -1.0        1.0        6.0        2.0 =     -858.0
      -5.0       -5.0       -3.0        5.0        8.0       -8.0      -10.0        3.0        6.0       -7.0        0.0        7.0        8.0        1.0        6.0       -7.0       -6.0        9.0       -6.0        0.0      -10.0       -8.0       10.0        4.0        1.0      218.0        1.0        7.0        9.0       -6.0       -8.0        5.0        4.0        0.0       -5.0        0.0        7.0       10.0       -2.0       -5.0 =    -1140.0
       1.0        3.0       -7.0        0.0        9.0       -3.0        0.0        9.0        3.0       -4.0        1.0        9.0        9.0        7.0        0.0        0.0       -5.0        2.0        0.0        5.0        8.0       -3.0      -10.0        9.0        4.0       -7.0      209.0       10.0        2.0       -8.0        6.0        6.0       -8.0        7.0       -2.0        3.0        5.0       -9.0        6.0       -9.0 =    -1548.0
      -5.0       -9.0        9.0        2.0        7.0       -1.0        0.0       -5.0       -3.0        0.0       -2.0        4.0        4.0        1.0       -7.0       -6.0       -4.0        3.0       -5.0       -6.0       -2.0        9.0       -2.0       10.0       -7.0        0.0        1.0     -198.0       10.0       -8.0        4.0        6.0       -8.0       -1.0       -8.0        7.0        8.0        9.0       -6.0       -9.0 =     1040.0
       8.0       -3.0       -9.0       -9.0        2.0        2.0        7.0        4.0        0.0       -3.0       -8.0        6.0       -3.0       -2.0       -6.0        2.0        8.0        9.0        1.0       -9.0       -7.0        7.0       -7.0       -6.0       -9.0       -9.0        3.0      -10.0     -226.0       -3.0        1.0        5.0       -6.0       -8.0       -6.0        1.0        9.0       -7.0       -8.0       -6.0 =     1475.0
      -9.0       -4.0        8.0       -8.0       -9.0      -10.0        3.0       -4.0       -9.0        4.0       -6.0       -3.0       -6.0        9.0        5.0        9.0       -9.0       10.0        7.0       -8.0       -1.0        9.0        0.0       -2.0        7.0       -6.0        6.0       -6.0        9.0     -232.0        7.0       -9.0       -7.0       -3.0       -2.0        6.0       -6.0        1.0       -3.0        1.0 =      261.0
       8.0        5.0       -2.0      -10.0        4.0        0.0       -5.0        8.0        4.0       -2.0       -1.0       -9.0       -3.0       -5.0       -1.0        5.0       -2.0       -7.0      -10.0        3.0       -2.0        0.0       -4.0        1.0       -9.0       10.0       -9.0        3.0       -8.0        4.0      194.0       -8.0        4.0        5.0       -4.0        7.0       -2.0       -6.0        1.0        6.0 =     -163.0
     -10.0       -3.0        8.0        6.0        5.0       -9.0        7.0        9.0        0.0        0.0       -3.0       -6.0        1.0        6.0        9.0        4.0        5.0        4.0        2.0        8.0        3.0       -1.0       -1.0       -1.0       -6.0        0.0       -7.0      -10.0        8.0        2.0        9.0      213.0      -10.0        8.0        8.0        0.0       10.0        7.0       -5.0        8.0 =     -556.0
       6.0        4.0       -3.0        4.0        2.0       -4.0        1.0       -1.0       -5.0       -6.0        4.0        7.0       -7.0        1.0       -9.0        9.0       -3.0      -10.0        5.0        5.0       -3.0       -4.0        8.0       -4.0       -6.0       -8.0       -8.0       -2.0        2.0        0.0        9.0        1.0      193.0       -9.0        7.0        2.0        2.0        2.0        9.0        2.0 =     -965.0
       0.0        8.0        9.0       -3.0       -4.0       -9.0        7.0      -10.0        2.0        0.0       -3.0       -9.0        9.0        6.0       -7.0        9.0       -2.0       -5.0        8.0        9.0        8.0       -5.0        5.0       10.0        3.0        2.0       -4.0        0.0      -10.0       -9.0        8.0       -9.0        3.0      230.0        9.0        6.0        2.0       -1.0       10.0        5.0 =    -1390.0
      -1.0      -10.0       -3.0        3.0        6.0        1.0       -5.0       -2.0       -1.0       10.0        4.0       -8.0       -1.0        5.0       -1.0       -1.0       -8.0        3.0       -8.0      -10.0        4.0       -5.0        2.0       -2.0        7.0        5.0       -8.0        2.0       -3.0        5.0        1.0       -1.0       10.0       -7.0      180.0        1.0        9.0       -4.0       -1.0        7.0 =    -1050.0
       9.0       -4.0        5.0        1.0       -5.0       10.0        9.0       -8.0       -5.0        6.0        2.0       -8.0       -7.0       -4.0        4.0        1.0       -6.0        7.0        6.0        3.0        1.0        2.0       10.0       -7.0       10.0       10.0       -2.0        0.0        3.0       -1.0        4.0       -8.0        4.0        4.0       -3.0      218.0       -6.0       -9.0        6.0      -10.0 =    -2178.0
       8.0        6.0       -6.0        4.0       -2.0        5.0       -7.0        4.0        7.0        2.0        4.0       -6.0        7.0       -4.0        1.0       -7.0       -2.0        4.0       -8.0        6.0       -9.0        5.0        5.0       -2.0        8.0        5.0       -2.0        1.0       -3.0        0.0        3.0       -8.0       -7.0        7.0       -5.0        2.0     -202.0        9.0        6.0        8.0 =    -1141.0
       1.0       -2.0       -2.0       -1.0        9.0        8.0       10.0       -7.0        4.0        8.0        6.0        0.0       -7.0      -10.0        1.0        1.0       -9.0       -8.0        8.0        8.0       -9.0       -8.0       -3.0        6.0       -4.0        1.0        4.0        3.0        4.0       10.0        9.0        6.0       -6.0        1.0        2.0        0.0       -3.0     -190.0        0.0       -1.0 =     1600.0
       4.0       -3.0       -5.0        8.0       -1.0        1.0       -4.0       -5.0        0.0        7.0       -4.0        1.0        7.0       -5.0       -7.0       -5.0       -7.0        4.0       -1.0        4.0        5.0        3.0       10.0        5.0      -10.0       -5.0        1.0        3.0        5.0        3.0      -10.0        3.0       -3.0       -9.0        1.0       -1.0        6.0       -9.0     -181.0        6.0 =     -752.0
       5.0        6.0        0.0        9.0       -8.0        8.0        4.0        9.0        6.0       -4.0        6.0      -10.0        2.0       -7.0        7.0        9.0        7.0        6.0       -8.0       -3.0       -6.0        5.0        0.0        7.0       10.0        2.0      -10.0       -2.0        7.0       -2.0       -4.0       -4.0        5.0       -5.0       -6.0        0.0       -9.0       -2.0       -4.0     -221.0 =     1365.0

       7.0       -8.0        9.0       -8.0        9.0       -6.0        5.0       -4.0       -4.0        2.0       -3.0        5.0        7.0       -3.0        3.0        9.0       -4.0       -4.0        3.0        2.0        2.0       -2.0       -3.0        7.0        6.0       -5.0       -6.0       -5.0       -5.0       -1.0       -1.0       -2.0       -5.0       -5.0       -6.0       -9.0        7.0      -10.0        4.0       -7.0
