40
     240.0        2.0        1.0        9.0       -9.0       -8.0        0.0       -3.0       -4.0        8.0       -1.0       -5.0       -7.0       -6.0       -4.0       -9.0        5.0       -8.0       -9.0        9.0       -8.0        8.0        9.0        4.0        0.0       -6.0        3.0       -9.0        6.0       -7.0       10.0        2.0       -8.0       -6.0       -9.0       -9.0        6.0       -9.0        6.0       -5.0 =    -1432.0
      -2.0      184.0       -7.0       -1.0       -8.0       -2.0        3.0       -2.0        3.0       -5.0        0.0        0.0       -6.0        5.0        4.0        1.0       -3.0        9.0        7.0        5.0        3.0        8.0        5.0        6.0       10.0       -6.0       -9.0       -2.0        7.0        0.0        0.0       -7.0        9.0       -8.0        3.0       -3.0       -7.0       -2.0        1.0      -10.0 =    -1098.0
       3.0        2.0     -174.0        7.0        2.0        3.0       -4.0        8.0        0.0        2.0       -7.0       -8.0       -6.0       -9.0       -2.0        4.0       -5.0        4.0       -4.0        7.0        0.0        5.0       10.0        4.0       -7.0        3.0        0.0        2.0       -4.0        1.0        4.0        6.0        0.0        7.0       -3.0      -10.0        2.0        6.0        4.0       -2.0 =     1490.0
      10.0        9.0       -7.0     -187.0       -4.0        7.0       -6.0        2.0       -5.0        1.0       -5.0        9.0        2.0       -9.0        8.0       -9.0       -3.0       -7.0       -4.0       -1.0       -4.0       -5.0        0.0       -7.0        0.0        7.0        2.0        0.0        3.0       -1.0        6.0        9.0       -9.0        1.0       -5.0       -2.0        2.0        5.0       -1.0       -5.0 =     1015.0
      -3.0        4.0        8.0       -3.0     -184.0        7.0       -6.0       -4.0       -2.0        1.0       -1.0        9.0       -7.0       -9.0        4.0        6.0       -1.0        3.0        2.0       -8.0       -9.0       -7.0       -5.0        2.0        3.0        3.0       -2.0        4.0       -2.0      -10.0        2.0        9.0        1.0        5.0       -1.0       -1.0       -7.0        8.0       -6.0       -9.0 =     1854.0
      -5.0        5.0        4.0        7.0       -9.0     -210.0       -2.0        0.0        9.0       -7.0       -4.0        6.0       -9.0       -9.0       -1.0        8.0       -5.0       -2.0        6.0       -6.0       -1.0        3.0       -4.0        3.0        6.0        6.0        1.0       -6.0       -8.0        9.0        6.0       -3.0       -5.0        7.0       -7.0        6.0        0.0       -8.0       -8.0       -4.0 =    -1848.0
       2.0        1.0       -7.0        8.0        0.0        7.0     -161.0        2.0        3.0        6.0        9.0        8.0       -4.0        1.0        1.0        1.0      -10.0       -2.0        6.0       -4.0        5.0       -4.0        0.0       -6.0        6.0        0.0       -2.0       -2.0        6.0       -4.0       -3.0       -1.0        3.0       -7.0        4.0       -1.0       -7.0        5.0        9.0        0.0 =     -660.0
       0.0       -7.0        3.0        5.0        5.0       -9.0       -2.0      184.0       -5.0        2.0        1.0       -9.0        9.0       -3.0       -6.0       -3.0       -6.0        4.0        2.0        1.0       -6.0       -9.0       -2.0       -7.0       -9.0       -2.0       -4.0       -2.0        2.0        8.0       -5.0        0.0       -3.0        0.0       -5.0        9.0       -7.0        8.0        5.0       -7.0 =      910.0
       3.0        0.0        3.0      -10.0        3.0        1.0       10.0       -8.0      224.0       -7.0       -8.0       -8.0       -3.0       -5.0      -10.0        7.0        5.0        7.0        7.0       -2.0        5.0       -1.0        7.0       -1.0        8.0      -10.0       -2.0       -8.0        9.0       -6.0       -6.0        8.0        5.0       -3.0        2.0        8.0       -2.0       -4.0      -10.0        5.0 =      426.0
      -1.0       -7.0        0.0       -5.0       -5.0        2.0       -9.0        2.0       -2.0      210.0       -4.0       -6.0      -10.0       -9.0       -1.0       10.0       -5.0       -9.0       -5.0        5.0       10.0        0.0        8.0        8.0       -8.0       -7.0      -10.0       -5.0        2.0       -8.0        2.0       -3.0        7.0        8.0       -1.0        0.0        8.0       -8.0        0.0        4.0 =      474.0
       0.0       -9.0        9.0       -2.0       -9.0       -1.0       -6.0        8.0       -7.0        2.0     -201.0        9.0       -6.0        2.0       -1.0       -1.0       -9.0        3.0        6.0       -8.0       -2.0       -6.0        1.0       -5.0       -8.0        1.0        6.0       -9.0        1.0       10.0        3.0        5.0        3.0        2.0       -5.0       -2.0        4.0       -9.0      -10.0       -9.0 =    -1000.0
      -3.0        3.0        0.0       10.0        1.0        9.0       -5.0       -5.0        1.0        9.0       -9.0     -196.0        1.0       -6.0        4.0       -6.0        3.0        5.0       -6.0       -5.0       -5.0       -1.0        6.0       10.0       -2.0       -6.0        7.0        2.0        7.0       -2.0        7.0        8.0       -7.0        8.0       -4.0        3.0       -1.0        3.0        7.0        8.0 =     -441.0
       4.0        4.0       -8.0        6.0        7.0        8.0       -2.0        8.0       -6.0        1.0        9.0        6.0     -187.0       -3.0        3.0        0.0        5.0       -9.0        7.0        6.0       -3.0        8.0       -3.0       -2.0       -9.0        4.0        0.0        1.0       -1.0       -6.0        7.0        0.0        6.0       -3.0       -6.0        9.0        5.0       -1.0       -2.0        8.0 =    -1032.0
       6.0       -4.0        2.0       -2.0        8.0        3.0       -9.0        3.0       -3.0        5.0       -2.0       -4.0        7.0      183.0       -3.0        4.0       -6.0       -3.0      -10.0        3.0       -8.0        5.0       -9.0        1.0       -6.0        5.0       -1.0        2.0        8.0       -1.0        6.0       -7.0        0.0        4.0       10.0        5.0        6.0       -6.0        3.0       -1.0 =      194.0
       0.0        0.0        0.0        2.0        9.0        3.0        5.0        2.0        8.0       -6.0        6.0       -8.0       10.0        7.0     -216.0        9.0        9.0       -9.0       -5.0        4.0       -8.0        4.0        1.0        0.0      -10.0        7.0       10.0       -4.0        9.0        1.0       10.0        8.0       -7.0       -1.0        0.0       -5.0       -6.0        6.0        9.0        3.0 =      715.0
       1.0        3.0       -7.0       -8.0        2.0        7.0       -9.0        4.0        3.0       -6.0       -1.0        0.0        7.0        5.0        6.0     -204.0       -5.0        8.0       -2.0       -4.0       10.0        3.0        5.0        1.0        7.0        9.0       -4.0       -9.0        1.0       -3.0       -8.0       -4.0        7.0       -6.0       -3.0       10.0        6.0       -1.0       -6.0        4.0 =     -362.0
      -4.0        8.0       -3.0        0.0        7.0       -5.0       -2.0       -5.0        6.0        9.0       10.0        4.0       -1.0       -1.0       -6.0        2.0     -178.0        3.0       -6.0       -2.0       -9.0        6.0       -4.0        5.0       -9.0       -5.0        4.0        1.0        9.0        6.0        1.0       -2.0       -3.0        6.0        4.0        4.0       -6.0        1.0        6.0        2.0 =    -1323.0
      -1.0        9.0       -3.0       -8.0       -1.0        4.0        8.0       -3.0       -6.0       -9.0        8.0        7.0        3.0        9.0       -5.0        4.0       -7.0      209.0       -3.0        9.0       -2.0        5.0       -9.0        1.0       -6.0       -7.0        5.0       -6.0        5.0        5.0        9.0        1.0      -10.0        2.0       -6.0        0.0       -1.0        0.0        9.0        5.0 =    -1120.0
      -6.0       10.0        0.0       10.0        0.0       -6.0        1.0       -4.0        3.0       -9.0        4.0       -3.0       -3.0        1.0        4.0       -6.0       -4.0       -5.0     -194.0       -6.0        5.0       -4.0        1.0        3.0       -6.0       -8.0        7.0      -10.0       10.0        5.0        1.0        7.0        8.0        9.0       -9.0       -2.0        2.0        0.0       -6.0       -6.0 =     2060.0
       7.0       -1.0       -6.0        4.0        4.0       -9.0        5.0       -5.0       -1.0        4.0       -3.0        1.0        2.0        1.0        7.0       -6.0       -2.0        7.0       -7.0      198.0        4.0       -6.0        9.0        2.0        2.0       -7.0       -3.0        4.0       -7.0        3.0        7.0       -2.0        3.0       -9.0        8.0        0.0        3.0       -9.0        8.0      -10.0 =     1800.0
       1.0       -4.0        2.0        7.0       -2.0        6.0        2.0       -3.0       -7.0       -7.0        7.0       -9.0        4.0        4.0        2.0       -4.0       10.0        4.0       10.0        6.0     -193.0       -2.0        7.0        1.0        8.0       -2.0        2.0        2.0       -6.0        9.0        8.0        3.0        2.0      -10.0       -9.0       -1.0       -5.0        0.0       -3.0       -7.0 =     1336.0
       9.0       -9.0       -4.0        1.0        6.0        0.0       -7.0       -8.0       -6.0        1.0       -6.0        8.0        3.0        2.0        4.0        7.0      -10.0        0.0       -3.0        4.0        7.0     -191.0       -1.0        1.0        7.0       -8.0        1.0       -9.0       -5.0        4.0        7.0       -4.0       -9.0       -1.0        7.0       -8.0       -2.0       -1.0       -6.0       -3.0 =     2220.0
       6.0        5.0       -9.0       -3.0       -3.0       -6.0      -10.0        7.0       -6.0       -4.0        4.0        7.0        7.0        7.0        0.0       -2.0       -2.0       -6.0       -2.0        9.0        2.0       -3.0     -197.0        6.0       -1.0        1.0      -10.0        8.0       -3.0        1.0        7.0        2.0        7.0        4.0        6.0        8.0       -2.0        9.0       -1.0        6.0 =     -604.0
     -10.0        6.0        5.0        9.0        3.0       -7.0       -2.0       -2.0        1.0       -2.0       -7.0       -7.0       10.0       10.0       -6.0       -7.0        5.0       -1.0        6.0       -1.0       -2.0        7.0       -4.0     -209.0       -9.0       -7.0        2.0        6.0       -8.0       -2.0        3.0       -2.0        5.0        8.0       -1.0        8.0        9.0       -3.0        7.0        1.0 =    -1504.0
      -1.0       -7.0       -7.0       -2.0       10.0        8.0       -8.0        4.0       -4.0       -1.0        6.0        3.0       -3.0       -6.0        9.0        7.0        2.0        4.0        5.0       -6.0        2.0       -8.0        7.0        1.0      191.0        1.0       -3.0        8.0        4.0       -4.0       -2.0       -2.0        2.0        2.0      -10.0        0.0        7.0        7.0       -9.0       -4.0 =    -1015.0
      -7.0        6.0       -4.0       -3.0       -5.0        9.0       10.0        0.0        4.0       -3.0        1.0        8.0       -6.0        9.0       10.0        5.0        6.0        0.0       -7.0        3.0        6.0       -1.0        1.0       -4.0       -3.0      190.0       -5.0       -8.0       -9.0        4.0        4.0        4.0        4.0       10.0        6.0       -2.0        1.0        0.0        2.0        9.0 =    -1715.0
       3.0       -3.0        6.0        4.0        6.0       -9.0        4.0       -4.0       -9.0      -10.0       -5.0       -6.0       -4.0       -5.0        6.0        5.0       -9.0        9.0       -2.0       -2.0       -6.0        9.0        0.0        3.0       -7.0        7.0      200.0       -5.0        8.0       -4.0        3.0        0.0        2.0       -1.0       -6.0       -6.0       -4.0        8.0       -3.0        6.0 =      179.0
      -2.0       -8.0       -6.0        0.0       -2.0        5.0        9.0       -7.0       -7.0        7.0       -9.0        9.0        8.0        6.0        4.0        6.0        6.0        6.0       -9.0        5.0       -1.0       -1.0        7.0       -5.0       -7.0        7.0        8.0      203.0        1.0        1.0       -6.0       -1.0       -3.0        0.0        4.0        4.0        0.0       -9.0        2.0       -8.0 =    -1302.0
      -5.0       -1.0        0.0       -9.0       -9.0       -2.0        9.0       -6.0       -6.0        7.0       -2.0       -6.0       -6.0        8.0       -4.0       10.0       -3.0       10.0       -3.0        8.0        0.0       -9.0       -8.0        4.0       -5.0        2.0        4.0        3.0      206.0        2.0       -2.0       -6.0        7.0        9.0        6.0        6.0        3.0        5.0        3.0       -5.0 =        0.0
      -7.0        4.0        1.0       -7.0       -3.0       -1.0        6.0        4.0        2.0        5.0       -8.0      -10.0       -5.0       -1.0       -5.0        4.0       -7.0        3.0        5.0        4.0       -1.0        8.0        1.0        0.0       -8.0       -4.0        7.0       -5.0        7.0      181.0        5.0       -7.0        1.0       -2.0        2.0        8.0       -1.0        9.0       -3.0       -8.0 =     1566.0
      -1.0       -6.0        0.0        9.0       -2.0       -9.0       -1.0       -5.0       -3.0        8.0        3.0        1.0       -6.0      -10.0        9.0        0.0        8.0        7.0        1.0       -9.0       -2.0        7.0        1.0        7.0       -4.0       10.0       -9.0        6.0        7.0        2.0      191.0       -6.0       -4.0       -6.0        0.0       -4.0        2.0        5.0        8.0        2.0 =     -207.0
      -7.0        5.0       -4.0        6.0       -2.0       -7.0        1.0        6.0       -8.0        1.0       -5.0        6.0        5.0       -1.0       -4.0        7.0       -6.0       -9.0      -10.0       10.0       -4.0      -10.0       -8.0        2.0       -4.0        6.0       -4.0       -3.0       -3.0        6.0       -9.0     -205.0        1.0        9.0       -5.0       -2.0       -3.0       -1.0        3.0       -4.0 =     1270.0
      -7.0        6.0        9.0       -2.0        5.0      -10.0        6.0        6.0       -5.0       -5.0        7.0        6.0       -3.0        0.0        1.0       -4.0       -3.0       -3.0        6.0        9.0      -10.0        5.0        0.0      -10.0        5.0        0.0       -9.0       -4.0       -7.0        0.0       -1.0        9.0     -183.0       -1.0       -1.0       -3.0        4.0        1.0       -3.0       -4.0 =     1158.0
      -2.0       -1.0       -8.0       -3.0        4.0        7.0       -9.0       -2.0       -2.0        9.0        5.0        7.0       -9.0        1.0       -2.0       -4.0        0.0       -9.0        8.0        5.0        5.0        8.0       -6.0      -10.0       -1.0       -7.0        6.0       -7.0       -6.0        7.0       -4.0       -1.0       -3.0      196.0       -2.0        7.0       -3.0        0.0        5.0        7.0 =     1674.0
      -8.0        0.0       -6.0        1.0        2.0       -4.0        7.0       -4.0        8.0       -4.0       -5.0        8.0       -9.0      -10.0        8.0        1.0        8.0       -7.0        6.0       -6.0       -7.0        8.0        8.0       -8.0      -10.0       -2.0       -1.0        1.0       -9.0        9.0        3.0       -9.0        3.0        6.0      216.0       -1.0        1.0        3.0        2.0        4.0 =     1015.0
       8.0        3.0        7.0        7.0        5.0       -4.0       -3.0       -7.0       -8.0       10.0        0.0       -2.0        6.0        4.0        2.0       -3.0        2.0       -5.0       -7.0       -9.0       -2.0       -8.0        0.0       -1.0        9.0       -3.0        2.0       10.0        5.0        8.0        6.0        1.0       -3.0        3.0       -8.0     -191.0        6.0        2.0        5.0        6.0 =      441.0
      10.0        0.0        3.0        6.0       -3.0       -4.0       -8.0       -4.0       -9.0       -3.0        1.0        7.0       -7.0        5.0        0.0       -2.0       -1.0       -1.0      -10.0        6.0        0.0        7.0       -2.0       -2.0        8.0       10.0       -7.0        1.0        7.0       -8.0       -2.0        4.0       -7.0        0.0        8.0        4.0      178.0       -6.0        0.0       -1.0 =    -1068.0
      -1.0        6.0       -3.0       -5.0       -7.0       -9.0      -10.0       -5.0        2.0        9.0        0.0        5.0        3.0        8.0        4.0        2.0        3.0       -5.0       -2.0        8.0        8.0       -9.0        0.0       10.0        8.0        7.0       -7.0        5.0        1.0        0.0       -9.0        1.0        4.0       -6.0        5.0        2.0       -4.0      199.0       -7.0       -7.0 =     -816.0
      -9.0       -6.0       -9.0       -5.0       -7.0        7.0       -9.0        9.0        2.0       -8.0        7.0      -10.0       -3.0        8.0        4.0        7.0        0.0        3.0       -1.0       -9.0        3.0       -6.0       -5.0       -4.0       -6.0        8.0       -6.0        0.0        3.0       -8.0       -1.0        0.0        7.0        5.0        6.0       -2.0        4.0       -2.0     -207.0       -6.0 =     -246.0
     -10.0       -6.0       -1.0        0.0       -6.0        8.0        2.0        7.0        1.0       -5.0       -2.0       10.0       -9.0        3.0       -9.0        3.0        8.0        9.0        9.0        8.0        8.0       -2.0       -9.0       -2.0       -4.0        0.0       -8.0        0.0       -8.0       -4.0       -5.0        4.0       -7.0      -10.0       -8.0        5.0        8.0       -1.0       -7.0      224.0 =     1940.0

      -8.0       -6.0      -10.0       -5.0       -9.0        8.0        5.0        7.0        2.0        3.0        4.0        3.0        8.0        1.0       -5.0        2.0        9.0       -5.0      -10.0        9.0       -8.0      -10.0        4.0        8.0       -5.0       -7.0        1.0       -6.0        0.0        9.0       -1.0       -5.0       -6.0        9.0        5.0       -3.0       -6.0       -4.0        1.0       10.0
