40
    -212.0       -7.0       -2.0       -2.0       -9.0        9.0        7.0        5.0      -10.0        5.0       -5.0       -2.0       -1.0        8.0       -7.0       -3.0        4.0        5.0       10.0       -5.0        2.0        6.0       -8.0       -7.0      -10.0       -8.0        4.0        6.0       -5.0        1.0        0.0       -9.0        2.0        5.0        0.0       -7.0       -1.0      -10.0       -6.0        5.0 =      756.0
      -1.0     -210.0       -8.0        2.0        4.0       -6.0        8.0       -7.0        1.0        8.0        9.0       -4.0        4.0        2.0        4.0       -7.0       -6.0       -4.0        4.0        5.0        7.0       -9.0        9.0       10.0        8.0       -8.0      -10.0        4.0        4.0       -7.0       -2.0       -1.0       -5.0        1.0       -1.0        7.0        1.0       -7.0       -9.0       -2.0 =     1060.0
       3.0       -2.0     -200.0       -2.0        6.0       -2.0       -5.0       -3.0       -9.0       -7.0       -7.0       10.0       -6.0       -6.0       -4.0       -9.0       -2.0       -5.0        8.0        7.0       -1.0        1.0        4.0        6.0        3.0        9.0        7.0        9.0       -1.0        0.0        8.0       -6.0       -6.0       -6.0       -9.0        3.0        6.0        5.0        3.0       -1.0 =        0.0
      -4.0       -1.0       -1.0     -212.0        3.0       -2.0        9.0      -10.0        1.0      -10.0       -9.0       -5.0       -2.0       -6.0        0.0        1.0        5.0       -2.0       -7.0       -6.0        8.0       10.0       10.0        8.0        1.0        0.0        8.0       -4.0        7.0       -8.0        7.0       -3.0       -4.0        5.0        9.0        6.0        7.0       -2.0       -3.0       -9.0 =     1025.0
       7.0       -6.0        7.0        2.0     -186.0        9.0        9.0        0.0       -1.0       -7.0        8.0        7.0       -3.0       -2.0        0.0        3.0        3.0        5.0        9.0        4.0       10.0       -1.0       -2.0       -9.0        9.0       -8.0        5.0        6.0        2.0      -10.0        0.0       -1.0       -8.0       -3.0        0.0        1.0       -6.0       -3.0       -6.0       -1.0 =    -1413.0
       6.0        2.0       -8.0        9.0        3.0      188.0       -4.0        5.0      -10.0       -2.0        5.0        7.0        4.0       -3.0        0.0       -1.0       -1.0        6.0        2.0       -4.0       -9.0        7.0       -8.0        1.0       -1.0        4.0       -5.0        9.0       -5.0        1.0        2.0        7.0       -2.0       10.0        5.0        8.0        0.0        6.0       -6.0       -7.0 =    -2210.0
      -7.0        3.0        3.0       -4.0       -5.0       -2.0     -180.0        3.0        1.0       -9.0        2.0        7.0        5.0        5.0       -5.0        4.0       -1.0       -6.0       -9.0        5.0       -3.0        2.0        3.0        5.0       -1.0        2.0       -7.0        6.0       -3.0        3.0       -3.0       -5.0        2.0        5.0       -9.0        5.0        1.0       -9.0        6.0       -9.0 =     1592.0
       7.0        4.0        3.0        9.0        5.0        5.0      -10.0      206.0       10.0       -9.0        7.0       -4.0        3.0        6.0       -2.0       -3.0        1.0       -7.0       -7.0        9.0        2.0       -5.0       -3.0        1.0       -5.0        8.0       -7.0        7.0        1.0       -1.0       -4.0       -5.0        9.0       -1.0       -9.0        3.0       -4.0       -7.0       10.0       -2.0 =     1989.0
     -10.0        7.0        2.0       10.0       -4.0        3.0       -7.0       -4.0      195.0       -4.0        1.0        3.0        3.0       -4.0        5.0       -5.0        4.0        7.0        0.0        2.0        1.0        4.0        9.0       -3.0       -6.0       -9.0       -5.0        3.0        6.0        6.0       -6.0        2.0        8.0       -6.0        6.0       -8.0        9.0        9.0       -1.0       -2.0 =     -663.0
       4.0        3.0       -8.0       -2.0        1.0        8.0        1.0       -2.0        8.0      196.0       -4.0       -9.0        3.0       -5.0        8.0        4.0        8.0        0.0        5.0        3.0        8.0        1.0        2.0        8.0       -4.0       -9.0        4.0       -6.0        6.0        3.0       -2.0        5.0        4.0        4.0       -2.0        8.0       -8.0       -7.0       -8.0        9.0 =      476.0
      -5.0       -8.0        7.0        5.0        8.0       -3.0       -4.0        9.0       -4.0       -7.0      208.0      -10.0        0.0        4.0        4.0        2.0       -7.0       -4.0       -8.0        7.0       -1.0       -3.0        5.0       -9.0        2.0        9.0       -3.0       -5.0        1.0        6.0       -6.0       -9.0       -3.0       -9.0        3.0        1.0       -8.0        8.0       -3.0       -3.0 =     1169.0
       6.0        5.0       -7.0       -1.0       10.0        6.0        4.0       -3.0       -2.0        4.0       -4.0      182.0        1.0        3.0       -7.0       -1.0       -8.0       -5.0        3.0       -3.0        0.0       -1.0       -4.0       -6.0        8.0       -2.0        9.0       -2.0        9.0        9.0        1.0        8.0        1.0        4.0        5.0        2.0       -1.0        9.0       -9.0        0.0 =     -223.0
      -3.0        9.0        6.0       -8.0       -1.0        3.0       -7.0        5.0        2.0       -5.0       -4.0        0.0     -202.0        9.0       -5.0       -1.0       -4.0       -8.0       -6.0        6.0       -7.0       -6.0        9.0       -9.0       -1.0        4.0       -4.0       -4.0       -3.0       -4.0        2.0        3.0        3.0       -9.0       -4.0        1.0       -8.0        6.0        7.0       -7.0 =     -980.0
      -5.0        9.0       -7.0       -5.0       -4.0        9.0      -10.0        5.0        1.0       -8.0       -2.0        5.0        6.0      221.0        4.0       -8.0       -1.0        9.0        6.0        9.0       -8.0        3.0        5.0        5.0        1.0        0.0       -4.0        7.0       -4.0        6.0       -5.0       -9.0       -2.0        5.0      -10.0        4.0        7.0       -9.0        4.0        2.0 =     2320.0
       1.0        8.0        6.0        7.0        9.0        6.0       -4.0       10.0        1.0       10.0       -6.0        5.0        7.0       -4.0      211.0       -2.0        0.0       -8.0       -5.0       -7.0        0.0        9.0       -1.0        4.0       -6.0        4.0        4.0        4.0        3.0        1.0        6.0       -8.0        9.0        7.0        1.0       -6.0       -6.0        6.0       -9.0        1.0 =    -2144.0
      -4.0        6.0       -9.0        1.0       -1.0        3.0        3.0       -7.0        8.0        4.0        7.0       -4.0        2.0        4.0        2.0     -187.0        2.0      -10.0       -2.0        5.0        7.0       -8.0       -3.0       -4.0       -2.0       -9.0       -9.0       -3.0        0.0        7.0       -1.0      -10.0       -2.0       -3.0        9.0       -5.0        0.0        5.0        3.0        5.0 =     -400.0
      -8.0       -5.0        5.0        2.0       10.0        8.0        8.0      -10.0        3.0        6.0        2.0       -1.0       10.0        0.0        3.0       -6.0     -214.0        1.0       -7.0      -10.0        5.0       -7.0       -9.0       -9.0        2.0       -7.0        7.0        5.0        4.0       -4.0       -9.0       -6.0       -9.0        8.0        2.0        0.0        1.0       -2.0        5.0        0.0 =     1356.0
       3.0        8.0        9.0       -8.0       -2.0       -5.0       -4.0        6.0        3.0       -4.0       -9.0       -7.0       -6.0        7.0       -7.0       -7.0        3.0      219.0        9.0        6.0        1.0        9.0        9.0       -4.0        6.0        2.0       -6.0        4.0       -6.0        0.0        9.0        3.0       -1.0       -5.0       -2.0       10.0        9.0        9.0       -9.0        0.0 =     1764.0
       9.0        3.0        6.0       -1.0        8.0        4.0       -6.0        8.0        0.0        1.0        6.0       -2.0        3.0        7.0       -8.0        9.0        0.0        3.0     -201.0       -8.0        1.0        9.0        4.0        6.0        4.0       -4.0       -1.0        8.0      -10.0        7.0       -8.0       -9.0       -7.0       -2.0        4.0       -6.0       -3.0       -7.0        3.0       -5.0 =     -525.0
      -7.0        8.0       -8.0        5.0        6.0       -9.0       -1.0        0.0       -9.0        8.0        4.0        6.0        2.0        6.0        0.0        1.0       -4.0       -6.0       -3.0      189.0       -2.0        4.0        7.0       -4.0        6.0        8.0       -6.0       -1.0        4.0        0.0        3.0       10.0       -7.0        8.0       -1.0        0.0        8.0        9.0       -1.0        3.0 =     -708.0
       8.0       10.0       -3.0       -7.0        7.0       -6.0       -7.0       -1.0        0.0      -10.0       -6.0       -8.0       -2.0        0.0        5.0        3.0       10.0       -5.0       -9.0       -2.0      205.0       -8.0        5.0       -8.0       -6.0        9.0       -2.0        2.0       -3.0        2.0       -5.0        5.0        7.0       -4.0        3.0       -8.0        3.0       -1.0       -8.0        3.0 =     1176.0
       7.0        5.0        2.0        2.0        3.0        5.0        7.0       -5.0       -3.0       -9.0       -4.0        3.0        1.0       -4.0        7.0        4.0       -2.0      -10.0        1.0        1.0        2.0     -165.0       -3.0        0.0        9.0       -1.0        2.0        6.0        5.0       -5.0       -2.0       -8.0       -5.0       -3.0        5.0        5.0       -7.0        5.0       -3.0        3.0 =      894.0
       8.0        4.0       -8.0        5.0       -8.0       -5.0       -2.0       -7.0        8.0        0.0        0.0       -7.0       -6.0        4.0       -5.0       -8.0        5.0        9.0        8.0        4.0       -5.0       -2.0     -197.0       -2.0        4.0       -6.0       10.0       -3.0        8.0       -6.0        1.0        0.0        0.0       -7.0       -2.0        3.0        7.0       -7.0       -4.0        3.0 =    -1030.0
      -6.0       -2.0        6.0       -5.0       -6.0        0.0       10.0       -6.0        3.0        6.0       -4.0       -4.0       -9.0       -9.0       -7.0        5.0        7.0        4.0       -6.0        1.0        8.0        1.0        4.0      225.0       -3.0       10.0        5.0       -8.0       10.0       -6.0       -8.0        7.0        3.0       -5.0       -8.0        6.0        0.0       -9.0       -7.0       -4.0 =    -1791.0
      -6.0       -8.0       -5.0       -9.0       -6.0       -1.0       -2.0       -5.0       10.0       -5.0       10.0       -3.0       -6.0       -2.0        4.0        4.0       -7.0       -6.0        7.0        2.0       -8.0       -3.0       -5.0       -9.0     -210.0       -6.0       -3.0        2.0       -6.0        3.0       -7.0        5.0       10.0        6.0        2.0        0.0       -3.0        9.0        5.0       -1.0 =        0.0
       2.0       -3.0        6.0       -2.0       -8.0       -7.0        3.0       -2.0        5.0        1.0       -8.0        6.0       -6.0        3.0        2.0        5.0       -1.0       -8.0        5.0       -2.0       -7.0       -7.0        7.0        7.0       -8.0     -184.0       -7.0       -3.0        4.0        6.0        2.0        8.0       -4.0        5.0        7.0        0.0        6.0        0.0       -1.0       -8.0 =     -558.0
       7.0        7.0       -8.0       -3.0       -3.0        1.0        8.0        0.0        1.0        9.0        8.0       -7.0       -9.0        3.0        7.0       10.0       -1.0        5.0       -7.0        7.0       -2.0       -3.0       -1.0       -7.0        3.0       -5.0     -216.0        5.0       -7.0        5.0       -5.0       -6.0       -6.0        7.0        2.0       -8.0       -4.0        8.0       -8.0        4.0 =     -209.0
       4.0       -2.0       -6.0        0.0       -2.0        1.0        6.0       -1.0        0.0       -5.0        5.0        9.0       -7.0        6.0       -1.0        0.0       -2.0       -8.0        2.0       -4.0       -8.0       -4.0      -10.0        8.0        3.0        6.0       -6.0      183.0        8.0        8.0       -3.0        4.0       -4.0        0.0       -5.0        7.0        2.0        5.0       -7.0      -10.0 =     -516.0
       2.0       -3.0        5.0        5.0       -6.0       -3.0        2.0       -5.0        9.0      -10.0       -1.0       -2.0        6.0       -5.0        1.0        1.0       10.0       -2.0        6.0       -3.0        3.0       -4.0        9.0       -6.0       -4.0        3.0        3.0       -9.0     -180.0        7.0        0.0        4.0        5.0        3.0        4.0        9.0       -4.0        1.0       -6.0       -9.0 =      820.0
       0.0        6.0       -3.0       -7.0        0.0        3.0        1.0       -4.0      -10.0       -1.0        4.0        4.0        2.0        1.0       -3.0        4.0        7.0        1.0       -8.0        2.0        8.0       -9.0        4.0        7.0       -2.0        1.0        1.0       -3.0       -5.0      167.0        8.0       -2.0        1.0       -5.0        5.0        9.0       -9.0       -4.0       -6.0        1.0 =      664.0
      -2.0       -2.0        6.0        3.0       -8.0        2.0        4.0       -2.0       -7.0        6.0      -10.0        2.0       -7.0        8.0       -1.0       -7.0        0.0       -2.0        9.0        9.0       -6.0        1.0        9.0       -3.0       -6.0       -8.0       -1.0      -10.0        5.0       -1.0     -188.0       -2.0       -2.0        8.0       -4.0        1.0       -8.0        4.0        3.0       -6.0 =     1704.0
      10.0        6.0        3.0       10.0       -3.0        7.0        2.0       -9.0       -6.0        4.0        0.0        7.0        2.0       -2.0        0.0        0.0        3.0        9.0       -7.0        3.0       -3.0        9.0       -2.0        6.0        1.0       -2.0       -7.0        8.0        7.0        3.0       -7.0     -206.0       -8.0       -8.0        8.0        9.0        0.0        9.0       -9.0       -5.0 =      474.0
       0.0        4.0        4.0       -3.0        4.0       -1.0        7.0        7.0        0.0        1.0       -7.0       -3.0       -4.0       -5.0        7.0       -1.0       -3.0       -4.0      -10.0        7.0       -1.0       -1.0        6.0       -4.0        4.0       -9.0        6.0       -5.0        4.0        8.0        7.0        2.0      191.0        7.0       -8.0       10.0       -5.0       -9.0        6.0        0.0 =     1463.0
      -6.0       -8.0       -1.0        4.0        2.0       -4.0        4.0        4.0        6.0        1.0        7.0       -7.0       -6.0        5.0        0.0        2.0        2.0        5.0        0.0        0.0       -5.0        0.0        3.0        2.0       -3.0       -5.0        9.0      -10.0       -2.0        1.0        5.0       -1.0       -8.0     -151.0       -1.0        5.0        0.0        7.0        3.0        7.0 =      804.0
      -6.0       -2.0        0.0        7.0       -4.0       -3.0        0.0        4.0       -9.0        9.0       -3.0        3.0       -4.0        2.0       -2.0        5.0       -9.0       -7.0        7.0       -2.0       -5.0        4.0       -4.0       -2.0        0.0        6.0        9.0        0.0        5.0       10.0        4.0       -2.0        4.0       -4.0      183.0       -9.0        6.0        3.0       -4.0       -6.0 =     1104.0
      -3.0       -9.0       -9.0       10.0       -5.0       -5.0       -9.0       -5.0        3.0       -8.0       -8.0        4.0       -4.0       10.0        7.0      -10.0       -5.0       -1.0        9.0       -9.0        3.0       10.0       -3.0       -3.0       10.0        4.0       -5.0       -3.0       -2.0       -5.0      -10.0        3.0        7.0        4.0        2.0     -225.0        6.0        4.0       -4.0        4.0 =     2000.0
       0.0        5.0        6.0       -8.0       10.0       -3.0        7.0       10.0        9.0       -4.0        9.0       -7.0        5.0        0.0        1.0        8.0        8.0       10.0        8.0        6.0        5.0        3.0       -5.0        9.0       -7.0        8.0        5.0        6.0        8.0        9.0        5.0       -7.0        8.0        5.0        2.0        3.0     -250.0       10.0      -10.0        1.0 =     -784.0
       5.0      -10.0        8.0       -6.0       -7.0        0.0       -5.0        0.0      -10.0        2.0       -9.0        6.0       -3.0       -4.0        7.0        8.0       -9.0       10.0        1.0        9.0        6.0        1.0       -9.0        9.0        8.0        2.0        4.0       -5.0       -6.0        0.0       -9.0       -4.0        4.0        2.0       -6.0        4.0        4.0      217.0       -2.0       -9.0 =      204.0
       2.0       -9.0        7.0        8.0      -10.0       -9.0       -9.0        1.0        1.0      -10.0       -4.0       -1.0        8.0       -7.0       -8.0      -10.0        5.0       -2.0       -2.0       10.0       -8.0       -4.0        2.0        8.0       -1.0       -7.0        2.0        6.0        4.0       -4.0       -8.0        0.0       -4.0        7.0        1.0        7.0        6.0       10.0      219.0        2.0 =      597.0
      -3.0        6.0        3.0        5.0       -2.0       -7.0      -10.0       -9.0       10.0       -8.0        6.0       -4.0       10.0       -1.0        8.0        9.0        8.0       -6.0       -2.0        5.0       -2.0        0.0        0.0        9.0       -6.0        1.0       -4.0       -7.0       -6.0        6.0       -5.0       -2.0       -4.0       -7.0       10.0       10.0      -10.0        3.0        7.0     -227.0 =     1728.0

      -3.0       -5.0        0.0       -5.0        9.0      -10.0       -8.0        9.0       -3.0        2.0        7.0       -1.0        4.0       10.0       -8.0        2.0       -6.0        7.0        3.0       -3.0        7.0       -6.0        5.0       -9.0        0.0        3.0        1.0       -3.0       -5.0        4.0       -8.0       -3.0        7.0       -6.0        6.0       -8.0        7.0        1.0        3.0       -8.0
