40
    -213.0        8.0        1.0        5.0       -5.0       -5.0       -3.0      -10.0        1.0        6.0        4.0       -4.0       -8.0       -2.0        8.0       -2.0        1.0       -8.0        2.0        4.0        9.0       10.0        2.0        6.0       -8.0       -9.0        0.0       -1.0        7.0       -1.0        7.0       -3.0        8.0      -10.0       -8.0        6.0       -9.0       -9.0        5.0       -8.0 =    -1808.0
      -2.0     -202.0       -6.0        0.0       -3.0       -1.0        9.0       -8.0        4.0        0.0        3.0       -8.0        6.0       -6.0       -6.0        3.0        4.0        9.0        3.0        2.0       10.0       -6.0       -8.0       -8.0       -8.0        6.0        5.0        8.0       10.0       -6.0       -1.0        0.0       -6.0        2.0        7.0        5.0       -9.0        7.0       -1.0        4.0 =    -1504.0
       5.0       -3.0     -164.0       -5.0        4.0        0.0        2.0       -4.0        7.0        0.0        9.0       -6.0        6.0       -7.0        3.0       -7.0       -4.0        4.0       -2.0        9.0        2.0        8.0       -5.0       -2.0       10.0        8.0       -4.0        3.0       -3.0        1.0       -1.0        1.0        2.0       -7.0        1.0        0.0       -6.0        3.0       -4.0       -6.0 =     1216.0
     -10.0       -7.0       -8.0     -211.0       -3.0        9.0        6.0        5.0        9.0        7.0        6.0        9.0        0.0        0.0       -7.0        2.0       -9.0       -8.0       -2.0       -8.0        7.0        2.0       -1.0       -9.0       -2.0        3.0        4.0       -7.0       -3.0       -2.0      -10.0        7.0       -5.0       -5.0       -7.0        7.0       -5.0       -8.0        0.0        0.0 =      508.0
       6.0       -9.0       -9.0       -8.0      209.0        8.0       -6.0        7.0        5.0        8.0        8.0       -7.0        8.0        3.0        1.0       -3.0      -10.0        1.0      -10.0       -6.0       -4.0       -3.0       -1.0        1.0        9.0       -5.0       -8.0        1.0       -9.0        0.0        3.0        9.0        9.0        6.0        2.0        2.0        0.0       -7.0        1.0       -2.0 =      200.0
      -7.0       -2.0        8.0       -9.0       -1.0     -192.0       -6.0        6.0      -10.0       -6.0       -5.0       -1.0        3.0        6.0       -7.0        4.0       -1.0       10.0        3.0       -3.0       -3.0        0.0       -4.0       -7.0       -9.0        4.0        5.0        1.0       -1.0        3.0        8.0        3.0       -7.0       -3.0        0.0        8.0       -5.0        8.0        9.0       -4.0 =    -1836.0
       9.0      -10.0       -4.0       10.0       -4.0        4.0      228.0        1.0       -6.0       -5.0       -2.0       -9.0        9.0       -8.0       -5.0       -6.0       -9.0       -8.0       10.0       -1.0       10.0       -4.0       -6.0       -3.0        8.0        4.0       -7.0        2.0      -10.0        9.0       -4.0       -7.0        0.0        0.0        3.0       -2.0       10.0       -6.0        1.0        9.0 =    -1206.0
      -7.0       -9.0       -2.0        7.0        5.0       -7.0        6.0      195.0        6.0        6.0       -8.0        5.0       -5.0        1.0        3.0       -8.0       10.0       -4.0       -7.0        4.0        0.0       -9.0       -9.0        8.0       -3.0        1.0       -6.0       -4.0       -2.0       -8.0       -4.0        1.0        6.0        0.0        0.0        3.0        4.0        6.0       -3.0       -4.0 =      840.0
       9.0        6.0        2.0        5.0       10.0      -10.0       -6.0       -6.0      209.0       -1.0        3.0        5.0        2.0       -9.0        1.0       -3.0        9.0       -6.0       -9.0       -8.0       -5.0        3.0       -6.0       -8.0       -2.0        1.0       -9.0        5.0       -7.0        2.0        2.0        0.0       -3.0        0.0        6.0        8.0       -6.0       -8.0       -9.0        7.0 =    -1218.0
       1.0       -6.0        0.0       -1.0       -8.0        7.0       -1.0       -7.0       -7.0      170.0       -6.0       -2.0        5.0        5.0        5.0       -5.0       -5.0        8.0       -1.0        5.0       -6.0        0.0        7.0       -2.0       -6.0        3.0       10.0        5.0        4.0       -1.0       -1.0        1.0        6.0        1.0        4.0       -5.0       -3.0       -5.0        4.0       -7.0 =     -498.0
      -7.0       -6.0        6.0      -10.0       -6.0       -4.0       -7.0       -5.0        6.0       -4.0     -218.0        7.0        9.0       -7.0       -1.0       -9.0        8.0        4.0       -3.0        1.0       -1.0        4.0       -4.0       -3.0        6.0       -3.0        3.0        2.0       -3.0       -3.0       -5.0        6.0       -6.0        1.0        8.0        6.0      -10.0       -7.0       -8.0       10.0 =     -506.0
       5.0       10.0        9.0      -10.0       -4.0       -7.0        9.0       -6.0        5.0       -5.0       -2.0      237.0        4.0        9.0       -5.0       -3.0       -1.0        6.0        5.0        9.0       -7.0        7.0        7.0        7.0        6.0        1.0       -8.0       -4.0       -5.0        5.0       -4.0        6.0       -9.0        9.0       -6.0       -3.0       -3.0        7.0       -3.0        8.0 =    -1932.0
       9.0       -4.0        7.0      -10.0        4.0      -10.0        9.0        5.0        4.0       -2.0       -3.0        8.0      197.0        2.0        8.0        8.0        8.0       -1.0        2.0       -1.0       -5.0       -2.0        3.0        5.0        4.0        5.0        8.0        9.0        2.0       -5.0       -4.0       -8.0       -3.0       -7.0       -5.0        1.0       -3.0       -4.0       -1.0        3.0 =    -1631.0
      -9.0       -3.0        3.0       -6.0        7.0        8.0       -4.0        0.0        3.0       -1.0        4.0       -3.0       -4.0      187.0       -7.0        2.0        4.0       -5.0       -2.0        5.0        4.0        7.0        9.0        0.0       -4.0       -6.0        3.0        4.0        4.0        0.0       -5.0       -9.0        9.0        1.0       -7.0        7.0        2.0       -7.0        3.0        9.0 =    -2030.0
      -4.0      -10.0       -4.0        3.0       -3.0        2.0        9.0        7.0       -1.0        7.0       10.0       -1.0        8.0       -1.0     -204.0      -10.0       10.0       -4.0       -1.0        3.0       -7.0       -6.0       -6.0       -7.0        2.0        1.0        3.0        8.0      -10.0       -9.0        0.0       -2.0        7.0       -1.0       -9.0       -3.0        4.0       -2.0       10.0        1.0 =      420.0
       7.0        8.0        5.0       -9.0       -7.0        2.0       -4.0       -5.0       -7.0        1.0        7.0        0.0       -6.0       -8.0      -10.0     -228.0        7.0        0.0        8.0        8.0       -1.0       -2.0       -8.0        9.0       -8.0        7.0       10.0       -7.0       10.0        3.0       -7.0        0.0        8.0        3.0       -9.0        3.0        3.0        3.0       -6.0        6.0 =     1498.0
       7.0       10.0        5.0        7.0        0.0       -3.0        9.0        6.0       -8.0       -3.0       -6.0        0.0        3.0       -8.0       -3.0        4.0     -211.0       -6.0        9.0       -3.0       -1.0       -8.0        0.0       -7.0        7.0        8.0        3.0       -6.0       -1.0        7.0       -6.0       -5.0        2.0        9.0        9.0        5.0       -9.0        4.0       -3.0        7.0 =        0.0
     -10.0       -9.0        2.0        2.0       -1.0       -8.0        5.0       -4.0       -1.0        5.0       -5.0        3.0       -8.0       -7.0       -1.0        9.0        7.0      168.0       -2.0        9.0       -7.0        2.0        0.0        0.0        3.0       -4.0       -4.0        4.0       -7.0       -6.0        2.0       -2.0       -3.0       -4.0       -4.0       -2.0        1.0        1.0      -10.0       -2.0 =      448.0
      -4.0        7.0       -1.0        1.0       10.0       -5.0        4.0        9.0        1.0       -8.0       -9.0       -6.0        7.0       -5.0       -4.0       -8.0        3.0       -6.0      219.0        7.0       -8.0        3.0       10.0       -9.0       -5.0        6.0       -4.0       -4.0        4.0        0.0       -8.0       -3.0       -5.0       -8.0       -7.0       -3.0        4.0        9.0       -6.0       -7.0 =      342.0
       2.0        1.0       10.0       -3.0        6.0       -1.0        4.0       -1.0        1.0       -2.0       -9.0        4.0        0.0       -3.0       -7.0        6.0        4.0       -4.0       -7.0     -169.0        7.0        6.0        3.0       -7.0        0.0       -6.0       10.0       -1.0        3.0        2.0       10.0       -3.0        1.0        7.0        2.0       -2.0        1.0        4.0       -2.0        9.0 =      744.0
       1.0       -3.0        6.0        8.0      -10.0        1.0        0.0        4.0        5.0       -8.0        4.0       -7.0       -4.0        3.0       -1.0        9.0       -3.0        1.0        9.0       -5.0      198.0       10.0       -4.0       -5.0        4.0       -5.0       -1.0        6.0       -4.0        8.0        5.0       -4.0       -5.0        1.0       -8.0       -6.0        3.0        1.0        9.0       -7.0 =     -206.0
      -1.0       -6.0       -1.0        9.0        2.0        0.0        1.0        1.0       -7.0        3.0        5.0        5.0        4.0        3.0        6.0       -9.0        1.0       -4.0       -7.0       -4.0       -5.0     -167.0       -3.0        0.0        8.0       -9.0        1.0        7.0        0.0       -8.0        2.0       -7.0       -2.0        2.0       -7.0        7.0       -1.0       -5.0       -6.0       -6.0 =     1188.0
      -1.0        5.0        0.0       -9.0       -1.0        5.0       -6.0        6.0       -9.0       -6.0        2.0        2.0        4.0       -7.0       -5.0        7.0       -6.0       -9.0        7.0       -2.0        5.0        3.0     -196.0        1.0       -2.0        4.0        2.0        1.0        2.0       -9.0       -1.0       -6.0        5.0        7.0       -5.0       -3.0        9.0       -7.0        9.0        8.0 =     -784.0
      -2.0        4.0       -5.0        0.0       -6.0        4.0        5.0       -9.0        1.0        7.0       -4.0        1.0        4.0       -2.0        1.0       -8.0       -4.0       -3.0        0.0       -3.0       -1.0        6.0        2.0     -185.0       -4.0       -5.0       -3.0        0.0       -9.0        9.0      -10.0        6.0        9.0       -4.0       -5.0       -5.0        6.0       -6.0      -10.0       -3.0 =     -462.0
      -8.0        8.0        4.0        5.0        2.0       -2.0        2.0        0.0        0.0       -4.0       -3.0       -3.0        1.0        5.0       -2.0        5.0       -3.0       -6.0       -2.0        8.0        4.0        4.0       -4.0        9.0      192.0        5.0       -3.0        9.0        7.0       -4.0        5.0        3.0      -10.0       -8.0        3.0       -5.0       -9.0        3.0       -9.0       -8.0 =     -382.0
      -6.0       -9.0       -3.0       -4.0       -1.0       -9.0       -4.0       -3.0       -7.0        5.0       -5.0        4.0       -5.0       -9.0       -4.0       -6.0       -7.0        8.0       -3.0        4.0        9.0       10.0        0.0        8.0       10.0     -229.0       10.0       -8.0        8.0        3.0        4.0        6.0        5.0      -10.0        4.0       -1.0        4.0       -8.0       -9.0        3.0 =     1715.0
      -3.0        4.0       -9.0       -3.0       -5.0       -9.0       -9.0       -6.0       10.0        9.0        3.0       -1.0       -6.0        0.0       -1.0       -7.0       -6.0       -6.0       -4.0        5.0       -8.0       -1.0       -5.0        8.0      -10.0       -7.0     -214.0      -10.0        6.0       -1.0       -5.0       -6.0       -9.0       -5.0        0.0        2.0        3.0       -3.0       -6.0        6.0 =    -1854.0
       5.0        6.0        4.0       -2.0        7.0        7.0        1.0        5.0        0.0        9.0       -2.0        1.0       -9.0        3.0        4.0        9.0       -5.0        5.0       -6.0       10.0       -2.0        2.0        5.0       -2.0        6.0       10.0        2.0     -195.0        8.0       -4.0        3.0       -9.0        4.0        6.0        8.0       -5.0       -1.0        6.0        4.0       -4.0 =     -742.0
       1.0        8.0        7.0        3.0        8.0        3.0        0.0       -9.0        9.0        3.0       -1.0       -4.0        5.0       -8.0       -8.0        4.0        7.0        3.0       -9.0        0.0        2.0       -6.0        2.0       -3.0       -9.0       10.0       -2.0       -3.0      212.0       -4.0        5.0        6.0        1.0       -8.0       -8.0        6.0       -9.0        8.0       -9.0        2.0 =     1505.0
      -3.0        6.0        7.0        3.0        5.0        0.0        7.0       -6.0        2.0        6.0       -2.0       -3.0        8.0        4.0        2.0       -6.0        0.0        6.0        5.0        5.0        6.0        0.0        3.0       -8.0       -8.0        0.0        8.0        8.0       -3.0     -194.0        4.0       -8.0       -2.0       -7.0       -8.0        9.0       -3.0        5.0        5.0       -5.0 =      304.0
       4.0        0.0       -8.0        7.0       -2.0       -4.0        7.0        6.0        3.0       -2.0        4.0        6.0        3.0        9.0        7.0        6.0       -1.0       -6.0       -9.0        0.0       -4.0       -7.0       -2.0       -4.0       -9.0        6.0        8.0      -10.0       10.0       -6.0     -207.0        2.0       -7.0        6.0        0.0        7.0       -3.0       -2.0        9.0       -7.0 =      950.0
      -7.0        8.0       -4.0       -8.0       -5.0        6.0       -6.0       -1.0        8.0       -6.0       -2.0        6.0        5.0        0.0       -1.0        1.0       -8.0        3.0        7.0        4.0       -1.0        7.0       -8.0      -10.0        0.0        8.0       -7.0        0.0       -7.0        8.0       -9.0      187.0        2.0       -4.0       -2.0        4.0        1.0        1.0        2.0       -3.0 =     -845.0
      -7.0        7.0       -1.0        7.0       -5.0       -8.0        2.0       -4.0       -7.0        9.0        2.0       10.0        5.0       -6.0       -6.0        0.0       -1.0       -4.0        9.0       10.0       -2.0       -6.0        3.0        0.0        1.0       -6.0        1.0        8.0       10.0       -9.0       -2.0        7.0      202.0        3.0       -1.0        8.0       -6.0        7.0       -6.0       -4.0 =     1540.0
      -2.0       -3.0        1.0       -6.0        5.0       -6.0       -6.0        1.0       -2.0        3.0       -8.0        4.0        4.0       -3.0       -2.0        8.0       -8.0       -1.0       -9.0       -7.0        5.0        4.0       -2.0       -4.0       -7.0        5.0        5.0        0.0        9.0       -1.0        4.0       -8.0       -7.0      175.0        5.0        3.0        0.0        8.0        0.0       -8.0 =      894.0
      -6.0        3.0       -8.0       -7.0       -2.0        8.0        1.0       -3.0        2.0        3.0       -7.0       -4.0        0.0        6.0       -7.0       -2.0       -5.0       -1.0        9.0        6.0      -10.0       -4.0       -7.0       -2.0       -6.0       -8.0       -9.0       -8.0        4.0        7.0       -8.0       10.0        3.0       -1.0     -207.0       -9.0       -4.0        5.0       -1.0        3.0 =    -2394.0
       6.0       -9.0       -2.0        9.0        5.0        9.0       -2.0        2.0        6.0       -1.0        8.0       10.0       -5.0       10.0        7.0       -4.0       -8.0       -3.0       -6.0        3.0        0.0       -5.0       -5.0        7.0        9.0        2.0       -8.0        6.0        2.0       10.0        8.0       -5.0        0.0       -1.0       -8.0     -220.0       -6.0        6.0       -1.0        7.0 =     1503.0
       5.0        5.0        2.0        0.0        6.0        0.0        5.0       -3.0      -10.0       -4.0       -1.0        3.0       -5.0       -8.0        5.0        4.0        0.0        8.0       -1.0       10.0       -4.0        7.0      -10.0        0.0       -3.0        0.0       -7.0        1.0        5.0       -1.0        5.0       -8.0        3.0        5.0        5.0      -10.0      185.0        9.0       -7.0        2.0 =      594.0
       2.0       -9.0       -5.0        6.0       -8.0       -3.0        0.0        5.0        8.0        7.0       -6.0       -2.0       -8.0        8.0        5.0       -6.0        8.0       -1.0       -2.0        1.0       -6.0        1.0        1.0       -5.0        2.0       -2.0       -9.0       -7.0        8.0        1.0       -3.0        3.0        1.0        6.0       -9.0       -4.0        1.0     -183.0       -1.0        6.0 =      796.0
       9.0       -2.0        1.0        1.0        4.0       -4.0       -8.0        9.0       -9.0       -2.0        7.0        2.0        6.0       -2.0       -3.0        1.0        3.0        0.0        2.0       -4.0        4.0        3.0        9.0       -6.0        0.0        7.0       -9.0        3.0       -8.0       -3.0        2.0        9.0        0.0        6.0        1.0        9.0       -6.0       -3.0     -171.0       -1.0 =     -715.0
       3.0       -1.0       -5.0       -7.0        2.0        8.0        8.0        8.0        5.0       -4.0       -8.0       -2.0       -2.0       -6.0        8.0        0.0        6.0        1.0       -1.0        5.0        4.0        8.0       -4.0       -1.0       -1.0       -2.0       -9.0       -3.0        9.0        3.0       -4.0       -7.0       -5.0        0.0        1.0        6.0       -1.0       -8.0        6.0      181.0 =      382.0

       8.0        8.0       -8.0       -2.0        1.0        9.0       -6.0        5.0       -7.0       -3.0        2.0       -7.0       -7.0      -10.0       -2.0       -7.0        0.0        4.0        2.0       -6.0       -1.0       -6.0        4.0        2.0       -2.0       -7.0        6.0        7.0        7.0       -2.0       -5.0       -5.0        7.0        6.0        9.0       -9.0        3.0       -4.0        5.0        2.0
