40
    -195.0        0.0        5.0        1.0       -8.0       -3.0       -5.0       -4.0       -6.0       -4.0       -2.0       -4.0       -9.0        3.0        4.0       10.0        5.0       10.0        8.0       -1.0        0.0        4.0        6.0       -2.0       -2.0        3.0       -5.0        5.0        3.0        8.0       -1.0        6.0        9.0       -7.0        8.0        1.0        8.0        7.0       -2.0        9.0 =      685.0
      -8.0     -204.0        9.0       -8.0        7.0        5.0        5.0        5.0        0.0       -8.0       -8.0      -10.0       -2.0       -4.0        3.0       -7.0        1.0       -7.0        7.0        3.0       -4.0       -5.0       -7.0        5.0        1.0       -4.0       -2.0       -9.0       -4.0        6.0        5.0       -2.0        4.0       -6.0        4.0       -3.0       -3.0        2.0       -9.0       -4.0 =     2048.0
      -4.0       -3.0      185.0        8.0        3.0        5.0       -5.0        4.0        5.0       -4.0       -5.0       -3.0       -6.0       -3.0       -1.0        2.0       -3.0        5.0        5.0       -4.0       -4.0        7.0       -2.0        8.0        9.0       -6.0       -7.0        3.0        1.0        2.0        0.0       -5.0        6.0      -10.0        1.0        9.0       -8.0       -8.0       -2.0        2.0 =     1593.0
       9.0        2.0        9.0     -193.0       -4.0       -3.0       -2.0       -3.0        9.0       10.0       -3.0        3.0       -7.0       -1.0        3.0       -5.0       -3.0        3.0        3.0       -9.0        8.0       -3.0       -3.0       -7.0        5.0       -8.0       -6.0        9.0        1.0        9.0        1.0       -2.0       -6.0       -3.0        6.0        6.0       -1.0        1.0        7.0        8.0 =      160.0
      -4.0       -5.0       -5.0        5.0      195.0       -4.0       -9.0      -10.0       -3.0        9.0       -9.0       -2.0      -10.0       -1.0        5.0        5.0        6.0        1.0       -8.0        0.0       -2.0       -4.0       -9.0       -9.0       -8.0        8.0       -6.0        2.0        1.0        7.0       -2.0       -4.0       -5.0       -2.0       -4.0        2.0        1.0        8.0       -3.0        2.0 =      516.0
      -7.0       -8.0       -3.0       -9.0        5.0      208.0       -6.0       -6.0       -6.0        5.0       10.0       -1.0        4.0       -8.0        4.0       -8.0        1.0       -6.0        0.0       -4.0        2.0        2.0       -9.0        9.0        8.0        5.0        0.0       -6.0       -3.0        7.0        5.0       -6.0       -6.0        8.0        0.0        7.0        5.0       -9.0       -4.0       -2.0 =     1068.0
      -5.0       -5.0        5.0       -3.0       -5.0        3.0      211.0      -10.0       -6.0        6.0        6.0        9.0       -1.0        0.0       -7.0       -2.0       -5.0       -9.0       -3.0       -6.0       -8.0        9.0       -1.0       -9.0        5.0        8.0        4.0       -2.0        3.0       10.0        8.0        0.0        6.0       -9.0       -5.0       -7.0       -7.0       -2.0        6.0       -3.0 =      537.0
      -9.0        0.0       -8.0        9.0        8.0        8.0       -9.0      228.0      -10.0        2.0        5.0        6.0        2.0        0.0       -3.0       -7.0       -2.0        4.0       10.0        3.0       -5.0        1.0        4.0        6.0        5.0       -7.0       -5.0       -6.0       -5.0       -9.0        8.0       -3.0       10.0       -4.0       -9.0        4.0       -5.0        7.0       -9.0        2.0 =     1302.0
       7.0        7.0       -9.0        6.0       -6.0        4.0        1.0        1.0     -184.0       -5.0        2.0        6.0        7.0        6.0       -6.0        5.0        8.0       -4.0        6.0        5.0        2.0        9.0        5.0        6.0       -4.0        3.0        7.0        5.0        2.0       -4.0        0.0        5.0        4.0        8.0       -1.0        3.0       -6.0        4.0       -1.0       -3.0 =     -594.0
       9.0       -4.0       -1.0       -7.0        3.0        6.0       -8.0        9.0       -6.0     -220.0       -3.0        5.0       -9.0       -6.0       -3.0        4.0        4.0       -6.0        5.0       -4.0       -3.0       -2.0       -7.0       -6.0       -7.0       -5.0       -5.0       -8.0        8.0        6.0        0.0        6.0        8.0        5.0        6.0       -6.0        9.0       -4.0        7.0       10.0 =     2200.0
       1.0       -5.0       -6.0       -2.0        7.0       10.0        7.0        9.0        1.0        1.0     -203.0       -9.0        2.0        1.0      -10.0       -5.0        8.0       -2.0       -8.0        7.0       -5.0       -1.0        6.0        2.0        8.0        2.0       -1.0       -9.0        1.0        8.0        8.0        1.0        2.0       -4.0        8.0        1.0       -9.0       -7.0        7.0       -2.0 =    -1440.0
      -9.0       -5.0        9.0        1.0        3.0       -2.0       10.0        6.0       -7.0        0.0       -5.0      198.0       -5.0        2.0        0.0        9.0       -8.0        4.0       10.0       -2.0        7.0        2.0       10.0       -4.0       -7.0       -8.0        9.0        3.0        6.0        9.0       -1.0       -7.0        2.0        1.0        1.0        4.0        3.0        4.0        6.0       -6.0 =     2187.0
       2.0       -8.0       -3.0       10.0       -4.0        4.0       -6.0       -2.0       -5.0        2.0       -2.0        2.0      193.0        7.0       10.0       -1.0        4.0        1.0       -3.0        8.0        6.0       10.0       10.0       -1.0       -5.0        3.0      -10.0        9.0       -1.0        9.0        1.0       -6.0        1.0        8.0       -8.0        6.0       -4.0        1.0       -2.0       -7.0 =     -229.0
      -4.0        1.0        7.0       -2.0       -2.0        0.0        2.0       10.0        9.0       -2.0       -1.0        1.0        5.0     -177.0        8.0       -5.0       -6.0       -5.0        7.0        6.0       -1.0       -3.0        0.0       -6.0       -2.0       -8.0        3.0        3.0        3.0       -9.0       -9.0       -8.0        7.0        0.0        7.0        3.0        0.0       -3.0       -6.0        4.0 =     1211.0
      -5.0        1.0       -9.0       -3.0        3.0        4.0       -3.0        0.0       -5.0        8.0       -8.0       -6.0        4.0        5.0     -177.0       -6.0       -3.0        5.0        5.0       10.0       -6.0        2.0        7.0        0.0        1.0       -5.0       -9.0        1.0       -1.0        0.0        2.0       -4.0       -6.0        3.0        9.0       -5.0       -5.0       -9.0        9.0        0.0 =     1960.0
       8.0       -9.0       -2.0       -9.0       -5.0       -3.0       -8.0        6.0       -4.0       -9.0       -7.0       10.0        9.0       -3.0        2.0     -209.0        6.0       -3.0       -3.0       -4.0       10.0       -3.0        1.0       -9.0       -1.0        0.0       -4.0       -7.0        2.0       -7.0        5.0        2.0        9.0       -4.0        1.0       -1.0       -6.0       -8.0       -4.0      -10.0 =     -271.0
      -4.0        2.0       -6.0       -7.0       -5.0       -2.0       10.0        2.0        3.0        1.0        0.0       10.0       -8.0        9.0        4.0       -1.0      182.0       -8.0        2.0        0.0        7.0        0.0        0.0       -7.0        9.0        8.0        0.0       -7.0       -6.0        4.0        0.0        4.0        2.0        3.0        1.0       -8.0       -5.0       -7.0       -7.0       -6.0 =    -1521.0
       8.0        3.0        1.0        8.0       -7.0        8.0        0.0        1.0        6.0        1.0        7.0        4.0        1.0       -4.0        9.0        6.0       -7.0     -209.0       -3.0       -8.0       -8.0       -3.0       -9.0        8.0        0.0        9.0       -7.0        3.0       -6.0        8.0       -7.0       10.0       -1.0       -1.0        1.0        6.0       -1.0       10.0        4.0       -6.0 =     1650.0
      -9.0        1.0       -9.0      -10.0        9.0        8.0       -9.0       -8.0        3.0        1.0       -3.0        1.0        9.0       -8.0       10.0       -6.0       -7.0        8.0      256.0       -6.0        2.0       -8.0        1.0        9.0       -2.0       10.0      -10.0       -9.0       -2.0       -6.0       10.0       -2.0       -4.0       -3.0      -10.0       -6.0        7.0       -9.0       -5.0       -8.0 =     1488.0
      -2.0        8.0        5.0       -7.0       -9.0        1.0       -1.0        6.0        7.0       10.0        5.0        1.0      -10.0       -8.0       -7.0        3.0       -7.0       -2.0        3.0      210.0       -7.0       -2.0       -1.0        3.0        6.0        4.0       -4.0       -4.0       -7.0       -5.0        6.0       -7.0        6.0       -9.0        3.0        2.0       -2.0       -7.0        9.0       -8.0 =      364.0
      -7.0        5.0       -5.0        5.0       -2.0       -4.0       -5.0       -4.0       -6.0       -8.0       -5.0       -1.0       -5.0       -9.0       -1.0        8.0        7.0       -7.0        1.0        8.0      203.0        7.0       -9.0        8.0        1.0        3.0        0.0       10.0       -8.0       -5.0        9.0        9.0        2.0        1.0       -2.0       -1.0       -4.0       -1.0        7.0       -8.0 =     -748.0
      -5.0        5.0        4.0       -2.0        3.0        1.0       -7.0       -5.0       -7.0       -8.0        8.0       -3.0        8.0       -4.0       -8.0        1.0        6.0       -3.0       -3.0       10.0       -5.0      211.0      -10.0        6.0        3.0       -5.0        4.0        3.0        0.0        3.0        0.0       -8.0       10.0       -8.0       -9.0        0.0       -8.0      -10.0       -2.0        6.0 =    -1548.0
      -9.0        5.0       -5.0       -8.0        2.0        5.0       -1.0       -5.0       -2.0       -6.0        5.0      -10.0        1.0        7.0       -5.0       -7.0        6.0       -9.0        1.0       -2.0       -3.0        1.0     -179.0        7.0        1.0       -3.0        6.0        7.0       -5.0        5.0       -6.0       -8.0       -4.0        0.0        5.0       -1.0       -2.0       -8.0       -1.0       -4.0 =     -916.0
       2.0       -1.0       -1.0        7.0       -7.0       -6.0        7.0        4.0       -7.0        0.0       -9.0        1.0       -6.0       -4.0       -8.0        8.0       -4.0      -10.0        6.0       -8.0        5.0        9.0       -8.0     -211.0        6.0        6.0        3.0       -3.0       -3.0        2.0       10.0       -1.0       -1.0       -9.0       -3.0       -6.0        9.0       -1.0       -8.0        6.0 =    -1872.0
      -8.0       -7.0       -4.0        1.0        9.0        4.0       -9.0        0.0       -5.0        1.0        9.0        3.0        6.0       -6.0       -9.0       -9.0        7.0       -2.0       -8.0       -6.0        3.0        0.0        2.0       -3.0      217.0        1.0       -7.0       -9.0        7.0       -5.0       -1.0        9.0        8.0       -7.0        7.0        7.0       -5.0        9.0        2.0        4.0 =      824.0
       5.0       -3.0       -8.0       -8.0       -7.0       -9.0        0.0       -2.0       -3.0        0.0       -1.0       -1.0       -2.0       -8.0       -8.0        5.0        3.0       -6.0       -2.0        7.0        3.0        9.0        0.0        4.0       -3.0      175.0        1.0       -1.0       -4.0       -5.0       -1.0        4.0       -8.0       -5.0        8.0        8.0        0.0       -6.0        9.0        3.0 =     -715.0
      -1.0       -9.0       -3.0        1.0       -8.0        4.0        2.0        4.0        5.0      -10.0       -6.0       -6.0        6.0      -10.0        3.0        5.0       -6.0        4.0       -9.0        8.0        8.0        2.0      -10.0        1.0       -3.0        0.0     -211.0        5.0        9.0       -7.0        2.0       -9.0        3.0        2.0       -3.0        3.0        3.0       -4.0      -10.0        8.0 =    -2133.0
       9.0       -3.0      -10.0       -7.0        6.0       -6.0       -4.0        6.0        4.0        4.0       -9.0        0.0        3.0       -4.0        5.0       -6.0       -1.0       -1.0       10.0        9.0      -10.0       -2.0       -7.0       -6.0       -9.0        0.0        9.0     -227.0       -7.0       -6.0        8.0       -8.0       -8.0       -9.0       -7.0       -7.0       -2.0        4.0        3.0       -2.0 =      576.0
      -5.0       -9.0        2.0        6.0        8.0        2.0       -1.0       -8.0        1.0        9.0        0.0       -4.0        7.0        1.0        0.0        0.0       -8.0        2.0       -1.0        3.0       -1.0        8.0       -4.0       -7.0        9.0       10.0        8.0        3.0     -181.0       10.0        6.0        0.0       -3.0        7.0        1.0        2.0       -4.0        0.0        8.0        4.0 =     -833.0
      -7.0        6.0       -5.0       -2.0       -6.0       -5.0        3.0        5.0        9.0       -8.0        9.0       -1.0       -8.0        8.0        7.0        5.0        1.0       -1.0       -6.0        4.0        3.0       -8.0        7.0       -7.0       -8.0        3.0       -8.0        2.0        9.0      215.0       -9.0        1.0        0.0        7.0        8.0       -5.0        7.0        3.0        1.0       -4.0 =     -900.0
       1.0       -8.0        5.0        2.0        8.0       -6.0        5.0       -1.0        7.0       -3.0        0.0       -3.0        6.0       -4.0       -1.0        6.0      -10.0       -8.0        2.0       -1.0        3.0       -1.0        8.0        2.0        5.0       -3.0       -5.0        7.0       -9.0        8.0     -175.0        0.0       -2.0       -6.0        9.0        0.0       -7.0       -3.0       -4.0       -4.0 =     1080.0
      -9.0        8.0        3.0        2.0        0.0      -10.0        9.0       -3.0       -5.0       10.0      -10.0       -5.0       -2.0        5.0        2.0        7.0        0.0       -7.0       -5.0       -8.0        9.0       -3.0       -8.0       -6.0       -9.0       -8.0       -2.0       -6.0        6.0        2.0       -4.0      219.0        7.0       -1.0        0.0        7.0        8.0       -9.0       -6.0        7.0 =     -925.0
       0.0        6.0       -2.0        6.0       -7.0        3.0       -2.0        5.0        7.0       -2.0       -5.0       -6.0       -7.0        7.0       -1.0        2.0       -7.0       -8.0      -10.0        2.0       -1.0        4.0       -5.0       -4.0      -10.0        7.0       -6.0       10.0       -6.0        9.0       -1.0        5.0      205.0        6.0       -9.0        0.0        3.0        9.0       -9.0       -4.0 =     -920.0
       3.0       10.0       -6.0       -4.0        0.0        7.0        1.0        4.0        8.0       -9.0        4.0        9.0       -1.0        3.0      -10.0       -2.0        0.0        0.0       -4.0       -2.0        9.0        8.0        5.0       -9.0      -10.0        7.0       -9.0        2.0       -7.0      -10.0       -3.0        9.0       -2.0     -199.0        0.0        7.0        4.0       -3.0       -1.0       -7.0 =    -1782.0
      -8.0        1.0       -5.0       -6.0       -8.0       10.0        5.0        7.0        6.0       10.0       -2.0       -8.0       -5.0       -9.0       -4.0        6.0       -1.0       -2.0       -5.0        1.0        9.0        5.0        8.0       -5.0       -1.0        7.0        8.0       -7.0       -4.0       10.0        6.0        8.0       -4.0        9.0      241.0        9.0      -10.0        4.0       -6.0        9.0 =        0.0
      -8.0      -10.0       -2.0        6.0       -4.0       -9.0        0.0        7.0       -4.0        2.0       -7.0        2.0        9.0        2.0       -7.0       -7.0       -2.0        6.0        9.0        9.0        1.0       -7.0        2.0       -3.0        7.0        2.0       -2.0        9.0        5.0       -9.0        7.0        6.0        7.0       -9.0       -2.0      218.0       -6.0        8.0        5.0       -7.0 =    -2240.0
       8.0        1.0        9.0        2.0        3.0       -4.0        6.0       -7.0        5.0        0.0      -10.0        5.0       -1.0        4.0       -4.0        9.0        1.0        8.0       -7.0       -4.0        6.0        8.0        7.0        9.0        0.0        4.0       -8.0       -9.0       -1.0        5.0        4.0        6.0        9.0       -4.0       -2.0       -1.0     -204.0        3.0        8.0       -3.0 =      695.0
       3.0        1.0        4.0       -6.0        5.0        5.0        1.0        0.0       -2.0        4.0        0.0       -6.0       -8.0       -3.0        5.0        2.0       -6.0       -3.0        7.0       -4.0        9.0       -6.0       -5.0       -6.0        0.0        4.0        2.0       -5.0        4.0       10.0        5.0        7.0       -2.0        1.0        1.0        6.0        2.0     -169.0        4.0        9.0 =      650.0
      -6.0       -7.0        6.0        1.0        2.0        7.0       -7.0       -8.0       -3.0        8.0       -1.0        7.0        0.0       -7.0       -1.0       -5.0       -2.0        8.0       -3.0       -9.0        5.0        6.0       -6.0        7.0       -6.0       -7.0       -8.0       -1.0        8.0        7.0       -9.0        4.0       -1.0        4.0       -9.0       -5.0      -10.0       -9.0      227.0       10.0 =     -748.0
      -1.0       -3.0        7.0        6.0        3.0        2.0        5.0       -8.0       -2.0        4.0       -5.0       -8.0        4.0       -1.0      -10.0       -5.0       -2.0       -7.0       -9.0        2.0       -1.0        7.0       -5.0        9.0       -8.0        7.0       -6.0        1.0        4.0       -2.0        8.0       -7.0        3.0       -6.0       -3.0       -6.0       -4.0       -7.0        5.0      197.0 =    -1422.0

      -5.0       -8.0        9.0       -1.0        4.0        6.0        3.0        6.0        6.0      -10.0        8.0        9.0       -1.0       -7.0      -10.0        1.0       -9.0      -10.0        8.0        2.0       -4.0       -9.0        4.0        8.0        4.0       -5.0        9.0       -2.0        7.0       -4.0       -6.0       -5.0       -5.0        9.0        0.0      -10.0       -5.0       -5.0       -4.0       -9.0
