42
    -201.0       -7.0       -4.0        8.0       -7.0        7.0        1.0        6.0       -4.0        0.0       -6.0        9.0        2.0       -2.0       -4.0        2.0        0.0        5.0        4.0       -8.0        0.0        0.0        3.0       -8.0       -3.0        1.0        4.0        9.0        8.0       -3.0       -8.0      -10.0      -10.0       -2.0        2.0        7.0       -9.0       -8.0       -3.0       -6.0        1.0        4.0 =      920.0
       2.0     -168.0       -4.0        2.0       -3.0        4.0        3.0       -4.0       -4.0       -7.0       -2.0       -1.0       -3.0        2.0        4.0       -5.0        1.0        4.0       10.0       -1.0       -9.0        5.0        4.0       -2.0        6.0       -2.0       -7.0        6.0        0.0       -1.0        2.0       -2.0       -2.0       -8.0        4.0       -3.0        3.0        3.0        9.0      -10.0        6.0        1.0 =    -1503.0
       3.0       -3.0     -216.0       -3.0       -3.0       -9.0       -8.0        9.0       -2.0       10.0        9.0        1.0        1.0        6.0       -9.0        1.0       -2.0       -9.0        9.0        9.0       -5.0       10.0       -7.0       -7.0        3.0        8.0        6.0       -1.0        1.0        8.0        9.0       -2.0       -7.0        0.0       -1.0       -8.0       -7.0        1.0       -1.0       -5.0       -2.0       -7.0 =      880.0
       2.0       -2.0      -10.0     -212.0       -7.0        2.0       -7.0       -7.0        9.0       -3.0      -10.0        4.0       -8.0      -10.0        5.0        2.0        2.0       -1.0        6.0       -3.0       -3.0       -2.0       -6.0       -2.0        0.0        8.0        8.0        6.0        7.0       -3.0       -7.0        0.0       -7.0        7.0       -4.0        6.0        4.0       -4.0       -9.0        6.0        5.0       -3.0 =     1446.0
       2.0       -6.0       -6.0       -3.0      178.0        6.0        5.0        3.0        7.0        9.0        1.0        2.0       -8.0       -4.0       -1.0        1.0       -5.0        0.0       -5.0       -9.0        6.0        0.0        1.0        6.0        6.0        1.0        2.0        1.0       -7.0        5.0        0.0        8.0       -8.0       -3.0       -3.0       -6.0        1.0        8.0        8.0        4.0        3.0        5.0 =     1640.0
      -3.0        2.0       -8.0       -3.0        4.0      199.0        1.0       -3.0        6.0      -10.0       -6.0       -9.0        5.0       -1.0       -4.0       -7.0        5.0       -9.0        0.0        2.0       -2.0       -2.0       -9.0       -7.0        1.0        4.0        2.0       -8.0       -5.0        7.0        4.0        0.0        4.0        7.0       -9.0        0.0       -1.0       -5.0       -7.0        1.0       -9.0        9.0 =    -1224.0
      -7.0       -3.0       -5.0        7.0        5.0       -5.0      200.0        1.0        7.0        5.0       -9.0       -9.0       -7.0       -8.0       -6.0        9.0       -4.0        6.0       -7.0        7.0       -5.0        0.0       -1.0       -6.0       -7.0        0.0       -6.0       -7.0        0.0        3.0       -2.0       -6.0        1.0       -5.0       -1.0       -2.0       -8.0        3.0       -6.0        1.0        3.0        8.0 =      402.0
       8.0       -5.0       -1.0       -4.0       -3.0       -8.0       10.0     -200.0       -1.0       -1.0       -1.0       -6.0        9.0        6.0        5.0       -4.0       -2.0        3.0        9.0        3.0        9.0       -3.0       -7.0        3.0       -1.0        8.0        7.0       -5.0        8.0        3.0       -5.0       -6.0       -2.0        3.0       -4.0        6.0        2.0        5.0        1.0       -2.0       -9.0        6.0 =     -166.0
       8.0        5.0       -9.0        3.0       10.0        9.0      -10.0       -4.0      218.0       -1.0        5.0        5.0       -3.0       -4.0        2.0        1.0        6.0        9.0       -9.0        6.0       -5.0        2.0        6.0        1.0        5.0        8.0        0.0       -1.0        9.0        2.0       -7.0       -8.0       -4.0        6.0        6.0        9.0       -9.0       -6.0        1.0       -1.0        4.0        7.0 =    -2448.0
       8.0        1.0       -2.0       -8.0        7.0        1.0        0.0       -4.0        6.0      220.0       -5.0      -10.0        0.0       -3.0       -4.0       -3.0       -1.0       -1.0       -5.0        1.0       -4.0        7.0        0.0        9.0       -2.0       -9.0       -5.0        7.0        7.0       -9.0       -6.0        9.0       -6.0        7.0       -7.0        9.0        9.0      -10.0       -9.0        6.0        0.0       -7.0 =      776.0
       1.0       10.0       -3.0       -6.0       -6.0        8.0       -4.0       -2.0       -3.0       -7.0     -215.0        7.0        9.0       -5.0       -2.0        5.0        6.0      -10.0       -7.0       -4.0        5.0        2.0       -8.0       -2.0       -8.0       -1.0        9.0       -1.0       -2.0       -9.0       -8.0        4.0        8.0        3.0       -9.0        7.0        0.0        2.0       -5.0       -7.0       -4.0       -6.0 =     1548.0
       8.0       -5.0       -7.0       10.0        2.0       10.0        7.0        9.0       -3.0        8.0        6.0      229.0        5.0      -10.0        4.0       -9.0        3.0        7.0        6.0        8.0        0.0       -7.0        1.0        2.0        9.0        4.0       -9.0       -9.0        2.0       -4.0        3.0       -3.0        9.0       -3.0        3.0       -2.0        6.0       -1.0        6.0       -6.0       10.0       -2.0 =     -594.0
      -8.0       -7.0       -6.0        7.0        2.0        0.0       -4.0       -7.0        2.0        0.0        3.0      -10.0      205.0       -8.0        5.0       -9.0        9.0       -9.0        1.0       -2.0       -2.0        5.0      -10.0       -8.0       -9.0        9.0       -6.0        1.0        2.0        6.0       -3.0       -5.0       -5.0       -1.0        4.0       -5.0       -7.0       -2.0        9.0        1.0        0.0       -2.0 =     -816.0
      -6.0        1.0       -3.0       -4.0       -8.0       -4.0       -3.0        6.0        8.0        6.0       -6.0        9.0       -6.0      208.0        6.0       10.0        5.0        0.0       -5.0       -9.0       -2.0        1.0        0.0       -1.0        5.0       -6.0       -9.0       -2.0       -6.0        5.0        0.0       -7.0        3.0       -3.0        8.0       -7.0        1.0        8.0       -6.0       -7.0       -5.0        6.0 =     1086.0
       7.0       -3.0        9.0       -3.0       -4.0       -4.0       10.0        2.0       -8.0      -10.0       -3.0      -10.0       -4.0       -5.0      197.0       -2.0        5.0       -4.0        6.0        5.0        3.0        0.0       -2.0        3.0        5.0       -8.0       -5.0        0.0        8.0       -4.0        6.0       -8.0       -8.0        1.0       -2.0        4.0       -7.0        0.0       -2.0       -7.0       -1.0       -7.0 =     -900.0
       3.0       -6.0       -2.0       -7.0       -2.0       -4.0       -8.0       -5.0       -9.0        7.0       -6.0        6.0        8.0        9.0        7.0      190.0       -7.0        6.0        1.0       -1.0        3.0      -10.0       -2.0        2.0       -2.0       -6.0        2.0       -3.0        4.0        7.0        7.0        1.0        0.0        1.0        0.0       -5.0        2.0       -3.0        5.0        5.0      -10.0       -2.0 =    -1056.0
      -8.0       -8.0        8.0       -2.0      -10.0        0.0        0.0       -4.0       -9.0        1.0       -6.0       -7.0       -2.0        8.0        1.0       -7.0     -211.0        9.0       -8.0       -4.0       -4.0        0.0       -7.0       -4.0       -1.0        0.0       -5.0        7.0      -10.0       -4.0        0.0       -1.0        5.0        4.0       10.0        1.0       -9.0        4.0       10.0       -9.0        4.0       -1.0 =    -1076.0
     -10.0       -6.0        9.0        2.0        3.0        2.0       -4.0       -7.0        9.0       -3.0        3.0       -5.0        4.0       -4.0       -6.0       -4.0       -5.0      215.0        7.0       10.0       -8.0        7.0        6.0        9.0        0.0      -10.0       -8.0        7.0        2.0       -7.0        2.0       -6.0        4.0        3.0        0.0        6.0        6.0        1.0       -2.0        6.0       -5.0        5.0 =      228.0
      -6.0       -1.0        1.0        6.0       -2.0       -1.0      -10.0       -4.0        3.0        9.0        8.0        4.0       -1.0       10.0        2.0        9.0       -8.0       -9.0      185.0        6.0        3.0        0.0        8.0        6.0        1.0        7.0        3.0       -2.0       -1.0        3.0        2.0        6.0       -6.0       -2.0       -1.0        2.0        2.0       -4.0        4.0       -8.0        4.0       -7.0 =    -1326.0
      -6.0        9.0        0.0       -6.0       10.0        9.0        1.0        0.0        3.0        8.0        5.0        2.0        9.0       -6.0       -4.0       -1.0       -9.0        7.0       -8.0      219.0        5.0        0.0        6.0        0.0       -9.0       -1.0       -3.0        6.0       -5.0        7.0        4.0       -4.0        3.0        9.0       10.0        4.0        9.0       -3.0        7.0       -5.0        7.0        1.0 =     -870.0
       9.0        9.0        4.0        5.0       -6.0        3.0       -3.0       -7.0       -5.0       -5.0       -6.0        9.0        1.0      -10.0        9.0       -8.0        9.0       -6.0      -10.0        5.0      244.0      -10.0       10.0        8.0        1.0       -9.0        8.0       -8.0       -4.0        0.0       -1.0       -1.0       -2.0       -1.0        6.0        8.0       -6.0        3.0        4.0       10.0        9.0        3.0 =     1883.0
      -5.0       -3.0        9.0       -8.0        3.0        1.0       -8.0       -3.0        3.0       -2.0       -2.0        4.0      -10.0        8.0        7.0        3.0       -2.0        6.0       -2.0       -8.0       -4.0     -203.0        9.0        4.0       -4.0        8.0       -7.0       -8.0        8.0        7.0        0.0        5.0       -1.0       -8.0       10.0        1.0       -1.0       -2.0       -7.0       -2.0        0.0       -9.0 =    -2130.0
       4.0        8.0       -5.0        6.0       -4.0       -6.0       -7.0        9.0        1.0        9.0        8.0        5.0       -4.0        3.0       -7.0       -9.0        8.0        1.0       -3.0       -4.0        7.0       -5.0      227.0       -3.0        0.0        3.0        7.0        8.0        1.0        8.0      -10.0        1.0       -9.0        6.0       -9.0       -2.0       -4.0        5.0        6.0       10.0       -1.0        2.0 =     2349.0
       7.0        7.0       -5.0        8.0       -5.0        9.0        4.0        1.0       -1.0        2.0       -5.0        5.0        0.0       -2.0       -2.0       -9.0       -3.0        7.0       -1.0       -9.0        2.0       -6.0        5.0      197.0       -7.0        5.0       -6.0        6.0       -9.0        5.0       -9.0       -6.0        5.0        8.0       -2.0        0.0        0.0       -9.0        3.0        8.0       -2.0        0.0 =     1176.0
      -2.0       -4.0       -4.0        9.0       -3.0       -1.0       -8.0       -6.0       -5.0        1.0        4.0        8.0       -2.0       -4.0        9.0        9.0        4.0        4.0       -4.0       -4.0        2.0        8.0       -6.0       -6.0     -212.0       -6.0        8.0        4.0        9.0       -7.0        3.0        4.0       -8.0        8.0       -4.0       -4.0       -5.0       -3.0        2.0        3.0        8.0       -6.0 =    -1449.0
      10.0        0.0        1.0       -5.0        0.0       -6.0        8.0        5.0        5.0       -4.0        9.0        7.0        4.0        5.0        1.0        7.0        1.0       -1.0        4.0       -3.0       -7.0        8.0        6.0       -6.0        3.0     -198.0        6.0        6.0       -2.0       -8.0       -2.0       -7.0       -9.0       -3.0        5.0        0.0       -8.0        7.0       -5.0        6.0        0.0        3.0 =     1099.0
       9.0        5.0        6.0        8.0        9.0       -6.0        6.0       10.0       -9.0       -8.0       -3.0      -10.0        2.0        1.0       -2.0        9.0       -1.0        7.0        1.0        6.0       -7.0        7.0        7.0       -8.0       -7.0       -2.0     -247.0        6.0        0.0        7.0        9.0       -9.0       -5.0        6.0       -9.0       -5.0        7.0       -1.0       -5.0        7.0       -2.0       -6.0 =     -217.0
      -6.0        7.0       -5.0       -2.0        9.0       -8.0        1.0       -6.0       -8.0        6.0       -1.0       -4.0       -2.0        1.0        3.0        5.0       -8.0       -7.0        2.0      -10.0        2.0        4.0        7.0        8.0       -1.0        3.0        4.0      191.0        4.0       -5.0        5.0       -9.0        0.0       -7.0        0.0        4.0       -3.0       -8.0        2.0        2.0        4.0       -5.0 =     -169.0
       0.0       10.0        6.0        9.0       -8.0       -2.0       -4.0        8.0       -3.0       10.0       -6.0       -1.0       -1.0        4.0      -10.0        5.0        6.0        8.0        6.0        0.0       -9.0        6.0       -9.0        3.0        0.0        7.0       -4.0        2.0      215.0       -1.0        8.0       -4.0        9.0       -4.0       -4.0       -8.0       -6.0        6.0        5.0        4.0       -5.0        2.0 =    -1000.0
       4.0       -4.0        7.0       -1.0       -7.0        2.0        4.0       -2.0        3.0       -9.0        1.0        3.0        2.0        7.0        7.0        8.0       -1.0        7.0        2.0        3.0       -5.0      -10.0       -7.0        2.0       10.0        4.0       -9.0       -8.0       -2.0     -195.0        0.0        0.0        3.0       -2.0       -1.0        7.0       -4.0       -9.0       -8.0       -1.0       -6.0        6.0 =    -1393.0
      -3.0        1.0       -1.0       -4.0       -1.0       -2.0       -4.0        6.0        9.0        6.0        9.0       -4.0        0.0        5.0      -10.0        3.0       -5.0        0.0       -3.0        0.0       -8.0        1.0       -1.0        6.0       -7.0        7.0       10.0       -7.0        7.0       -8.0      194.0       -3.0        4.0      -10.0       -3.0        6.0        0.0        4.0       -5.0       -2.0       -6.0       -6.0 =     1225.0
      10.0       -3.0       -2.0        3.0        8.0       -2.0       -1.0        0.0        4.0       -6.0       -6.0        0.0       10.0       -2.0        6.0        2.0       -9.0       -8.0       -2.0       -8.0       -9.0        3.0       -1.0        3.0       -4.0        1.0        1.0        0.0       -6.0       -3.0        9.0      185.0       -6.0       -6.0        6.0        1.0       -2.0       -8.0        8.0        2.0        3.0       -9.0 =     -810.0
      -9.0       -4.0       -1.0        9.0        3.0       -8.0       -8.0        6.0        4.0       -5.0        6.0        0.0        9.0       -1.0        8.0       -2.0        2.0        1.0        8.0       -8.0       -3.0        5.0        1.0        3.0        0.0       -8.0        3.0       -5.0       -8.0       10.0        9.0       -8.0     -195.0       -1.0       -2.0       -1.0       -3.0        7.0        0.0       -7.0        0.0        9.0 =     -184.0
       0.0       -1.0        6.0       -9.0       -4.0       -8.0        1.0       -5.0       -2.0      -10.0       -6.0        2.0        3.0       -3.0        5.0        8.0       -6.0       10.0        3.0       -9.0       -1.0       -2.0       -7.0        1.0        1.0        5.0        8.0        8.0        3.0       -3.0        1.0       -2.0       -3.0     -202.0        1.0        6.0       -9.0       -7.0       -6.0        3.0       -7.0       -7.0 =      976.0
       9.0       -3.0       -3.0        1.0        4.0        8.0        3.0        3.0        7.0        0.0        1.0        3.0        4.0       -8.0       -7.0       -8.0        3.0       -7.0       -6.0       10.0        7.0       -6.0        4.0        7.0        3.0       10.0        2.0       -1.0        3.0        0.0       -3.0        4.0        7.0        2.0      198.0       -8.0       -1.0       -6.0       10.0        2.0       -4.0        7.0 =      251.0
      -4.0       -1.0        6.0       -8.0       -2.0        4.0       -7.0        5.0       10.0        4.0        6.0        6.0        1.0       -3.0       -1.0       -9.0       10.0        2.0       -7.0        6.0        6.0        0.0        9.0       -5.0       -8.0       -7.0      -10.0        9.0        9.0        9.0       -2.0       -7.0        9.0       -1.0        8.0      223.0       -5.0        1.0        2.0        0.0        3.0        5.0 =     1330.0
       4.0       -1.0       -4.0        7.0       -8.0       -4.0        5.0       -8.0       -6.0        8.0        2.0       -5.0       -5.0        1.0        9.0        4.0       -7.0       -6.0        3.0        6.0       -2.0       10.0        8.0        5.0       -4.0        1.0       -5.0        6.0       -9.0        7.0       -5.0       -9.0        1.0        9.0       -3.0       -5.0     -211.0       -9.0        4.0       -2.0       -3.0       -1.0 =     1554.0
      -3.0        6.0        0.0       -2.0       -7.0       -6.0        0.0        6.0        8.0       10.0       -6.0        8.0        2.0        1.0        6.0       -5.0       -6.0       -6.0       -2.0        9.0       10.0      -10.0       -5.0       -3.0       -5.0       -5.0        1.0        3.0       -5.0       -3.0       -1.0        1.0        0.0       -6.0       -1.0       -9.0       -9.0     -194.0       -6.0        6.0       -1.0       -3.0 =     -232.0
       7.0        7.0       -9.0       -8.0        7.0       -2.0       -1.0       -7.0        9.0        7.0        9.0       -7.0       -9.0        8.0        2.0        8.0        5.0       -3.0       -1.0        9.0        9.0        1.0       -2.0       -9.0        8.0        7.0       -1.0        5.0       -1.0        8.0        0.0        4.0       10.0        7.0        2.0        9.0        4.0        1.0      227.0       -5.0        3.0        0.0 =     1908.0
       7.0        3.0        6.0        1.0        5.0       -6.0        3.0        1.0       -9.0       -7.0       -7.0        9.0        5.0       -7.0        3.0        9.0       -6.0       -2.0        2.0        6.0       -3.0       -8.0       -2.0        0.0        7.0       -9.0       -4.0       -4.0       -4.0       -2.0       -7.0        9.0        6.0       -4.0        7.0       -7.0        3.0        5.0        1.0     -220.0       -8.0        9.0 =    -1533.0
       4.0       -3.0       -4.0        1.0        8.0       -4.0       -7.0      -10.0       -7.0        1.0       -3.0        6.0        9.0       -3.0        8.0        1.0       -5.0        8.0       -3.0        6.0       -6.0        3.0        1.0       -4.0       -1.0       -2.0      -10.0        4.0        5.0       -8.0       -9.0       -1.0        1.0        5.0        3.0       -2.0        2.0        4.0       -8.0        5.0      195.0       -5.0 =     1050.0
      -8.0        4.0        0.0       -6.0       -1.0        3.0        8.0       -8.0       -2.0       -6.0       -7.0        6.0       -6.0        0.0       -6.0       -8.0       -9.0       -6.0        1.0       -2.0        1.0       -4.0       -4.0        7.0        2.0       -9.0       -4.0       -9.0       -2.0       -3.0       -7.0       -9.0       -3.0        7.0       -8.0        5.0       -1.0        4.0       -8.0        0.0       -9.0      205.0 =     -392.0

      -4.0        9.0       -4.0       -6.0        8.0       -9.0        3.0        1.0       -9.0        4.0       -6.0       -2.0       -6.0        6.0       -6.0       -6.0        4.0        1.0       -6.0       -3.0        7.0       10.0        9.0        6.0        7.0       -7.0        1.0       -1.0       -4.0        7.0        7.0       -5.0        1.0       -4.0        1.0        5.0       -7.0        1.0        6.0        7.0        6.0       -4.0
