42
    -191.0        4.0       -5.0       10.0        7.0       -8.0        2.0        0.0       -5.0        2.0       -3.0       -3.0        6.0       -1.0       -7.0       -9.0       -4.0        2.0       -3.0       -6.0        5.0       -3.0       -6.0       -2.0        2.0       -3.0       -7.0        3.0       -4.0        5.0        1.0        8.0        4.0       -2.0       10.0       -5.0        5.0        4.0       -7.0        4.0       -6.0       -4.0 =     1050.0
      -3.0     -215.0        0.0       10.0        3.0       -6.0        7.0       -6.0        2.0        4.0       -2.0        4.0        7.0        5.0        8.0        5.0       -8.0        8.0       -5.0       -9.0        5.0        6.0        3.0        4.0       -3.0        9.0       -2.0        8.0        5.0       -3.0       -8.0        9.0       -1.0        2.0        6.0       -4.0       -3.0        3.0        7.0        9.0        9.0        3.0 =    -1143.0
       1.0       -2.0      196.0        1.0        1.0        7.0        7.0        8.0       -9.0        2.0       -4.0        9.0        8.0        8.0        1.0        7.0       -1.0        4.0        8.0       -4.0        2.0       -2.0        3.0        2.0        4.0       -7.0      -10.0        8.0        4.0       -2.0        4.0        4.0       -3.0        3.0        4.0        6.0       -2.0        9.0       -2.0        0.0       -9.0       -4.0 =     1300.0
      -4.0        7.0       -6.0     -215.0        6.0       -6.0        8.0        8.0        8.0        7.0       -1.0        8.0       -9.0       -3.0       -9.0        2.0        7.0       -9.0        3.0        2.0        8.0        0.0       -6.0       -3.0        2.0        3.0       -8.0       -3.0       -4.0        3.0        7.0        4.0       -7.0        6.0       -3.0       -5.0       -7.0        4.0        2.0       10.0       -3.0       -2.0 =    -1584.0
       1.0       -8.0       -5.0       -7.0     -234.0       -3.0        3.0       -8.0       -4.0       -7.0       -9.0      -10.0        8.0        7.0        3.0        5.0        8.0        7.0       -2.0        9.0      -10.0        1.0        4.0        1.0        1.0       -5.0        3.0       -8.0       -6.0      -10.0       -7.0       -1.0        6.0       -9.0       -6.0        0.0        7.0        0.0        6.0        9.0        3.0      -10.0 =    -2770.0
       8.0        9.0       -5.0       -3.0        6.0      232.0        3.0        0.0       -9.0       -8.0        2.0       -3.0        5.0       -3.0       -8.0        5.0        0.0        3.0       -7.0        7.0        2.0        2.0        8.0        4.0        8.0       -1.0        9.0       -9.0        9.0       -1.0        9.0        6.0        3.0        9.0        6.0       -4.0        1.0       -9.0       10.0       10.0       -2.0        6.0 =     1240.0
      -2.0       -4.0       -9.0       -4.0       -1.0       -1.0     -217.0        6.0       -1.0        6.0       -7.0        7.0       -9.0        3.0        2.0       10.0        8.0       -3.0        5.0        3.0       -1.0        7.0       -8.0       -5.0       -8.0       10.0        5.0       -7.0       -6.0       -7.0        8.0       -3.0       -6.0       -3.0       -7.0       -4.0        2.0       -6.0       -2.0       -9.0       -3.0        7.0 =     -762.0
      -7.0        2.0        5.0       -9.0        0.0       -2.0        9.0      241.0       -8.0        3.0        4.0       -9.0       -3.0        5.0        0.0       -9.0        9.0        6.0       -6.0        3.0       -5.0        7.0        9.0        7.0       -7.0        1.0        9.0        2.0       10.0       -4.0       -3.0       -5.0       -9.0       -9.0        9.0        9.0        8.0       10.0        8.0       -5.0       -1.0        0.0 =    -1100.0
       8.0       -1.0       -7.0        7.0        7.0       -3.0       -4.0        0.0     -233.0        3.0       -1.0      -10.0        9.0       -7.0        3.0        4.0        4.0       10.0        2.0        3.0       -8.0       -5.0       -6.0        9.0        9.0        3.0       -2.0       -9.0      -10.0       -7.0       -8.0       10.0       -3.0        6.0       -4.0       -2.0        7.0       -7.0        4.0       -4.0       -1.0        7.0 =     2043.0
      -1.0        7.0       -9.0       -2.0       -4.0        5.0        9.0        9.0       -3.0      214.0        9.0       -3.0        0.0        4.0       -6.0       -1.0       -7.0        5.0        8.0       -6.0        8.0      -10.0        1.0        2.0       -7.0        1.0       -6.0       -6.0        7.0        6.0        0.0       -8.0        7.0        2.0        1.0       -5.0       -4.0        4.0        6.0       -5.0        4.0       -9.0 =     -434.0
       0.0      -10.0        7.0        7.0       10.0        7.0        4.0       10.0        1.0       -4.0     -223.0        2.0        4.0        5.0       -6.0        2.0        4.0        5.0        9.0       -4.0        8.0       -1.0        6.0        0.0        5.0      -10.0       -3.0        5.0        6.0       -8.0        3.0       -9.0        1.0        2.0        5.0       -8.0        7.0        0.0        6.0        9.0       -7.0        6.0 =    -1029.0
      -1.0       -5.0       10.0        6.0        3.0       10.0       -9.0        2.0       -1.0       -2.0        0.0      217.0       -8.0       -1.0        2.0        3.0        1.0       -4.0       -5.0       -3.0       -6.0        6.0      -10.0        8.0       -6.0        7.0       -9.0       -9.0       -1.0       -4.0        9.0       -9.0        0.0        5.0      -10.0        0.0       -8.0        0.0        2.0        9.0        6.0        8.0 =      203.0
      -6.0        6.0       -1.0       -1.0        5.0        7.0        4.0        2.0       -2.0        9.0        6.0        7.0     -200.0        0.0       -6.0        0.0       -2.0       -5.0       -3.0       -7.0        6.0       -7.0        0.0        9.0       -2.0        9.0       -7.0       -1.0        3.0       -5.0        3.0        9.0       -7.0       -2.0      -10.0       -4.0       -5.0        8.0       -9.0       -3.0        6.0        0.0 =     1372.0
       5.0       -6.0        1.0        3.0       -7.0        5.0        7.0       -7.0       -3.0        5.0       -4.0       -3.0       -7.0      196.0       -1.0       -4.0       -5.0       -5.0       -2.0        0.0       -3.0        1.0        3.0       -7.0       -9.0        4.0       -8.0       10.0       -1.0        5.0       -2.0        3.0       -7.0        2.0       -5.0        8.0       -4.0       -4.0       -4.0        8.0        0.0        9.0 =     1670.0
       6.0        1.0       -8.0        1.0       -8.0       -4.0       -9.0        6.0       -6.0        0.0        1.0        3.0        4.0        5.0     -220.0       -8.0        5.0       -5.0        3.0        1.0        4.0      -10.0        3.0       10.0       -2.0        0.0        7.0       -5.0      -10.0       -5.0        8.0      -10.0       -6.0        9.0       -2.0        9.0        0.0       -3.0       -9.0       -2.0        9.0       -6.0 =      486.0
     -10.0        3.0       -3.0       -2.0        5.0       -8.0        7.0        5.0       10.0        1.0       -6.0       -2.0       -6.0       -6.0        2.0      222.0       -3.0       -5.0       -1.0       -1.0       10.0        0.0       -8.0       -6.0        6.0        8.0        8.0       -1.0        6.0       -3.0       -6.0       -4.0       -9.0       -5.0       -5.0        6.0       -4.0        9.0        4.0       -5.0        9.0       -7.0 =      615.0
      -3.0        7.0       -2.0        9.0        5.0       -7.0        8.0       -5.0        2.0       -8.0       -8.0      -10.0       -8.0        5.0        2.0       -5.0      241.0       10.0        3.0       -8.0       -7.0       -1.0        5.0      -10.0        9.0        5.0       -3.0        0.0        4.0        0.0       10.0       -8.0       -3.0       10.0        6.0        2.0       10.0        9.0       -9.0       -1.0       -1.0       -5.0 =    -1750.0
       2.0       -2.0        7.0        5.0       -6.0        0.0        5.0       -6.0       -4.0       -9.0        7.0        6.0        0.0        3.0       -8.0        8.0        5.0     -204.0        8.0       -7.0        4.0        8.0        4.0       -8.0        7.0       -3.0        4.0        7.0        4.0        9.0        0.0       -2.0        7.0        2.0       -3.0       -2.0        6.0       -7.0        5.0       -2.0        1.0        1.0 =      888.0
       2.0       -5.0        0.0       -3.0        3.0        8.0       -2.0        9.0       -1.0        7.0       -2.0        7.0        1.0       -1.0        4.0       -1.0        8.0       -9.0      186.0        6.0        9.0        1.0       -9.0        0.0        9.0       -9.0        4.0       -3.0        2.0        2.0        8.0       -9.0       -1.0       -2.0       -2.0       -1.0       -2.0        5.0       -9.0        6.0       10.0       -3.0 =    -1784.0
      -3.0        6.0        6.0        3.0       -5.0       -9.0        7.0      -10.0        7.0       -4.0        2.0       10.0        2.0        1.0       -7.0        0.0        2.0        1.0       -3.0     -204.0        3.0       -5.0       -5.0        4.0       -6.0        0.0        1.0        9.0        0.0       -5.0        5.0        3.0       -7.0       -2.0        6.0       -2.0       10.0      -10.0       -2.0       -9.0       -5.0       -8.0 =    -1561.0
      -9.0        4.0       -2.0       -9.0       -7.0        4.0        3.0       -5.0       -6.0        1.0       -4.0        7.0        6.0        7.0        2.0      -10.0        2.0        6.0       -6.0        3.0     -229.0       -5.0       -3.0       -2.0       -6.0        8.0        9.0       -9.0       -1.0       -4.0        7.0        7.0       -8.0        3.0       -9.0       -5.0       -5.0       -1.0       -6.0        2.0       -9.0       -8.0 =      861.0
       4.0       -3.0       -8.0        6.0       -8.0       -8.0       -5.0        6.0        5.0        6.0        9.0       -3.0       -7.0       -1.0        9.0       -8.0       -2.0        9.0        3.0        8.0        1.0     -224.0        3.0        6.0        5.0       -5.0       -3.0       -3.0        2.0        3.0       -9.0        9.0       10.0        5.0       -2.0       -8.0       -2.0        9.0       -5.0       -6.0       -3.0       -1.0 =     1030.0
      -2.0       -4.0       -9.0       -1.0        7.0       -4.0        6.0        3.0        8.0        0.0        0.0        0.0        4.0        6.0        8.0       -7.0        2.0        8.0       -2.0       -2.0        9.0        8.0     -175.0        6.0       -4.0        3.0        6.0        1.0       -2.0        0.0       -9.0        5.0        0.0       -8.0       -4.0       -1.0       -3.0        5.0       -1.0        2.0       -4.0        9.0 =        0.0
       4.0        1.0       -6.0        2.0        8.0        0.0        1.0       -8.0       -8.0       -4.0        8.0       10.0        6.0        5.0       -8.0       -8.0        8.0       10.0       -5.0        3.0        5.0        4.0       -8.0     -221.0       -2.0        3.0      -10.0       -1.0        1.0        9.0        9.0        1.0        6.0        7.0       -3.0        9.0       -7.0       -2.0        7.0       -3.0       -4.0        0.0 =      905.0
       9.0       -1.0       -2.0       -5.0       -1.0        8.0        3.0        6.0        6.0      -10.0        6.0        4.0       -7.0        1.0       -1.0        9.0        2.0        8.0       -9.0        6.0       -9.0       -4.0        3.0        2.0      229.0       10.0       -3.0        7.0       -9.0        4.0        4.0        2.0       -9.0        5.0       -1.0        6.0       -9.0       -4.0        3.0        9.0       -7.0        6.0 =     -267.0
      -6.0       -5.0       -8.0        5.0        6.0       -2.0       -4.0        9.0       -6.0       -5.0        5.0       -3.0        2.0       -3.0       -8.0       -8.0        2.0       -2.0       -2.0       -7.0       -1.0       -6.0       -8.0        0.0       -9.0     -200.0       -1.0        9.0       -3.0        1.0       -8.0       -3.0        3.0       -7.0       -3.0       -4.0       -7.0       -2.0       -7.0       -1.0       -5.0       -6.0 =     1540.0
      -6.0        5.0        6.0       -2.0        7.0        7.0       -8.0       -1.0       -6.0        3.0        2.0       -2.0        4.0        6.0        1.0       -9.0       -8.0       -8.0       -6.0        4.0        5.0        2.0       -7.0       -4.0       -4.0       -1.0     -200.0        6.0        9.0       -4.0       -1.0        1.0       -5.0        4.0       -9.0        7.0       -1.0        1.0        8.0        9.0        4.0        2.0 =     1512.0
       4.0        0.0       -6.0        3.0       -2.0        6.0       -8.0        0.0        2.0       -3.0       -8.0        7.0       -8.0       -4.0        5.0       -9.0        9.0       -3.0        5.0       -9.0        8.0       -5.0        1.0       -2.0       -8.0        6.0        6.0      211.0        3.0       -8.0       -6.0       -4.0       -9.0      -10.0       -4.0        5.0       -1.0        3.0        1.0       -8.0        3.0        0.0 =      163.0
       2.0        6.0        1.0        0.0       -2.0        1.0       -9.0        1.0        9.0       -1.0        8.0        8.0       -5.0        3.0        3.0       -9.0        2.0        8.0      -10.0       -4.0        1.0       -6.0       -5.0       -2.0        1.0        6.0       -9.0      -10.0     -193.0        7.0        0.0        4.0        1.0        3.0       -3.0        6.0       -4.0       -9.0       -7.0       -1.0       -9.0        3.0 =    -1070.0
       7.0        3.0        3.0        1.0       -4.0        5.0        3.0       -6.0       -4.0        6.0        2.0        7.0       -8.0        6.0        8.0       -3.0       -5.0        5.0       -8.0       -3.0        6.0       -3.0        7.0        6.0        3.0       -9.0        4.0       -8.0        9.0      227.0       -8.0        4.0        1.0        6.0        1.0        5.0        6.0        6.0       -8.0        4.0       -7.0        9.0 =      828.0
      -7.0        7.0       -7.0       -5.0        2.0        5.0        7.0       -4.0       -6.0       -4.0        0.0        3.0        0.0        3.0       -2.0       -1.0      -10.0       -1.0       -8.0       -3.0       -6.0        3.0        7.0        7.0        2.0        9.0       -1.0        1.0       -3.0        0.0     -193.0       -9.0       10.0        7.0       -4.0        4.0       -3.0       -6.0       -6.0        2.0      -10.0        1.0 =    -1314.0
       7.0        6.0        4.0        9.0       -7.0        1.0        5.0       -3.0       -7.0       -6.0        1.0       -2.0       -9.0      -10.0       -8.0       -9.0       -9.0       -9.0       -7.0       -9.0       -3.0        4.0       -9.0      -10.0       -9.0       -7.0       -5.0       -9.0       -2.0       -4.0       -3.0     -242.0        2.0       -3.0        7.0        8.0       -4.0        3.0        3.0       -5.0       -7.0        2.0 =     1775.0
      -1.0        1.0       -1.0       10.0       -8.0        5.0       -8.0       -9.0       -4.0        3.0        6.0        2.0        3.0       -6.0      -10.0       -9.0       -2.0        1.0        0.0        2.0       10.0        3.0        2.0        5.0        0.0        3.0       -8.0       -6.0        0.0       -4.0       -6.0       -2.0      184.0       -1.0      -10.0        7.0        6.0       -4.0       -7.0       -1.0        0.0        1.0 =      882.0
       4.0        9.0       -5.0        7.0      -10.0       -6.0       -9.0        0.0        1.0        3.0        3.0       -2.0        8.0       10.0       -8.0       -6.0        1.0        1.0        7.0        4.0        9.0        8.0        7.0       -9.0       -3.0        4.0       -8.0      -10.0       -7.0       -6.0       -5.0        1.0        2.0      228.0       -2.0      -10.0        9.0       -6.0        9.0       -2.0        0.0        3.0 =    -1792.0
       4.0        9.0       -7.0       -4.0       -4.0       -8.0        4.0       -8.0       -9.0       -4.0        6.0        2.0       10.0        1.0       -1.0        2.0        9.0       -5.0        3.0        8.0        9.0        5.0        4.0        2.0       -9.0        7.0       -6.0       -1.0        8.0       10.0       -3.0        3.0       -6.0        5.0      223.0       -3.0        4.0       -9.0       10.0       -1.0       -9.0        0.0 =     1255.0
      -6.0        1.0       10.0      -10.0       -4.0       -1.0       -4.0        5.0        9.0        9.0        6.0       -3.0       -1.0        8.0       -3.0        1.0       -2.0        6.0       -2.0        6.0        5.0       -3.0        0.0        3.0        6.0        2.0       -5.0       -2.0       -4.0        6.0       -1.0       -4.0       -2.0        8.0       -8.0     -193.0        6.0        1.0       -7.0        4.0       -6.0      -10.0 =    -1074.0
      -1.0       -8.0        6.0       -8.0        7.0       -4.0        8.0       -5.0        5.0       -3.0        6.0        9.0        8.0       -5.0       10.0        0.0       -1.0       -4.0        5.0        9.0        2.0       -2.0        3.0       -2.0       -8.0        7.0       -4.0        0.0        6.0       -5.0       -7.0        9.0       -1.0        9.0        4.0       -5.0      220.0       -3.0      -10.0        6.0        4.0      -10.0 =    -1482.0
      -1.0       -1.0       -6.0        9.0        3.0       -4.0       -3.0       -6.0        9.0       -4.0       -9.0       -8.0       -8.0       -8.0       -5.0        6.0       -8.0        0.0       10.0       -1.0       -9.0        3.0       -7.0       -2.0        1.0        1.0       -9.0        4.0       -4.0       -7.0        6.0        3.0        4.0        4.0       -8.0       -4.0       -8.0     -214.0        1.0       -7.0       -1.0       -7.0 =      295.0
       5.0       -7.0       -7.0        6.0       -8.0        4.0        9.0        3.0       -8.0       -8.0        4.0        7.0        3.0        2.0        6.0       -6.0       -6.0       -4.0       -7.0       -7.0        9.0        0.0        3.0        0.0        8.0       -9.0       -1.0       -4.0        7.0       -8.0       -9.0        5.0       -8.0        3.0        9.0       -6.0       -9.0        7.0      250.0       -4.0       10.0       -9.0 =     2025.0
       3.0       10.0        0.0        8.0       -8.0        9.0        7.0       -5.0        9.0       -2.0      -10.0       -2.0        4.0        0.0        9.0        0.0       -4.0        0.0        9.0       -7.0        0.0        9.0       -6.0        8.0       -7.0       -6.0       -6.0        1.0        7.0       -3.0        6.0       -7.0       10.0       -8.0       -7.0       -8.0       -4.0       -5.0        1.0      223.0       -4.0        2.0 =     1356.0
       8.0        8.0        0.0       -1.0      -10.0       -5.0        8.0       -5.0       -8.0        4.0        3.0       -4.0       -3.0       -4.0       -3.0       -2.0       -9.0       -9.0       -1.0       -9.0        0.0       -7.0        0.0       -2.0       -5.0        1.0        9.0        3.0        2.0       -6.0       -9.0        1.0        3.0        8.0        2.0        7.0        5.0        4.0       -3.0       -3.0     -192.0        4.0 =      440.0
      -9.0        4.0        5.0        3.0        4.0       -1.0       -7.0       -3.0       -1.0        9.0       -7.0        3.0        8.0        1.0       -8.0       -1.0        6.0       -9.0       -2.0       -2.0        5.0       -4.0       -9.0        8.0        4.0       -8.0       -2.0       -9.0       -7.0       -9.0        0.0      -10.0        5.0       -8.0       -6.0       -7.0       -9.0        3.0       -3.0       -7.0        0.0     -225.0 =     3050.0

      -5.0        9.0        5.0        8.0       10.0        4.0        3.0       -4.0       -9.0       -2.0        7.0        1.0       -7.0       10.0       -2.0        3.0       -7.0       -6.0       -8.0        7.0       -3.0       -5.0        0.0       -5.0       -1.0       -5.0       -8.0        1.0        5.0        3.0        6.0       -5.0        6.0       -8.0        5.0        6.0       -6.0       -1.0        9.0        6.0       -2.0      -10.0
