42
     211.0       -5.0        6.0       -7.0        9.0        1.0        5.0       -1.0        1.0        8.0       -8.0       -3.0       -4.0       -9.0        7.0        7.0        6.0        0.0        8.0        6.0        7.0       -8.0        4.0        6.0        0.0       -4.0        2.0       -2.0        7.0        7.0       -5.0        4.0        0.0        0.0       -9.0       -5.0       -9.0       -2.0       -4.0       10.0      -10.0       -4.0 =    -1115.0
      -5.0      217.0       -4.0        6.0       -7.0       -6.0        3.0        9.0       -4.0        3.0        9.0        8.0        3.0       -3.0       -7.0        6.0        3.0        9.0        3.0        7.0        3.0       -1.0       -3.0        1.0       -4.0        1.0        7.0       -7.0        8.0       10.0        8.0        5.0        8.0       -3.0        0.0        7.0       -3.0        8.0        9.0       -5.0       -4.0       -3.0 =     2044.0
      -6.0       -7.0      218.0       -3.0       -6.0       -9.0       -3.0       -4.0        8.0       -6.0       -2.0        8.0        5.0        3.0        8.0        0.0        4.0        5.0        6.0       -3.0        9.0       -7.0        5.0       -1.0        9.0       -5.0        8.0        9.0       -9.0       -1.0        2.0       -5.0       -5.0        0.0        3.0       -3.0        7.0        3.0        5.0        7.0        8.0       -9.0 =     -984.0
      -6.0        6.0        5.0     -238.0        5.0        7.0       10.0        7.0      -10.0       -9.0       10.0        0.0        9.0       -2.0        4.0       -8.0        9.0       -4.0       10.0        0.0        2.0        3.0       -1.0        8.0        9.0       -1.0        8.0       -7.0       -3.0        4.0       -4.0       10.0        1.0        8.0        1.0       -6.0       -9.0        9.0        4.0       -4.0       -6.0       -7.0 =      880.0
      -7.0       -3.0       -7.0       -7.0      197.0        8.0       -6.0       -2.0       -9.0        1.0       -5.0       -5.0        4.0       -9.0       -1.0        0.0       -4.0        6.0        3.0       -6.0       -6.0       -3.0        0.0        1.0        3.0        0.0       -9.0        6.0        0.0        6.0        6.0       -3.0       -5.0        3.0        2.0       -8.0        8.0       -6.0       -6.0       -2.0        4.0        9.0 =      296.0
       7.0        2.0       -7.0        2.0       -9.0     -242.0       -9.0        8.0        6.0       -3.0       -4.0       -4.0       -8.0        8.0        0.0        8.0       -1.0        7.0        4.0       -7.0        5.0       -7.0       -8.0        8.0       -1.0       -6.0       -5.0        8.0      -10.0        8.0        5.0        9.0       -2.0        7.0        6.0        5.0       -4.0        6.0        8.0        3.0       -1.0       -6.0 =      856.0
       2.0        3.0       -8.0        8.0        8.0       -5.0     -210.0       -7.0        4.0        6.0       -3.0        8.0        4.0        3.0        0.0       -9.0       -6.0        6.0       -7.0       -5.0       -8.0      -10.0        6.0        8.0       -7.0        0.0       -9.0       -6.0       -5.0        3.0        2.0        0.0       -1.0        3.0        5.0       -8.0        0.0       -3.0       -1.0        4.0      -10.0       -5.0 =    -2000.0
       4.0       -1.0       -5.0        0.0       -3.0        1.0        4.0      212.0        5.0       10.0       -3.0        3.0       10.0       -5.0       -8.0        6.0       -3.0        8.0       -5.0       -7.0       -8.0      -10.0        2.0        2.0       -6.0       -3.0      -10.0        9.0        3.0       -6.0       -3.0       -7.0        0.0       -1.0       -1.0        8.0        0.0        6.0        5.0       -4.0       -8.0      -10.0 =     -905.0
       7.0       -6.0       -7.0        3.0        8.0       -2.0       -1.0       -4.0      200.0       -5.0        6.0        0.0        8.0        9.0        5.0       -2.0       -8.0        5.0       -8.0        3.0        3.0       -2.0       -5.0        1.0       -4.0        7.0       -9.0        0.0        4.0        5.0       -7.0       -7.0       -2.0        6.0        3.0       -2.0        5.0       -7.0        1.0       -7.0        1.0        7.0 =      808.0
       8.0        1.0        3.0       -7.0        5.0        1.0        1.0        6.0       -3.0     -188.0        9.0       -6.0       -2.0       -4.0       -8.0       -9.0      -10.0       -3.0        6.0        1.0       -3.0       -3.0       -3.0       -1.0        8.0       -5.0       -2.0        0.0       -1.0       -6.0        2.0        0.0       -2.0        3.0        5.0       -5.0       -7.0        6.0        5.0        8.0        7.0        4.0 =     -945.0
      -4.0        6.0        7.0        7.0       -1.0       -1.0        9.0      -10.0       -6.0        6.0     -187.0       -4.0        1.0        3.0       -5.0        3.0        1.0       -2.0        0.0       -9.0        3.0        2.0        7.0        5.0       10.0       -3.0       -5.0       -4.0        8.0       -5.0       -6.0       -3.0        3.0       -9.0        3.0        1.0        4.0        3.0        4.0        0.0        9.0        0.0 =     -954.0
       3.0       -2.0       -8.0        1.0       -1.0       -4.0        1.0        6.0       -8.0        5.0       -6.0      207.0       -1.0        0.0       -6.0        5.0       -9.0       -8.0       -9.0       -5.0       -6.0        2.0        9.0        2.0       -7.0        8.0        5.0        9.0       -4.0       -9.0       -3.0       -6.0       -1.0       -4.0        4.0       -4.0       -1.0        2.0       -6.0       -8.0       10.0        4.0 =     1099.0
      -4.0        5.0       -9.0        9.0        6.0       -7.0       -9.0       10.0        0.0      -10.0       -3.0       -1.0      213.0       -1.0        7.0        6.0        2.0        1.0       -4.0       -7.0       -9.0        2.0        2.0        6.0        6.0        1.0      -10.0       -2.0       -1.0       -8.0       -5.0       -4.0        1.0        0.0        6.0        4.0       10.0        9.0        9.0        4.0        2.0        9.0 =      236.0
       9.0       -9.0       -3.0        9.0       -9.0       -7.0        9.0        3.0        8.0        0.0        1.0        4.0        3.0     -218.0       -1.0       -6.0        6.0       -5.0        0.0       -8.0        2.0       -6.0       -6.0       -7.0        4.0       -4.0        6.0       -7.0        0.0        7.0        2.0        7.0        4.0        2.0       -2.0       -7.0        6.0       -5.0        9.0       -3.0      -10.0       -2.0 =    -1568.0
       0.0       -9.0        6.0      -10.0        4.0        4.0        0.0        0.0        1.0        6.0       -4.0        0.0        2.0       -5.0      186.0        9.0        4.0       -3.0       -8.0       -7.0        6.0        0.0       -6.0        2.0        6.0        8.0        6.0      -10.0       -9.0       -3.0       -3.0       -4.0        8.0        1.0       -2.0       -4.0       -3.0        4.0        6.0       -3.0        4.0        0.0 =    -1080.0
      -5.0       -1.0        4.0       -6.0       -5.0        0.0        5.0      -10.0       -9.0       -2.0        9.0       -1.0        4.0       -7.0        1.0     -174.0        4.0       -3.0        4.0       -6.0       10.0       -2.0        5.0        1.0       -3.0        1.0       -2.0       -5.0        2.0        8.0        0.0        1.0       -2.0        6.0       -4.0       -4.0       -6.0      -10.0       -4.0        2.0        5.0        3.0 =    -1960.0
       0.0        3.0        6.0       10.0        4.0        3.0        9.0       -4.0       -1.0        2.0       -4.0      -10.0        8.0        7.0       -7.0       -3.0      210.0       -9.0        0.0        9.0       -5.0        4.0       -6.0       -7.0        6.0        7.0       10.0       -2.0        9.0       -1.0        7.0       -3.0        3.0        2.0       -2.0       -3.0        9.0       -1.0        6.0       -4.0       -9.0        3.0 =    -1792.0
       3.0      -10.0       -2.0        4.0       -1.0        7.0        5.0       -8.0       -1.0        9.0       -6.0       -7.0        0.0       -4.0        6.0      -10.0        3.0     -208.0        8.0       -8.0       -2.0        5.0        9.0        6.0       -8.0        4.0       -4.0        5.0       -2.0        1.0       -9.0       -8.0        1.0        0.0        1.0        6.0        0.0        5.0       -8.0       -7.0        5.0       -5.0 =     1800.0
      -7.0        9.0       -9.0       -2.0      -10.0        2.0       -4.0       -4.0        4.0       -3.0       -8.0       -5.0        7.0       -3.0       -3.0       -8.0       -6.0        9.0      234.0        7.0       -6.0       -7.0        4.0        6.0        2.0       10.0       -3.0        8.0        0.0        6.0        5.0       -8.0       -1.0       -5.0       -5.0        9.0        6.0       -5.0       -8.0        6.0        4.0        8.0 =    -2260.0
     -10.0        1.0       -4.0       -6.0        7.0        0.0        8.0      -10.0        0.0       -5.0       -1.0       -1.0       -3.0       -7.0        7.0      -10.0       -3.0        5.0       10.0     -213.0        6.0       -6.0       -8.0       -9.0        9.0       -2.0        4.0        3.0       -8.0       -7.0        4.0       -1.0       -1.0        2.0        9.0        7.0        1.0       -2.0       -5.0        5.0        9.0       -1.0 =     1130.0
      -1.0       -7.0       -7.0        6.0       -3.0        0.0       -9.0        0.0       -1.0       -6.0       -1.0       -8.0       -5.0        5.0       -3.0        3.0        6.0        7.0        9.0        6.0      212.0       -9.0        1.0       10.0       -8.0       -6.0       -3.0       10.0       -1.0       10.0        8.0        5.0        5.0       -4.0        3.0        6.0       -3.0       -1.0        2.0       -6.0       -7.0        6.0 =    -1768.0
       9.0        9.0       -7.0        8.0        1.0       -3.0        6.0        1.0        6.0        1.0       -7.0        4.0       -5.0       -6.0        0.0       -5.0       -3.0        2.0        9.0        1.0       -3.0      215.0        9.0       -9.0       10.0       -6.0        5.0        7.0        0.0        9.0       -2.0       -5.0        9.0        2.0       -8.0       -7.0        6.0       -2.0        3.0        7.0        8.0       -1.0 =     2680.0
      -4.0        9.0      -10.0       -4.0        2.0       -2.0        8.0       -3.0        2.0        9.0       -1.0        0.0        6.0        0.0       -5.0        0.0       -7.0        5.0        0.0        1.0        4.0       -7.0     -229.0       -5.0       -8.0       -9.0       -9.0        6.0        9.0        5.0        8.0       -3.0        9.0        6.0       10.0        9.0      -10.0       -8.0        1.0        4.0       -3.0        9.0 =     1845.0
       9.0       -3.0        2.0       -8.0        3.0       -1.0        5.0       10.0        3.0        0.0       -1.0        6.0       -7.0        6.0       -6.0       -4.0       -3.0       -6.0        8.0        7.0       -2.0       -3.0       -9.0     -187.0       -4.0       -9.0        1.0        4.0        4.0       -1.0        4.0        6.0       -1.0       -6.0        6.0       -3.0       -6.0       -6.0        1.0        1.0       -1.0       -4.0 =      195.0
       9.0        8.0       -2.0        8.0        9.0       -7.0       -1.0       -7.0       -5.0        3.0        6.0        2.0       -1.0       -1.0       -9.0        9.0        5.0        5.0       -3.0       -7.0        2.0       -5.0       -1.0       -5.0      206.0        1.0       -6.0       -1.0        9.0        2.0       -8.0       -3.0       -4.0        9.0        0.0       -7.0        4.0        3.0       10.0       -7.0       -2.0       -4.0 =     2140.0
      -9.0       -5.0        0.0       -4.0        5.0        8.0       -5.0        1.0        0.0       -9.0       -9.0        6.0        0.0        5.0        4.0        2.0       -4.0        9.0       -6.0        9.0       -2.0        2.0       -6.0        3.0        6.0      192.0       -2.0       -4.0       -4.0      -10.0       -6.0       -3.0       -4.0        2.0       -5.0        9.0        0.0        1.0        3.0       -3.0        6.0       -8.0 =      330.0
      -5.0       -9.0        7.0        9.0       -3.0       -3.0        4.0        8.0       -5.0        6.0        0.0        2.0       -3.0       -5.0      -10.0       -7.0       -1.0        3.0        7.0        4.0        3.0        8.0       -6.0       -9.0        1.0       -5.0     -218.0       -4.0       -2.0        8.0      -10.0       -9.0       -8.0        0.0        7.0        5.0       -4.0        2.0        4.0       -9.0       -6.0       -2.0 =    -2040.0
      -8.0       -3.0       -3.0       -2.0        6.0        8.0       -6.0        8.0       -8.0      -10.0        1.0        7.0       -1.0       -5.0        6.0        1.0       -8.0        5.0        3.0        4.0        4.0       -9.0       -8.0       -7.0        0.0        3.0        6.0     -217.0        0.0       -9.0       -4.0       -3.0       -5.0        7.0       -4.0        5.0       -8.0       -8.0        5.0        2.0        4.0       -8.0 =      777.0
      -3.0       -1.0        5.0       -7.0       -2.0        8.0        1.0       -4.0       -6.0       10.0       -7.0      -10.0        1.0        7.0        6.0       -1.0        2.0        6.0        7.0       -6.0       -1.0       -7.0        9.0       -9.0        6.0       -3.0       -3.0       -5.0      225.0        6.0        9.0      -10.0        1.0        8.0        1.0      -10.0        0.0        8.0        4.0       -8.0        5.0       10.0 =     1694.0
      -1.0        6.0        0.0        3.0       -9.0        4.0       -3.0        4.0        2.0       -3.0        0.0        6.0       -5.0       -3.0       -3.0        9.0       -4.0       -4.0       -4.0        7.0        6.0        0.0        3.0        0.0        5.0        7.0       -5.0        8.0        8.0     -183.0       -2.0       -7.0        6.0       -1.0       -7.0       -2.0       -6.0       -5.0       -1.0        8.0       -8.0       -3.0 =     -885.0
      -5.0       -5.0        3.0        2.0        4.0       -4.0        7.0        1.0        4.0       -4.0       -8.0        1.0       -9.0        2.0        7.0       -8.0       -1.0       -3.0       -6.0       -5.0        0.0        5.0        6.0       -9.0       -5.0        6.0       -1.0       -3.0       -3.0        4.0     -197.0        8.0        3.0       10.0       -8.0       -7.0       -7.0      -10.0        3.0       -2.0       -3.0       -2.0 =      956.0
       1.0        4.0        0.0       -3.0        1.0        6.0       -8.0        6.0        6.0       -9.0       -4.0       -9.0       10.0        9.0       -9.0       -1.0       -9.0       -4.0        2.0        4.0       -9.0        3.0        4.0        1.0        6.0        8.0        1.0       -1.0       -3.0       -9.0       -5.0     -188.0      -10.0        5.0        6.0       -2.0        0.0       -3.0        1.0        4.0        0.0       -2.0 =     1400.0
       0.0       -8.0        8.0        0.0        8.0        5.0       -7.0       -5.0        0.0       -2.0        0.0        0.0        5.0        6.0       -4.0        3.0       -7.0        0.0       -4.0       -8.0       -1.0       -4.0       -8.0        2.0       -2.0        3.0        9.0       -5.0        5.0        2.0        5.0        7.0     -184.0        8.0        6.0        1.0        2.0       -7.0       -6.0       10.0        6.0       -5.0 =     -498.0
       9.0       -5.0        7.0        0.0       -9.0       -6.0        8.0        1.0       -6.0      -10.0       -7.0       -5.0       -3.0        3.0       -2.0       -7.0       -9.0       -7.0       -9.0       -9.0       -8.0        7.0        5.0        5.0      -10.0       -8.0        0.0       -3.0        2.0       -3.0        5.0        9.0        5.0      233.0       -1.0        2.0       -3.0       -7.0        7.0       -8.0        1.0       -6.0 =     -474.0
      -8.0        4.0        9.0        0.0        4.0       -1.0        4.0       -2.0       -4.0        1.0        5.0       10.0       -1.0       -8.0       -7.0        1.0        0.0       -4.0        8.0       -7.0       -1.0       -2.0       -5.0       -5.0       -9.0        1.0       -1.0       -8.0        9.0        3.0        9.0       -5.0        7.0        1.0     -191.0       -7.0        7.0        0.0       -2.0        0.0        8.0        5.0 =     -728.0
       9.0        5.0        2.0        7.0       -1.0       -6.0       -8.0        5.0       -3.0       -3.0        3.0        8.0      -10.0       -8.0        9.0       -3.0       10.0        0.0        0.0        9.0        0.0       -9.0      -10.0       -4.0        0.0      -10.0       -4.0        3.0       -3.0        4.0        1.0        5.0        3.0       -4.0       -6.0      212.0        9.0       -4.0       -3.0        7.0       -3.0       -4.0 =     2050.0
       9.0       10.0        4.0       -9.0        2.0        9.0       -6.0       -2.0        3.0       -4.0        1.0       -1.0       -2.0       -2.0        7.0        4.0        4.0        8.0       -1.0        7.0       -1.0       -1.0       -3.0        1.0        4.0       -6.0        5.0        8.0        2.0       -8.0        4.0       -7.0        2.0        5.0        5.0       -3.0      194.0        7.0       10.0       -5.0       -5.0        2.0 =     2008.0
      10.0       -3.0       -1.0       -7.0        5.0       -7.0       -4.0       10.0        8.0        5.0       -4.0        8.0        7.0       -2.0        3.0        7.0       -1.0        9.0        8.0        1.0      -10.0       -9.0        5.0        6.0        2.0       -2.0       -2.0       -6.0       -8.0       -2.0      -10.0       -2.0       -3.0        2.0        4.0        5.0        0.0     -205.0       -2.0        7.0       -1.0        2.0 =     1770.0
      -3.0        1.0        6.0        9.0        2.0       -1.0       -9.0       -6.0        3.0       -9.0        7.0        5.0        6.0        6.0       -7.0       -8.0        2.0       -5.0        6.0       10.0        5.0       -2.0        6.0       -7.0        6.0        6.0        6.0        6.0       -1.0        0.0       -8.0        0.0        4.0        5.0       -4.0       -7.0        5.0       -4.0     -202.0       -5.0       -1.0       -3.0 =      720.0
      -8.0       -3.0        5.0        6.0        6.0        7.0       10.0        6.0        5.0       -6.0        8.0        7.0        4.0       -7.0       -9.0        8.0       -7.0       -3.0        0.0       10.0        1.0       10.0       10.0        8.0        0.0        9.0        6.0       -7.0        7.0       -3.0       -7.0        9.0        2.0        6.0        0.0       10.0       -1.0        4.0        4.0     -242.0       -9.0        3.0 =      987.0
      -8.0        7.0        8.0        8.0       -7.0        1.0       -8.0       -8.0        8.0       -3.0        7.0       -9.0       -7.0        9.0       -5.0       -9.0        2.0        4.0       -1.0        4.0        8.0        8.0       -7.0       -3.0       -4.0       -7.0       -8.0        9.0       -6.0        9.0       10.0        2.0        1.0       -2.0       -8.0        8.0        8.0        1.0        6.0       -3.0      251.0        5.0 =     2710.0
       0.0       -1.0      -10.0        7.0       -3.0        7.0        2.0        7.0       -5.0        7.0        2.0       -7.0       -9.0       -8.0        6.0       -6.0        6.0       -3.0        6.0       -9.0        2.0        7.0        5.0       -9.0        2.0        0.0      -10.0       -4.0        3.0       -8.0        6.0        0.0       -5.0        9.0        3.0        7.0        6.0        4.0        9.0       -6.0        4.0      229.0 =     1701.0

      -5.0        7.0       -4.0       -5.0        2.0       -4.0        8.0       -5.0        4.0        5.0        6.0        7.0        1.0        7.0       -6.0       10.0       -7.0       -8.0      -10.0       -5.0       -8.0       10.0       -9.0       -1.0       10.0        2.0        8.0       -3.0        7.0        5.0       -4.0       -7.0        3.0       -3.0        4.0       10.0        8.0      -10.0       -4.0       -7.0       10.0        7.0
