42
     185.0       -2.0        0.0        8.0        3.0       -3.0        5.0        4.0        4.0       -3.0        9.0       -5.0       -3.0        5.0       -6.0        4.0        3.0        5.0       -9.0       -7.0        8.0        0.0       10.0       -4.0       -1.0        0.0       -1.0        2.0       10.0       -2.0       -8.0        6.0       -9.0        0.0        2.0       -6.0       -3.0       -3.0        4.0       -5.0        8.0        4.0 =     1045.0
     -10.0     -219.0        1.0        8.0       -8.0        9.0       10.0        1.0       -8.0        1.0        9.0       -6.0       -4.0        1.0        2.0        8.0       -8.0        0.0       -8.0       -1.0       -3.0       -8.0       -6.0       -2.0        4.0       -4.0        7.0        1.0       -7.0        3.0       -5.0       -9.0        2.0       -7.0       -4.0       -3.0       -7.0        3.0       -3.0        6.0       -7.0       10.0 =     1827.0
       6.0        8.0      224.0        6.0        9.0       -1.0       10.0        1.0       -3.0        8.0      -10.0       -1.0       -4.0        6.0       -8.0        7.0       -5.0        3.0       -3.0       -5.0        8.0        1.0       -3.0        0.0        3.0       -5.0        5.0        9.0        8.0        2.0        4.0       -6.0        5.0       -2.0       -9.0       -5.0       -9.0       -3.0        4.0       -7.0       -7.0        8.0 =    -1494.0
       2.0        4.0       -9.0     -207.0        6.0       -4.0       -7.0        5.0        1.0        1.0       -7.0        5.0        7.0       -5.0        8.0       -6.0        0.0        0.0        7.0        4.0       -3.0       -6.0       -7.0       -5.0        3.0        6.0        7.0       -8.0        6.0        2.0       -1.0       -6.0        1.0        7.0       -9.0        9.0        4.0        3.0        7.0       -8.0       -5.0        5.0 =        0.0
       7.0       -9.0       -3.0        1.0     -218.0        5.0        9.0       -3.0        3.0       -5.0        9.0        1.0        7.0       -3.0       -8.0       -9.0        0.0      -10.0        4.0       -1.0        7.0       -5.0       -5.0        1.0        7.0       10.0        5.0        2.0        2.0       -9.0        3.0        0.0       -3.0        5.0       -9.0        3.0       -4.0        7.0       -1.0       -8.0       -8.0       -9.0 =     -928.0
      -5.0      -10.0       -5.0       -8.0        5.0      236.0        5.0        3.0        5.0        3.0       -6.0        6.0      -10.0        7.0        9.0        6.0        7.0        4.0       -4.0       -1.0       -7.0       -9.0        4.0        9.0        0.0        7.0       -2.0        1.0       -8.0        0.0       -8.0      -10.0        3.0       -3.0       -6.0       -4.0       10.0        3.0       -8.0       -2.0        9.0        6.0 =    -2320.0
     -10.0       -1.0        2.0        3.0       -3.0        8.0     -202.0        4.0       -9.0        6.0        2.0       -9.0        6.0        8.0        7.0        4.0       -2.0        1.0       -3.0        8.0       -4.0       -5.0        0.0       -7.0       -4.0       -4.0       -9.0        3.0       -7.0       -8.0        5.0       -4.0        1.0       -2.0       -2.0        4.0       -4.0       10.0        9.0        3.0       -1.0       -7.0 =     1704.0
       5.0        6.0        6.0        9.0       -1.0        5.0        3.0     -210.0       -2.0      -10.0       10.0        5.0        5.0       -8.0       -2.0       -1.0        4.0        7.0        9.0        4.0        2.0        9.0        6.0       -5.0       -6.0       -5.0       -1.0        3.0       -7.0        4.0       -4.0       -9.0        2.0        7.0       -7.0        0.0        8.0       -7.0        8.0       -7.0        0.0       -1.0 =     -332.0
       2.0        7.0        8.0        8.0       -3.0       -1.0       -9.0        2.0     -194.0        0.0        9.0       10.0       -5.0        0.0       -8.0       -1.0       -4.0       -2.0       -8.0       -1.0        6.0        4.0        5.0       -2.0       -8.0        6.0       -8.0      -10.0       -1.0        3.0        3.0       -1.0       -5.0        7.0        4.0       -2.0       -4.0       -2.0        2.0        8.0        7.0       -1.0 =     1074.0
      -5.0        3.0       -3.0        7.0        3.0        7.0       -6.0       -3.0        7.0     -181.0       -5.0       -5.0        8.0        3.0       10.0        9.0        8.0        1.0       -7.0        1.0       10.0        9.0       -3.0       -6.0       -3.0        0.0        3.0        3.0        6.0       -4.0        0.0        6.0        9.0        0.0        2.0        5.0        0.0       -3.0        2.0        0.0       -1.0       -4.0 =      117.0
      -1.0        5.0       -8.0        8.0        0.0        7.0        5.0       -2.0        7.0        9.0     -195.0        3.0        2.0       -5.0       -5.0       -3.0       -3.0        6.0        1.0       -7.0        6.0        1.0       10.0        8.0        1.0        9.0       -6.0        6.0        8.0        0.0       -8.0        5.0        1.0       -5.0       -2.0        4.0       -9.0       -4.0        5.0        2.0        2.0        5.0 =     -411.0
      -6.0       -8.0       -8.0       -1.0        7.0        2.0       -7.0        5.0       -8.0        5.0        6.0      206.0       -3.0        1.0        2.0        5.0       -7.0       10.0       -1.0        9.0       -6.0        5.0       -5.0       -3.0       -7.0        2.0       -2.0       -6.0        4.0        0.0       10.0       -4.0       -5.0       -3.0       -6.0       10.0        0.0       -9.0       -2.0        4.0       -4.0       -4.0 =    -1780.0
       8.0        2.0       -3.0        0.0        5.0       -2.0       -5.0       -2.0        9.0       -4.0        6.0       -5.0      189.0       -8.0       -3.0        1.0        5.0       -4.0        2.0        5.0       -6.0       -9.0        8.0       -1.0        7.0        4.0        7.0        8.0        2.0       -4.0       -8.0       -1.0       -8.0        7.0       -4.0       -8.0       -7.0        0.0        4.0       -3.0        0.0        2.0 =    -1488.0
      -8.0       -1.0       -3.0       -5.0       10.0        7.0       -1.0        1.0       -9.0       -2.0       -9.0        1.0       -3.0     -219.0        8.0       -3.0        0.0       -2.0        8.0       -3.0       -4.0        9.0       -9.0       10.0       -7.0       -5.0        2.0        4.0       -6.0       -3.0       -8.0       -2.0       -9.0        9.0       -8.0        5.0        7.0       -7.0        1.0        2.0       -9.0       -6.0 =    -1068.0
      -9.0       -1.0        7.0       -4.0        0.0        2.0       -6.0        5.0        0.0       -3.0       -8.0       -4.0        7.0        0.0     -210.0        5.0       -1.0        2.0        8.0        4.0       -6.0        6.0       10.0       -6.0        2.0       -9.0        0.0       -9.0       -5.0        0.0        9.0        3.0        4.0        8.0       -5.0       -9.0       -3.0       -8.0        5.0       -9.0       -8.0        6.0 =     -690.0
      -8.0        7.0        8.0       -3.0        2.0       -2.0       -4.0       -1.0        7.0       -8.0       -9.0        8.0        3.0       -1.0      -10.0     -230.0       -5.0       -4.0        9.0        8.0        0.0        4.0       -3.0       -8.0        4.0       -9.0       -3.0       -3.0        8.0       -2.0       -8.0       -2.0        7.0       -3.0      -10.0        5.0      -10.0       -8.0       -5.0       -8.0       -7.0        4.0 =     -290.0
       4.0       -8.0        3.0        1.0        5.0        5.0       -4.0        4.0        9.0        1.0        8.0        8.0        7.0       -1.0        5.0        1.0     -182.0       -1.0        0.0        4.0        9.0        3.0       -4.0        0.0       -1.0        3.0        2.0       -3.0        0.0       -7.0       -9.0        5.0       -7.0        5.0        9.0       -5.0       -5.0        8.0        4.0        4.0       -2.0        3.0 =      595.0
      -2.0        7.0        4.0       10.0        3.0        9.0       10.0        7.0       -8.0        8.0        3.0       -3.0        8.0        6.0        8.0        3.0       -6.0      240.0       -4.0        2.0       -3.0        9.0        5.0        3.0      -10.0       -5.0        8.0        9.0       -7.0        2.0       -5.0        7.0        2.0       -9.0        3.0       -6.0        8.0        1.0       -8.0       -5.0        0.0        4.0 =      308.0
      -7.0        9.0        0.0       -3.0        4.0       -7.0        4.0        4.0        9.0        9.0       -8.0        1.0        9.0        9.0        4.0       -8.0       -4.0       -4.0     -204.0        6.0       -3.0        5.0       -5.0       -7.0       -6.0        6.0       -2.0        2.0        4.0       -5.0        5.0        1.0        6.0        1.0       -7.0        0.0       -1.0        0.0       -7.0       -9.0        0.0       -9.0 =     1872.0
       4.0       -8.0        1.0        4.0        0.0       -3.0        7.0       -3.0       -1.0       -1.0        6.0        3.0       -9.0        8.0       -4.0        2.0       -5.0       -3.0        9.0     -202.0       -6.0       -4.0        2.0       -6.0       -7.0       -3.0       -8.0       -8.0       -6.0       -6.0       -7.0       -1.0       -4.0        8.0        4.0        2.0        2.0        0.0        4.0        8.0       10.0       -7.0 =      684.0
      -8.0        1.0        6.0        7.0        3.0       -3.0       -3.0        1.0        9.0       -1.0        2.0       -4.0        5.0       -2.0       -9.0        8.0        0.0        4.0       -2.0       -5.0      194.0       -4.0        3.0       -6.0       -1.0        5.0        8.0       -9.0       -1.0       -4.0        1.0       10.0        2.0       -7.0       -7.0        7.0        0.0        5.0       -4.0       -4.0       -5.0       10.0 =     1212.0
       1.0        7.0        0.0        9.0        9.0        3.0       -1.0        1.0       -2.0        2.0       -4.0        0.0        3.0       -5.0        0.0       -9.0        5.0        2.0        2.0       -3.0       -9.0     -167.0      -10.0       -6.0       -2.0       -1.0        2.0       -6.0       -4.0        0.0        1.0       -3.0      -10.0        8.0        2.0        0.0       -3.0       -4.0       -2.0        6.0        6.0       -6.0 =    -1692.0
       8.0       -8.0        1.0       -8.0       -3.0       -8.0        8.0        9.0        9.0       -4.0        9.0        4.0        5.0       -7.0        2.0        7.0       10.0       -4.0        9.0       -6.0       -5.0       -3.0     -269.0        4.0        4.0        9.0        5.0       -7.0        4.0       -7.0        5.0       -8.0       -8.0       -8.0        7.0       -9.0        5.0       -8.0       -6.0       -5.0       -6.0       -9.0 =     1974.0
       0.0       -5.0        7.0       -4.0       -8.0        6.0       -1.0        0.0       -4.0        2.0        2.0        8.0        0.0        6.0        8.0       -8.0        4.0        8.0       -7.0       -1.0        4.0       -5.0        0.0      200.0       -2.0        3.0       -6.0        9.0        4.0        5.0       -8.0       -6.0       -5.0        1.0       -4.0       -4.0        7.0       -8.0        8.0       -6.0        7.0       -6.0 =      804.0
      -9.0        1.0        8.0       -4.0        4.0        8.0       -3.0       -1.0       -2.0       -8.0        2.0       -8.0        4.0       10.0       -2.0        7.0        7.0        7.0        5.0      -10.0       -9.0        9.0       -5.0        6.0     -228.0       -1.0        9.0       -3.0        3.0       -4.0        3.0       10.0       -6.0        3.0        6.0       -9.0       -5.0       -7.0       -5.0        0.0        2.0       -4.0 =     1314.0
       5.0        8.0       -2.0       -9.0        6.0       -6.0        6.0       -3.0       -5.0        5.0       -4.0       -9.0        3.0       -6.0        5.0        0.0        1.0        9.0       -9.0       -6.0       -7.0        8.0        8.0        9.0        0.0      231.0        1.0       -2.0       -7.0       -8.0       -6.0       -6.0        9.0      -10.0       -9.0        7.0        0.0       -4.0       -7.0       -4.0        5.0        3.0 =      400.0
      10.0        7.0       -7.0       -2.0        8.0        2.0       -3.0       -4.0       -8.0       -4.0        8.0       -7.0        9.0        7.0       -5.0        5.0       -9.0       -2.0       -3.0        4.0        9.0       -2.0       -5.0        6.0       -1.0       -2.0     -225.0        1.0        6.0       -9.0       -9.0       -5.0       -5.0        4.0       -6.0        0.0       10.0        1.0       -7.0       -3.0       -5.0       -9.0 =     1000.0
      -7.0       -2.0       10.0        4.0       -5.0       -9.0       -4.0        2.0       -8.0       -9.0       10.0      -10.0        4.0       -2.0        8.0       -1.0       -4.0        5.0        9.0        7.0        0.0       -6.0       -5.0        2.0        1.0       10.0       -4.0      246.0        6.0        9.0       10.0       -3.0        8.0       -4.0      -10.0       -9.0        6.0       -6.0        6.0       -5.0        4.0        9.0 =    -1315.0
      -7.0        9.0       -8.0       -8.0       -6.0       -5.0        8.0        9.0       -1.0       -6.0        2.0        4.0       -2.0       -7.0        0.0        3.0        1.0        8.0        5.0        1.0       -6.0       -2.0        4.0        2.0       -4.0       -3.0        9.0        8.0      222.0        6.0        8.0       -6.0        4.0        1.0       10.0        4.0       10.0        2.0       -1.0       -9.0      -10.0       -8.0 =      241.0
       1.0       -7.0       -9.0        0.0       -1.0        8.0       -9.0        0.0        5.0       -5.0       -2.0        8.0       -3.0        8.0       -8.0        7.0       -9.0       -1.0       -6.0        4.0        6.0       -9.0        9.0       -8.0        2.0        4.0       -4.0      -10.0       10.0     -240.0        8.0        2.0        9.0        4.0       -7.0        8.0        8.0       -4.0        9.0       -8.0       -6.0       -3.0 =      717.0
      -6.0       -2.0        7.0        7.0       -1.0        1.0        6.0       -2.0        2.0        7.0       -4.0      -10.0       -8.0       -1.0        1.0       -1.0        4.0       -1.0       -6.0        0.0       10.0        2.0        6.0        6.0        6.0        6.0       -4.0        1.0        5.0        0.0      194.0       -8.0        7.0       -7.0        7.0       -6.0       -1.0       -2.0       -7.0        8.0       -3.0       -9.0 =      204.0
       2.0       -8.0        7.0        9.0        7.0      -10.0        0.0        0.0        8.0       -4.0       -5.0        9.0      -10.0        0.0        9.0       -7.0        1.0        5.0       -4.0        4.0       -6.0        4.0        8.0        9.0       -7.0       -8.0       10.0       -1.0       -6.0       -1.0        9.0     -254.0        9.0       -7.0        8.0        3.0       -9.0        9.0       -4.0        3.0        9.0      -10.0 =    -1752.0
       3.0       -1.0       -5.0       -4.0        3.0        0.0       -1.0       -3.0       -4.0       -6.0        0.0        8.0        9.0       -7.0       -3.0        5.0        2.0        3.0        5.0       -3.0        0.0        4.0        1.0       -6.0        8.0        7.0       -5.0        3.0       -6.0        7.0       -3.0       -9.0     -173.0        7.0        1.0        5.0        0.0        0.0       -2.0        7.0        9.0        3.0 =    -1269.0
       5.0        1.0       -8.0       -4.0        4.0       -9.0      -10.0        6.0       -5.0        8.0        6.0       -4.0        3.0        3.0        9.0        5.0      -10.0        9.0      -10.0        6.0        4.0        9.0       -4.0        6.0       -7.0        5.0        6.0       -8.0       -4.0        4.0        4.0        0.0        5.0      235.0        6.0       -4.0       -5.0        8.0       -3.0       -4.0        5.0        0.0 =    -1315.0
       4.0      -10.0      -10.0       10.0        0.0        6.0        7.0        1.0       -4.0       -2.0        8.0       -7.0       -7.0        8.0       -9.0        7.0       -2.0        4.0        9.0       -7.0        2.0        7.0       -1.0        6.0        1.0      -10.0        9.0       -5.0       -4.0        0.0       -8.0        0.0       -3.0       -1.0     -233.0       10.0        5.0        8.0        5.0       -5.0      -10.0       -6.0 =      681.0
      -3.0       -5.0       -2.0        8.0       10.0        9.0       -3.0        9.0        5.0        8.0        0.0       -5.0       -5.0       -9.0        7.0        5.0       -2.0       -3.0       -9.0        4.0        9.0       -6.0       -5.0       -1.0       -4.0       -6.0       -2.0       -2.0        4.0       -7.0        8.0        5.0        1.0       -4.0       -7.0     -219.0      -10.0        7.0       -4.0       -8.0        4.0       -3.0 =    -1155.0
      -3.0        6.0        0.0       -6.0        9.0        1.0       -7.0       -8.0       -8.0        2.0       10.0       -2.0        7.0       -5.0        8.0       -8.0       -3.0        4.0       -8.0        3.0       -2.0        9.0       -3.0        5.0      -10.0       -9.0        2.0       -1.0        8.0      -10.0        1.0        5.0       -8.0        9.0       -8.0       -2.0      234.0        7.0       -4.0       -4.0       -4.0        7.0 =    -1284.0
       1.0        9.0       -4.0        6.0       -4.0        8.0        4.0       10.0        9.0       -9.0       -6.0       -4.0        8.0       -3.0       -3.0        6.0        2.0        3.0       -5.0       -1.0       -4.0        8.0        4.0       -8.0       10.0       -8.0        1.0        8.0        2.0       -5.0        9.0        0.0       -9.0       -6.0        3.0       -1.0        4.0      220.0        3.0       -8.0        1.0        7.0 =    -1548.0
     -10.0       -2.0        4.0        9.0        6.0        9.0       -5.0       -1.0        0.0       -9.0        9.0       -2.0       -1.0       -1.0       -7.0       10.0        9.0       -6.0        4.0       -7.0       -8.0        7.0       -6.0        3.0        8.0        2.0        1.0        6.0      -10.0        7.0        7.0       -6.0        8.0       -3.0        1.0        0.0        4.0       10.0      233.0       -1.0        7.0      -10.0 =    -1614.0
      -3.0       -7.0       -8.0        3.0        1.0       -1.0       -7.0        7.0        5.0        6.0       -2.0       10.0       -5.0       -1.0        0.0       -6.0        8.0        6.0        0.0        6.0      -10.0       -4.0        3.0       -4.0        2.0       -9.0       10.0        6.0       -5.0       -4.0      -10.0       -1.0        3.0        8.0       -1.0        1.0       -6.0       -8.0       -2.0      206.0        5.0       -8.0 =      368.0
       0.0        8.0        7.0        2.0        6.0       -8.0       -8.0        6.0        3.0       -3.0       10.0        2.0       -9.0        6.0       -6.0       -8.0       -9.0       -3.0        4.0        3.0       -9.0       -4.0        8.0       -2.0       -8.0        6.0        1.0        3.0        4.0       -5.0        4.0        1.0        9.0        9.0       -9.0        1.0       -8.0       -5.0        6.0        1.0     -224.0       -3.0 =     -663.0
       7.0        6.0       10.0        3.0       -9.0       -9.0        4.0       -3.0       -8.0        9.0       -9.0       -4.0       -3.0       -9.0        2.0       -2.0        1.0        8.0       -1.0        5.0        6.0       -1.0       -3.0        1.0       -7.0       -9.0       -6.0        7.0       -3.0       -5.0       -5.0        0.0        5.0       -8.0       -5.0       -6.0       -3.0        0.0        9.0       -3.0        8.0      217.0 =     -561.0

       5.0       -7.0       -6.0        0.0        4.0      -10.0       -8.0        2.0       -6.0       -1.0        3.0      -10.0       -8.0        4.0        3.0        1.0       -5.0        1.0       -9.0       -3.0        6.0        9.0       -7.0        4.0       -6.0        2.0       -4.0       -5.0        1.0       -3.0        1.0        8.0        9.0       -5.0       -3.0        5.0       -6.0       -6.0       -6.0        2.0        3.0       -3.0
