42
     201.0       -9.0       -4.0        2.0       -7.0       -6.0       -2.0       -5.0        2.0       -3.0       -8.0       -1.0        6.0       10.0       -7.0       10.0        5.0        3.0        9.0       -4.0        0.0       -8.0       -5.0        7.0       -7.0       -5.0       -1.0       -6.0       -8.0       -3.0        8.0        1.0        2.0       -4.0        0.0       -2.0       -2.0       -5.0        2.0        7.0        6.0       -4.0 =     1485.0
      -4.0     -183.0       -2.0        6.0        7.0       -4.0        8.0       -2.0       -2.0       -3.0        1.0        8.0        0.0       -5.0       10.0        1.0       -3.0       -1.0       -9.0        2.0        4.0       -6.0       10.0        3.0       -3.0       -8.0        3.0        5.0       -2.0        1.0        2.0        3.0        2.0       -8.0       -2.0        4.0        4.0        5.0       -7.0       -4.0        8.0        9.0 =     -304.0
      -1.0       -4.0     -229.0        7.0       -8.0        5.0       -8.0        7.0      -10.0        1.0        6.0       -2.0       -3.0        8.0        9.0       -4.0        4.0      -10.0       10.0        3.0        7.0       -5.0       -2.0       -3.0       -8.0       -1.0        6.0       -3.0       -5.0       -8.0        9.0       -7.0        6.0       -9.0       -5.0       -5.0        7.0        4.0        5.0        4.0        8.0        2.0 =     1776.0
       2.0       -7.0       -8.0     -183.0       -3.0       -2.0        1.0        5.0        0.0       -3.0        0.0        1.0        7.0        1.0       -7.0       -6.0        4.0        3.0        4.0       -8.0        3.0        4.0      -10.0       -2.0        0.0        7.0       10.0        3.0        8.0       -9.0        5.0        7.0        7.0        1.0       -5.0       -4.0       -2.0        6.0        4.0       -4.0       -4.0        3.0 =      171.0
      -1.0        0.0       -9.0       -6.0     -198.0       -3.0       -2.0       -9.0       -5.0        0.0       -4.0      -10.0        7.0        2.0        1.0        2.0        6.0        2.0       -9.0        7.0       -5.0        8.0       -6.0       -2.0        4.0        8.0        7.0        1.0       -5.0       -5.0        7.0        0.0        2.0       -5.0       -3.0      -10.0        5.0        1.0       -8.0        9.0        3.0        5.0 =     -872.0
      -1.0       -4.0       -4.0        8.0       -3.0     -223.0        9.0        4.0       -8.0       -9.0        7.0       -5.0        4.0       -8.0        3.0        0.0        3.0       -3.0        8.0       -2.0       -8.0        1.0        6.0        9.0        8.0        6.0        3.0       -6.0       -6.0        9.0        0.0       -5.0       -7.0       -7.0        6.0       -3.0        6.0       -5.0        7.0        0.0       -9.0        6.0 =     -213.0
       4.0       -8.0       -2.0       -1.0       -5.0       -9.0      183.0        4.0        6.0        1.0       -8.0        8.0       -6.0        4.0        3.0       -3.0       -2.0       -3.0        4.0       -9.0       -9.0       -1.0       -1.0        4.0       -5.0       -8.0       -5.0       -1.0        6.0        0.0        4.0       -6.0       -6.0       -4.0       -1.0       -2.0        2.0       -6.0       -4.0       -3.0       -3.0        8.0 =      960.0
       5.0       -8.0        0.0       -4.0        1.0        2.0        7.0     -229.0       -7.0      -10.0       -3.0       -8.0        9.0       -3.0        6.0       -4.0        4.0       -8.0       -7.0       -5.0       10.0        9.0        7.0       10.0        4.0       -6.0       -6.0        8.0        0.0        6.0        9.0        5.0        4.0       -8.0        7.0       -5.0        1.0        9.0       -2.0        2.0        2.0       -7.0 =      203.0
       4.0       -7.0        6.0       -9.0        5.0       -4.0       -8.0       -6.0      211.0        4.0       -6.0        1.0        5.0       -9.0        1.0      -10.0        4.0        3.0       -2.0        1.0        9.0        6.0       -1.0        7.0       -3.0        9.0        9.0       -1.0       10.0        3.0        9.0       -5.0       -1.0        8.0        1.0       -6.0        6.0       -1.0       -2.0        3.0        7.0       -4.0 =      988.0
      -7.0       -4.0       -9.0       -6.0       -6.0        0.0        9.0        9.0        7.0     -217.0        5.0       10.0       -7.0        7.0       -3.0        4.0        8.0       -3.0        5.0        1.0       -1.0      -10.0        0.0       -4.0       10.0       -7.0       -4.0       -3.0        3.0        9.0       -3.0        1.0        1.0       -6.0        0.0        2.0       -9.0       -4.0        6.0       -9.0       -2.0       -8.0 =     -705.0
       2.0       -6.0        6.0        0.0        2.0       -3.0        8.0        2.0        2.0        4.0     -184.0        5.0       -4.0       -5.0        3.0       -8.0       -3.0        4.0       -5.0        8.0        1.0        0.0        2.0        2.0       -2.0        1.0        7.0        3.0       -5.0       -9.0        2.0       -6.0        3.0       -8.0        3.0        8.0        5.0        9.0       -3.0       -4.0        6.0        5.0 =     -608.0
       0.0        0.0       -5.0        2.0       -6.0        1.0        1.0        6.0       -2.0        4.0       -6.0     -183.0       -2.0        8.0        2.0        8.0        1.0       -5.0        3.0      -10.0        5.0       -4.0       -3.0       -9.0        9.0       -9.0        5.0        1.0        6.0        8.0        9.0        0.0       -4.0       -1.0       -5.0       -1.0        3.0        5.0        2.0        4.0       -6.0        9.0 =     -318.0
      -2.0        9.0       -4.0        6.0        9.0       -8.0       -6.0        5.0       -8.0        9.0        6.0        1.0      230.0        2.0       -3.0        9.0       -6.0       -7.0       -5.0        8.0        5.0        4.0       -2.0        0.0        0.0        2.0      -10.0       10.0        9.0       -1.0        3.0        2.0        1.0       -8.0       -9.0        8.0        7.0       -4.0       -9.0        2.0        8.0        6.0 =     -538.0
      -1.0        2.0       -8.0        1.0       10.0       -1.0        5.0        0.0        6.0       -8.0        6.0       -2.0        9.0     -191.0       10.0        1.0        0.0       -9.0       -3.0        6.0       -9.0        4.0        9.0        0.0        8.0       -4.0        3.0       -2.0        2.0        9.0        4.0        6.0       -2.0        4.0        7.0       -5.0        0.0       -2.0        2.0      -10.0        2.0       -7.0 =     1036.0
      -9.0        6.0       -6.0        3.0       -2.0       -7.0       -3.0       -4.0        4.0        8.0       -5.0       -1.0       -9.0       -6.0     -212.0       -5.0        0.0       -6.0       -9.0        1.0       -8.0       10.0        3.0       -4.0       -8.0       -9.0        9.0       -4.0        2.0       -9.0       -8.0        4.0       -5.0       -1.0        0.0       -8.0        1.0        0.0        0.0       -9.0       -2.0        6.0 =     -906.0
      -2.0        4.0       -8.0       -8.0        0.0        5.0       -6.0        8.0        4.0        5.0       -5.0        1.0       -3.0       -6.0        0.0     -183.0       -9.0       -3.0        5.0       -4.0        2.0       -1.0      -10.0      -10.0       -8.0        0.0        6.0       -4.0        5.0        5.0        2.0       -6.0       -3.0       -4.0        0.0       -5.0        0.0        1.0        2.0      -10.0       -1.0        4.0 =    -1200.0
       7.0        2.0       -3.0        4.0        2.0        5.0       -3.0        9.0        8.0       -7.0        7.0       -3.0       -8.0       -3.0        3.0       -7.0      213.0       -1.0       -4.0        2.0        6.0        4.0       -3.0       -8.0       -8.0       10.0        8.0       -3.0        5.0       10.0       -7.0        5.0       -2.0        2.0        7.0        0.0        5.0       -8.0       -2.0        9.0        0.0       -5.0 =     1240.0
       8.0       -5.0       -5.0        5.0        6.0       -6.0       -4.0        1.0       -1.0        3.0        9.0        5.0        5.0        2.0       -4.0        6.0        5.0     -208.0        4.0        0.0        4.0       -4.0       -9.0        2.0        5.0        0.0        3.0       -5.0        3.0        4.0       -7.0        4.0        4.0        7.0        9.0        8.0      -10.0        5.0      -10.0       -7.0        5.0        9.0 =     -924.0
      -7.0        6.0        2.0        5.0        2.0       -6.0       -6.0       -4.0       -5.0       -9.0        1.0        7.0        8.0      -10.0        0.0       -7.0       -3.0        2.0     -218.0       -5.0      -10.0        7.0       -6.0       -6.0        4.0       -5.0       -3.0        1.0        2.0       -2.0        7.0       -8.0        1.0       -6.0       -7.0       -3.0       -9.0        0.0       -8.0        6.0       -7.0        9.0 =    -2610.0
       9.0        7.0       -1.0        9.0       -9.0       -8.0        1.0       -9.0       -3.0        8.0        1.0       -5.0        2.0        6.0      -10.0       -9.0        1.0        7.0        5.0     -207.0        3.0        0.0        6.0       -7.0        5.0       -1.0       -2.0        1.0        5.0       -2.0        7.0       -1.0       -7.0        1.0       -8.0        8.0        3.0        1.0        9.0       -6.0       -7.0        3.0 =     -194.0
       1.0        6.0       -5.0        4.0       -9.0        4.0       -7.0       -3.0        1.0       -2.0        6.0       -9.0       -4.0       -4.0        0.0       -5.0       -4.0       -6.0       -7.0        7.0      201.0        4.0        4.0        0.0        0.0        3.0        9.0        9.0        8.0       -3.0        4.0        7.0       -9.0        7.0       -9.0       -7.0       -9.0        2.0       -6.0       -2.0        0.0       -1.0 =    -1408.0
       6.0       10.0       -3.0       -8.0       -9.0        6.0        6.0       -6.0        4.0        5.0        9.0        7.0       -3.0        1.0        6.0        6.0        1.0        0.0       10.0        3.0        1.0     -220.0       -2.0       -8.0       -3.0       -5.0      -10.0        0.0       -7.0        3.0      -10.0        2.0       -5.0       -5.0       -5.0       -7.0       -6.0        9.0       -3.0       -2.0       -6.0       -6.0 =     1708.0
       1.0        1.0       -9.0       -3.0        7.0        1.0        2.0       -7.0       -7.0       -1.0        7.0        5.0        1.0       -8.0        3.0       -2.0        7.0        2.0        5.0       -8.0       -4.0       -2.0      195.0       -3.0        8.0       -8.0        9.0       -7.0       -6.0       -6.0        0.0        4.0       -1.0       -5.0       -4.0        2.0        5.0       -4.0       -6.0        9.0       -7.0       -5.0 =     1127.0
      -5.0        9.0        8.0       -4.0        6.0       -9.0       -3.0        2.0       -2.0        1.0        8.0       -8.0        8.0       -3.0       -4.0       -2.0        8.0       -2.0        8.0        3.0        7.0        6.0        9.0      222.0       -2.0        9.0       -5.0        0.0        6.0       -3.0        1.0        9.0       -3.0       -5.0       -7.0        9.0        1.0       -8.0        7.0       -7.0       -7.0       -3.0 =     1785.0
      -2.0       -6.0        3.0        6.0        8.0        2.0       -7.0       -8.0        8.0       -6.0        5.0        1.0        4.0       -6.0        5.0       -7.0       -2.0       -8.0        0.0        7.0       -9.0       -2.0       -2.0        1.0     -210.0        4.0        3.0        1.0        5.0        9.0        1.0       -9.0        5.0       -2.0        8.0       -3.0        8.0      -10.0        2.0        9.0        6.0        3.0 =      555.0
      10.0        1.0        4.0       -7.0       -5.0       -5.0        5.0        7.0       -4.0       -5.0       -1.0       -4.0        3.0       -9.0        6.0        3.0        8.0        1.0        6.0       10.0        3.0        8.0        7.0       -4.0       -2.0     -201.0        1.0       -3.0       -2.0       -3.0        5.0        3.0       -8.0        6.0       -2.0       -4.0       -9.0       -1.0        3.0        2.0       -2.0      -10.0 =    -1323.0
      -7.0        9.0        8.0        7.0        0.0        2.0       -3.0        5.0        0.0       -8.0       -3.0        2.0       -6.0        5.0        5.0       -6.0       -4.0        5.0        3.0       -7.0       -4.0       -8.0        9.0        2.0       -8.0       -5.0      221.0       -3.0       10.0       -9.0        1.0        0.0       -8.0        8.0        5.0        0.0       10.0       -7.0        0.0        6.0        7.0        9.0 =     -486.0
     -10.0       -4.0        1.0       -7.0       -7.0        6.0       -6.0       -2.0        5.0        4.0       -2.0       -8.0        8.0       -5.0        4.0       -5.0        5.0        8.0        5.0       -6.0        0.0       -1.0        6.0        6.0       -1.0        1.0       -4.0     -220.0        7.0       -2.0       -8.0        4.0       -7.0       10.0        3.0      -10.0        4.0        6.0       -7.0       -6.0        7.0       -5.0 =     1864.0
      -2.0        9.0        3.0       -5.0       -3.0        4.0       10.0        4.0       -8.0        6.0       -7.0       -5.0       10.0       -2.0        7.0        3.0        1.0        4.0       -9.0       -8.0        2.0        2.0       -2.0        3.0        4.0        7.0        0.0       -5.0     -207.0       -6.0        0.0        9.0        2.0        7.0       -4.0       -4.0       -9.0       -7.0        9.0       -5.0       -7.0        0.0 =     -995.0
       9.0        5.0       -3.0        4.0        8.0        8.0       -8.0        9.0       -8.0        9.0       -1.0        5.0       -6.0        9.0       -5.0       -2.0        5.0        7.0       -5.0        0.0       -5.0       -1.0       -9.0        1.0        4.0       -8.0       -3.0        4.0        9.0     -233.0       -2.0        2.0       10.0        8.0        3.0       -4.0        8.0        4.0        6.0        8.0        9.0       -7.0 =     1248.0
      -6.0        0.0       -6.0       -1.0       -3.0       -9.0        8.0        8.0        4.0        2.0        2.0       -3.0        1.0       -2.0       -2.0        6.0        9.0        6.0       -1.0      -10.0       -7.0        5.0        9.0        6.0       -7.0       -9.0       -8.0       -3.0       -3.0      -10.0     -216.0       -9.0       -6.0       -2.0        4.0        2.0        0.0       -7.0        7.0       -7.0       -8.0        3.0 =     2367.0
       4.0        7.0       -2.0       -6.0        3.0        8.0       -8.0        0.0        2.0       -4.0       -6.0       -3.0       -4.0        6.0        7.0        2.0        3.0       -2.0        5.0       -4.0       -9.0        2.0        8.0        3.0       -9.0        1.0       -9.0       -7.0        0.0       -8.0       -6.0      214.0        8.0        7.0        1.0        7.0       10.0        7.0        3.0       -3.0       -9.0      -10.0 =     1045.0
      -6.0       10.0       -5.0        0.0        3.0      -10.0       -2.0        8.0       -1.0        9.0        5.0       -2.0        6.0        3.0       -1.0        9.0       -4.0        0.0       -2.0       -2.0       -7.0       -2.0        0.0        7.0       -2.0      -10.0        3.0       -2.0       -1.0       -8.0       -9.0       -2.0      196.0       -2.0       -8.0        0.0        8.0       -2.0       -9.0       -9.0        3.0       -5.0 =    -1256.0
       5.0       -8.0       -4.0        4.0       -4.0        8.0        2.0        9.0        1.0       -6.0        9.0       -6.0        6.0       -6.0        8.0       -9.0       -9.0       -8.0        9.0        4.0       -6.0        4.0       -9.0       -6.0       -9.0       -7.0       -3.0       -2.0        2.0       -2.0        8.0        9.0       10.0      233.0        2.0      -10.0        0.0        4.0        2.0       -1.0        4.0       -6.0 =     1776.0
       7.0        1.0        7.0        0.0       -3.0        8.0       -3.0        5.0       -4.0       -6.0       -5.0        0.0        2.0       10.0        3.0       -3.0       -7.0       10.0        2.0        8.0        1.0       -3.0       -8.0       -6.0        6.0        7.0       -9.0       -8.0        7.0       -6.0       -8.0       -7.0        7.0       -2.0     -222.0       -1.0       -4.0       -9.0      -10.0        6.0        2.0       -9.0 =        0.0
      -8.0       -3.0        1.0       -5.0       -6.0       -8.0        3.0       -4.0       -2.0        9.0       -7.0        3.0        6.0        1.0       10.0        7.0       -4.0        0.0       -6.0        0.0       -5.0       -7.0       -2.0        7.0        6.0        0.0        2.0       -4.0        3.0       -6.0       -4.0        6.0        9.0        6.0       -9.0     -197.0        3.0        7.0        1.0        1.0        4.0        2.0 =      570.0
       5.0        7.0        1.0        5.0       -8.0       -8.0        8.0        7.0       -2.0      -10.0       -3.0       -6.0       -2.0       -5.0       10.0       -8.0       -5.0       -6.0       -4.0        6.0       -7.0        0.0       -8.0       -8.0        6.0        4.0        0.0       -7.0        7.0        6.0       -2.0       -8.0        5.0        6.0       -8.0       -9.0     -234.0       -8.0        2.0        1.0      -10.0       -1.0 =      582.0
       3.0       -8.0        7.0        8.0        5.0       -5.0        5.0        3.0        9.0       -3.0        0.0        2.0       -6.0       -1.0        1.0        0.0        3.0        3.0        6.0       -8.0       -7.0       -9.0       -6.0        3.0        3.0      -10.0        3.0        9.0        4.0        5.0       -4.0       -9.0       -9.0        1.0       -5.0        2.0        1.0     -206.0       -9.0       -9.0        3.0       -8.0 =    -2330.0
      -4.0       -8.0        3.0        4.0       -6.0        3.0        6.0        6.0        2.0        3.0       -9.0        8.0      -10.0       -5.0        5.0        7.0        1.0       -3.0       -6.0        3.0        8.0        3.0        2.0       -7.0       -1.0       -3.0       -4.0        0.0        2.0       -9.0       -1.0        4.0        2.0       -7.0       -2.0        5.0       -5.0        1.0     -191.0       -7.0       -3.0       -9.0 =    -2220.0
      -6.0       -2.0        5.0       -7.0       10.0       -1.0        7.0       -2.0       -9.0       -6.0        8.0        5.0       -9.0       -5.0        3.0       -2.0        1.0       -9.0       -7.0        0.0      -10.0       -1.0       -8.0       -6.0        5.0       -8.0       -9.0       -1.0       -7.0        7.0        5.0       -3.0        0.0       -5.0        4.0       -7.0        4.0       -3.0        1.0      219.0       -9.0        8.0 =      900.0
       7.0        8.0       -8.0        8.0        1.0        5.0        8.0       -6.0        9.0       -2.0        7.0        1.0        1.0        9.0        8.0       -2.0       -6.0       -2.0        5.0       -2.0       -5.0       -8.0        7.0        5.0       -2.0       -3.0        3.0        0.0        4.0       -6.0       -8.0        3.0        2.0       -8.0        7.0       -4.0       -8.0        5.0      -10.0       -9.0     -223.0       -6.0 =     1720.0
       3.0       -7.0       -5.0       -5.0        0.0       -8.0        3.0        5.0       -9.0       -5.0        5.0       -2.0        5.0        2.0       -2.0        2.0       -1.0       -7.0        8.0        9.0        5.0        7.0       -8.0        4.0       -8.0        9.0        7.0        9.0        0.0       -8.0       -6.0       -4.0       -2.0       -1.0       -4.0        4.0        8.0       -9.0       -5.0       -6.0       -8.0      218.0 =      579.0

       9.0        2.0       -8.0       -1.0        4.0        1.0        8.0       -1.0        4.0        3.0        4.0        2.0       -2.0       -7.0        3.0        5.0        5.0        6.0        9.0        1.0       -8.0       -7.0        7.0        7.0       -3.0        7.0       -2.0       -8.0        5.0       -8.0       -9.0        5.0       -8.0        8.0        0.0       -3.0       -2.0       10.0       10.0        6.0       -8.0        3.0
