44
     238.0       -8.0        9.0       -3.0       -1.0       -8.0        9.0        9.0       -2.0        5.0        1.0       -5.0        4.0        8.0       -6.0       -9.0        5.0       -9.0        9.0       -1.0        5.0        0.0       -2.0       10.0        6.0       -6.0        6.0        5.0        0.0        3.0        5.0        9.0        8.0        9.0       -2.0       -9.0       -9.0        0.0        8.0        1.0       -2.0        6.0        9.0       -2.0 =     1515.0
      -4.0     -217.0       -9.0       -6.0        6.0       -3.0       -1.0        9.0       -2.0       -2.0       -5.0        6.0        7.0        5.0        5.0        3.0        4.0        7.0        0.0        5.0        7.0       -1.0        5.0        0.0        1.0        2.0        6.0        3.0       -8.0        5.0        6.0       -5.0        0.0        3.0       -6.0        0.0        7.0        8.0        9.0        9.0        4.0        9.0       -9.0        6.0 =    -1179.0
       3.0        9.0      191.0        9.0       -7.0       -6.0        0.0        6.0       -1.0       -1.0        2.0        0.0        7.0        2.0        4.0        1.0        3.0        0.0        1.0       -8.0       -7.0       -8.0       -3.0       -2.0        7.0       -9.0        3.0        0.0       -3.0        0.0       -5.0        7.0        1.0       -6.0        6.0        6.0       -5.0       -9.0        4.0       -8.0        5.0        5.0        1.0        8.0 =     1827.0
       2.0        3.0       -7.0      204.0        2.0        9.0        0.0        1.0        0.0       -8.0       -9.0        2.0       -7.0       -2.0        5.0      -10.0       -8.0        0.0        8.0        3.0       -4.0        4.0        4.0       -6.0       -8.0       -8.0        4.0       -8.0       -3.0        2.0       -8.0        3.0        1.0        6.0       -1.0        9.0        6.0      -10.0       -4.0        0.0        4.0       -2.0        5.0       -4.0 =    -1020.0
      -1.0        9.0        9.0       -2.0      230.0        5.0        6.0      -10.0        5.0        8.0        3.0        2.0        0.0        8.0       -6.0        7.0       -4.0        2.0       -3.0        5.0        7.0       -3.0        7.0       -5.0       -8.0       -9.0       -6.0      -10.0       -9.0        5.0        2.0        3.0        1.0       -2.0        6.0       -5.0       -3.0       -6.0        9.0        2.0        3.0      -10.0       -2.0        5.0 =     -980.0
       4.0        9.0       -7.0        5.0        5.0     -229.0       -8.0        5.0        9.0       -7.0        2.0       -7.0       -5.0        9.0        9.0        8.0       10.0       -3.0        7.0        4.0        6.0        2.0        3.0       -7.0        0.0        4.0       -5.0       -4.0        2.0       -6.0       -3.0        2.0        2.0       10.0       -2.0       -4.0        1.0        2.0       -6.0       -6.0       -9.0        3.0        5.0        4.0 =     -372.0
       5.0        0.0        3.0       -3.0        7.0       -1.0     -198.0        6.0       -8.0       -2.0        9.0       -3.0        0.0        4.0        6.0        2.0       -2.0       -4.0        7.0       -2.0        8.0        2.0        1.0       -9.0      -10.0       -4.0       -3.0        9.0       -7.0        9.0        0.0        5.0       -3.0       -8.0      -10.0        0.0        1.0        3.0        4.0       -9.0        5.0        6.0       -3.0        2.0 =      185.0
      -4.0        4.0       -6.0       -9.0        1.0        5.0       -8.0     -192.0       -1.0       -2.0        1.0       -3.0       -7.0       10.0        0.0        3.0       -2.0       -1.0       -6.0        4.0       -7.0       -6.0        9.0       -6.0       -5.0       -3.0       -6.0       -3.0        9.0        3.0        6.0       -3.0        5.0        6.0        0.0        4.0        0.0       -2.0       -9.0       10.0        5.0        1.0        1.0       -2.0 =      206.0
      -6.0        2.0       -1.0        5.0       10.0        1.0        0.0        6.0     -205.0        2.0      -10.0       -3.0        8.0       -5.0       -2.0       -4.0      -10.0        2.0       -3.0       -3.0        6.0       -9.0       -5.0       -7.0        0.0       -9.0        6.0       -6.0       -9.0        1.0       -4.0        4.0       -3.0       -5.0       -6.0       -1.0       -1.0       -9.0        5.0        8.0       -3.0        2.0       -2.0       -3.0 =     2128.0
      -1.0       -4.0       -1.0        9.0        1.0        0.0       -7.0       -9.0       -7.0     -194.0       -6.0       -2.0        2.0        8.0        6.0       -3.0        5.0        4.0       -5.0        1.0        9.0        1.0       -5.0      -10.0        5.0       -2.0        8.0       10.0       -3.0       -2.0        7.0        1.0       -6.0        0.0        8.0       -5.0        8.0       -5.0        3.0       -1.0        2.0       -4.0        4.0        2.0 =    -1068.0
      -8.0       -9.0       -4.0       10.0       -4.0      -10.0        9.0        7.0        6.0        0.0      254.0       -4.0        7.0        8.0        7.0        4.0       -3.0        1.0       -3.0       -5.0       -9.0        6.0        9.0       -4.0        6.0        0.0       -5.0       -1.0        7.0       -2.0       -4.0       -1.0      -10.0      -10.0        7.0       10.0        8.0       -1.0       -9.0        4.0       -9.0       -6.0        4.0       -8.0 =    -1470.0
       0.0       10.0       -6.0        6.0        2.0       -9.0       -2.0       -2.0       -5.0        3.0        8.0      218.0       -3.0        3.0       -6.0        8.0       -6.0       -2.0        1.0        7.0        4.0        6.0        5.0       -3.0        8.0       -9.0        4.0       -6.0        4.0        7.0        3.0       -3.0       -6.0        7.0        5.0       -3.0       -6.0       -1.0        9.0        5.0        2.0       -7.0        6.0       -8.0 =    -1984.0
       9.0       -6.0        5.0        2.0        9.0        4.0      -10.0       -6.0        7.0       -6.0       -6.0       -8.0     -240.0        7.0       -2.0       -3.0        0.0       -9.0       -8.0        0.0        7.0        9.0        9.0        1.0        4.0       -6.0        2.0        8.0       -3.0        2.0       -9.0        4.0        0.0        7.0        7.0        6.0        3.0       10.0       -6.0       -5.0        2.0       -8.0       -2.0        9.0 =    -2100.0
      -9.0        2.0        2.0       -6.0        5.0       -3.0       -5.0       -4.0       -8.0       -7.0        9.0        6.0       -6.0      210.0       -5.0       -7.0        5.0        6.0       10.0        3.0       -5.0        4.0        5.0        2.0        0.0       -5.0        0.0        1.0        1.0      -10.0       -8.0        1.0        9.0       -5.0        2.0        6.0        3.0        3.0       -1.0       -5.0        0.0        8.0       -7.0       -9.0 =     1504.0
       3.0        5.0       -6.0        5.0       -8.0        3.0        5.0       -3.0        1.0        3.0        0.0       -4.0        7.0        6.0      237.0       -6.0        6.0       -4.0       -9.0       -6.0       -4.0        3.0       -8.0       -9.0       -8.0        8.0        7.0        9.0        4.0        5.0       -2.0       -5.0       -8.0        7.0       -4.0       -7.0        8.0       -9.0       -6.0       -5.0        3.0        2.0       -7.0        4.0 =     1491.0
       0.0        2.0       -7.0       10.0        9.0        9.0       -1.0       -6.0       -5.0        5.0        1.0       -4.0        6.0       -1.0        7.0      207.0        5.0        0.0        9.0        5.0        8.0       10.0        7.0       -5.0        4.0       -7.0        2.0       -2.0       -2.0       -1.0       10.0        2.0       -1.0       -8.0        7.0       10.0       -1.0       -6.0       -1.0        5.0       -2.0      -10.0        2.0        1.0 =      546.0
      -5.0        3.0       -3.0        2.0        0.0       -8.0        2.0        7.0       -1.0       -7.0       -9.0       -8.0       -1.0       -4.0       -5.0        8.0      205.0       -1.0       -2.0       -9.0       -7.0        0.0        1.0        2.0        0.0       -2.0       -4.0        4.0       -9.0        3.0       -7.0        4.0        1.0       -3.0       -5.0       -5.0        6.0       -5.0        9.0       -9.0        9.0        7.0       -4.0       -9.0 =      564.0
      -1.0        0.0       -9.0        7.0        4.0        3.0        5.0       -6.0        6.0        7.0        3.0        7.0        1.0        6.0        6.0       -6.0        0.0     -223.0       -3.0        3.0        2.0       -6.0        2.0        6.0      -10.0       -6.0        1.0        0.0       -7.0       -7.0        8.0       -2.0       -8.0        5.0        8.0        8.0       -4.0        7.0       -5.0       -8.0      -10.0       -3.0        1.0      -10.0 =     -456.0
       6.0        7.0       -2.0        9.0        8.0        6.0        6.0       -1.0       -1.0       -3.0       -8.0        9.0        2.0        0.0        6.0        8.0       -9.0        8.0     -240.0        6.0       -5.0        4.0       -6.0        8.0        8.0        2.0       -8.0        6.0        1.0       -1.0        1.0        5.0        7.0       -6.0       -5.0        9.0        7.0       -9.0        6.0        9.0        1.0       -2.0        7.0       -8.0 =     -608.0
      -3.0       -7.0       -9.0        3.0        1.0        0.0       -2.0       -8.0        2.0       -2.0        8.0        7.0       -2.0        6.0       -4.0       -1.0       -9.0       -9.0       -6.0      219.0        9.0       10.0        1.0        9.0       -8.0        6.0        8.0        5.0        8.0        4.0        3.0       -3.0       -2.0        8.0       -1.0        3.0        8.0       -2.0       -7.0       -2.0        5.0       -8.0        4.0        0.0 =     1210.0
       7.0        1.0       10.0        3.0       -4.0        4.0        8.0        9.0        6.0       -4.0       -6.0       -4.0        0.0        6.0       -3.0        0.0        9.0        9.0       -9.0        8.0      191.0        6.0        2.0        2.0        2.0       -6.0        3.0        4.0       10.0       -1.0        3.0       -2.0       -1.0        6.0        0.0        1.0        3.0        0.0        1.0        3.0        6.0        4.0        0.0       -6.0 =    -1124.0
      -4.0        9.0       -5.0        8.0        9.0        6.0        7.0       -4.0       -2.0        8.0       -5.0        7.0        4.0       -7.0        8.0        9.0        5.0      -10.0        6.0        3.0        7.0     -236.0        1.0       -3.0       -4.0       -3.0        1.0       -6.0       -1.0       -7.0       -1.0        5.0        6.0        5.0       -8.0       -8.0       -1.0       -1.0        9.0        3.0       -6.0        8.0       -7.0       -7.0 =     -404.0
      -3.0        4.0        4.0        6.0        2.0        9.0       -2.0       -4.0       -1.0        4.0        9.0        2.0        3.0       -7.0        5.0       -3.0       -6.0        8.0        8.0       -5.0        3.0        2.0     -227.0       -8.0       -7.0       -7.0        3.0       -4.0       10.0       -7.0        0.0        2.0        9.0       -7.0        7.0        1.0       -9.0        3.0       -9.0        9.0        6.0       -4.0        8.0       -4.0 =     1182.0
       2.0       10.0       -5.0       -4.0       -5.0        3.0       -5.0        7.0        4.0        1.0        5.0       -5.0        6.0       -1.0       -7.0       -2.0        3.0       -1.0        3.0        2.0       -1.0      -10.0       10.0     -222.0       -3.0        5.0        3.0       -1.0       10.0       -7.0        4.0        8.0      -10.0       10.0       -1.0        4.0       -1.0        8.0       -7.0        5.0        8.0       -8.0       -8.0       -1.0 =     1940.0
      -9.0        8.0        4.0       -6.0       -8.0       10.0        3.0       10.0        3.0       -5.0       -6.0       -6.0       -1.0       -8.0       -2.0       -3.0        2.0        9.0       -6.0        6.0       -9.0        7.0        3.0       -3.0      242.0        2.0        3.0        1.0       -9.0        1.0        0.0       -8.0        5.0       -3.0       -7.0        8.0       -5.0        3.0       -4.0       -9.0        7.0        8.0       -2.0      -10.0 =     1080.0
      -3.0        6.0       -5.0      -10.0        6.0        6.0       -6.0        2.0        2.0        6.0       -5.0        0.0        8.0       -4.0       -2.0        1.0       -8.0       -1.0        8.0       -1.0        8.0       -9.0        9.0       -6.0       -9.0     -211.0       -3.0        0.0       -9.0       -5.0        0.0        6.0        6.0      -10.0       -3.0       -7.0        5.0        7.0        0.0        7.0        0.0        1.0       -6.0       -3.0 =    -1392.0
       2.0       -4.0       -7.0        1.0       -6.0       -8.0       -5.0        6.0       10.0       -7.0        3.0       -3.0       -1.0        7.0        3.0       -2.0        9.0       -5.0       -9.0        3.0        2.0        5.0        9.0        5.0        1.0       -3.0      206.0        6.0       -6.0        9.0        3.0        6.0        0.0        5.0        4.0       -5.0        7.0        4.0       -4.0        4.0        3.0        3.0        1.0       -1.0 =    -1255.0
      10.0        0.0        0.0       -6.0       -1.0       -7.0        6.0       -6.0        3.0        2.0        5.0        0.0       -5.0       -3.0        0.0       -5.0        7.0        8.0       -1.0       -5.0        8.0       -9.0       -9.0       -1.0        9.0        4.0       -6.0      232.0       -7.0        6.0       -7.0        6.0       -9.0        2.0       -4.0        7.0       -9.0       10.0        1.0        4.0        8.0       -6.0      -10.0        4.0 =     -452.0
      -6.0       -5.0       -5.0       -2.0        0.0       -6.0        2.0       -6.0        8.0       -2.0        4.0       -5.0        4.0        0.0       -3.0        7.0       -4.0        0.0       -3.0       -5.0       -6.0       -2.0        3.0        9.0       -2.0        7.0       -2.0       -7.0     -202.0      -10.0       -6.0       -9.0        1.0       -1.0        7.0       -5.0        9.0       -2.0        7.0        3.0       -7.0       -7.0       -4.0        5.0 =      248.0
       6.0        8.0       -3.0        9.0       -3.0       -4.0       -7.0        5.0       -2.0        6.0        1.0       -4.0       -7.0       -2.0       -5.0       -7.0       -1.0       -8.0        2.0        4.0        6.0        4.0       -4.0       10.0      -10.0        2.0        8.0       -5.0       -2.0     -210.0       -1.0       -1.0       -8.0       -6.0       -7.0        0.0        9.0       -4.0       -3.0       -6.0        7.0       -2.0        5.0       -1.0 =     1617.0
      -4.0       -3.0        8.0       -4.0      -10.0        4.0        8.0        8.0        0.0      -10.0        5.0       -2.0        7.0        0.0       -8.0       -6.0       10.0       -4.0       -1.0       -8.0        5.0        0.0       -3.0        8.0       -4.0       -5.0        1.0       10.0       -8.0        9.0     -237.0       -7.0        3.0      -10.0       -2.0        5.0        3.0        9.0        0.0        5.0       -7.0        8.0       -8.0       -6.0 =     1928.0
       5.0       -7.0       -4.0        4.0        0.0       -1.0        0.0        3.0        5.0       -8.0       -2.0       -9.0       -8.0       -6.0       -3.0       -5.0        8.0       -4.0        3.0        0.0        3.0       -5.0       -4.0       -1.0        3.0       -7.0       -8.0       -6.0        0.0        4.0       -7.0      203.0       -6.0       -2.0        3.0        4.0        0.0        3.0        8.0       -8.0       -3.0        9.0       -8.0       -9.0 =     -959.0
       8.0       -9.0       -7.0        4.0        4.0        6.0       -9.0        8.0        3.0       10.0       -8.0       -1.0        8.0       -9.0        8.0        3.0       -6.0       -5.0        1.0        8.0        1.0      -10.0       -9.0        3.0        8.0        9.0        5.0        3.0        3.0      -10.0       -5.0        6.0     -263.0        3.0       -5.0        1.0       -7.0        6.0        0.0        7.0       -8.0       -9.0       -9.0        5.0 =      774.0
      -5.0       -8.0       -2.0        1.0        1.0       -3.0       -4.0       -1.0        2.0       -6.0        3.0        7.0       -4.0        1.0       -3.0        8.0        5.0       -5.0        1.0       -1.0       -5.0        6.0       -1.0       -5.0       -5.0        8.0       -8.0        0.0       -3.0       -9.0       -3.0       -1.0       -4.0     -198.0      -10.0       -2.0        7.0        9.0        5.0        6.0        0.0        5.0        9.0       -8.0 =    -1760.0
      -5.0        7.0        9.0       -8.0       -9.0        6.0       -7.0        0.0       -5.0        2.0        7.0       -6.0       -4.0       -6.0       -5.0        5.0        2.0        7.0       -7.0      -10.0        8.0       -7.0       -3.0       -6.0       -6.0        6.0       -1.0        3.0        5.0        5.0        9.0       -4.0        1.0        6.0      234.0        4.0        7.0        4.0       -4.0        5.0       -6.0        2.0        3.0        5.0 =        0.0
      -5.0        0.0       -6.0        9.0       -2.0        2.0       -4.0       -3.0       -2.0       -8.0       -7.0        4.0       -2.0        0.0        8.0       -7.0      -10.0        9.0      -10.0        4.0        8.0       -6.0        6.0        6.0       -3.0       -4.0       -6.0        5.0       10.0        4.0        8.0       -8.0        1.0       -7.0       10.0     -231.0       -3.0        1.0        1.0       -5.0       -5.0        5.0       -6.0       -6.0 =    -2550.0
      -8.0        0.0        7.0        1.0        0.0       -2.0        1.0        9.0      -10.0       10.0       -5.0       -3.0       -5.0        7.0        6.0        3.0        7.0       -9.0       -8.0       -6.0        0.0        5.0        2.0        7.0       -4.0       -1.0       -9.0        1.0        9.0        5.0       -4.0       -8.0       -6.0        7.0        1.0       -6.0      240.0       -7.0        4.0        8.0       10.0        3.0       -9.0      -10.0 =     -932.0
      -1.0        1.0        1.0        4.0       -3.0       -1.0       -5.0        5.0        8.0        7.0       -8.0       -7.0       -8.0        9.0       -1.0        2.0        4.0       -8.0        4.0        3.0        2.0       -4.0       -5.0       -9.0        1.0        4.0       -2.0        2.0       -2.0        7.0       -5.0        0.0        4.0        5.0        3.0        8.0       -3.0      200.0        5.0       -6.0        9.0       -3.0       -9.0       -6.0 =    -1212.0
      -5.0       -2.0       -7.0       -8.0       -4.0       -2.0        0.0        5.0       -5.0        6.0       -4.0        9.0        7.0        1.0        8.0        3.0       -9.0       -5.0        4.0        8.0       -1.0       -9.0        0.0       -1.0       -9.0       -7.0       -1.0       10.0        2.0        6.0        3.0        9.0        3.0        4.0        6.0        3.0       10.0       -6.0      223.0       -6.0       -5.0        3.0        2.0        8.0 =     1482.0
       2.0        3.0       -8.0        9.0        6.0       -8.0        9.0        5.0       -4.0        6.0        1.0        4.0       -7.0       -4.0        7.0        2.0       -1.0       -1.0       -6.0        0.0        4.0       10.0        9.0       -6.0        5.0        9.0        5.0        1.0        4.0        0.0       -7.0        4.0        3.0      -10.0       -9.0       -2.0       -2.0       -6.0        2.0      211.0        5.0        4.0        3.0        1.0 =    -2277.0
       4.0        5.0        3.0       -1.0       -6.0        0.0        3.0        8.0        8.0       -1.0        2.0        4.0       -6.0       -1.0       -7.0        3.0      -10.0       -2.0       -9.0       -3.0       -7.0       -9.0       -6.0        6.0       -8.0       -7.0        5.0        7.0        2.0       -3.0        9.0       -3.0       10.0       -3.0        2.0       -7.0        9.0        8.0       -5.0       -5.0     -223.0       -5.0        2.0       -1.0 =    -2380.0
      -5.0       -8.0        4.0       -4.0       -2.0        2.0        7.0       -1.0       -7.0        4.0       -2.0        2.0       -9.0        3.0        8.0        4.0        6.0        4.0        9.0       -2.0       -2.0       -8.0        6.0       -2.0        1.0       -2.0        0.0        6.0       -6.0       -2.0        2.0        7.0       -3.0       -5.0       -8.0       -6.0       -8.0       -8.0        8.0        1.0        1.0      213.0        8.0       10.0 =     -432.0
       0.0        1.0       -8.0       -3.0        1.0       -2.0        5.0       -3.0       -6.0        2.0        6.0        1.0       -2.0        7.0       -5.0        6.0        7.0        7.0       -9.0        9.0       -3.0       -5.0        4.0       -7.0        6.0       -3.0       -6.0       -8.0        9.0        3.0        1.0        7.0       -6.0        1.0       -9.0       -3.0        5.0        0.0        2.0       -8.0        8.0       -5.0     -208.0       -8.0 =     -219.0
      -1.0       -3.0       -6.0        6.0        0.0       -6.0        9.0        8.0       -4.0        8.0       -8.0        3.0       -4.0        7.0        9.0        6.0       -2.0        1.0        1.0        2.0        7.0       -1.0       -6.0        9.0       -2.0       -7.0        0.0        5.0       -5.0       -1.0        1.0        0.0        6.0       -4.0       -9.0       -4.0       -7.0       -8.0        1.0       10.0       -5.0        3.0       10.0     -211.0 =      768.0

       5.0        9.0        9.0       -6.0       -4.0        2.0       -1.0       -1.0       -8.0        6.0       -6.0       -8.0       10.0        8.0        7.0        2.0        4.0        2.0        4.0        5.0       -4.0        2.0       -6.0      -10.0        5.0        6.0       -5.0       -2.0       -1.0       -7.0       -8.0       -7.0       -3.0        8.0        0.0       10.0       -4.0       -6.0        6.0       -9.0       10.0       -2.0        1.0       -4.0
