44
     199.0       -8.0       -4.0       -7.0       -4.0        5.0        9.0       -9.0       -4.0        6.0        0.0        4.0        1.0        0.0       -7.0       -5.0        8.0        3.0       -4.0        3.0       -4.0       -1.0        2.0        5.0        0.0        6.0       -1.0       -7.0       10.0        8.0       -9.0        3.0       -9.0        2.0        6.0       -9.0        0.0        5.0        2.0        4.0        2.0        1.0        0.0       -6.0 =        0.0
       6.0      184.0        7.0        0.0       -2.0       -4.0       -3.0        0.0        6.0        2.0        5.0       -1.0       -8.0       -4.0       -4.0       -7.0        5.0       -6.0        3.0       -2.0       10.0       -2.0        1.0       -2.0        6.0       -7.0       -7.0        5.0        0.0        9.0       -4.0       -3.0       -6.0       -1.0        1.0        5.0        3.0        8.0        1.0       -5.0        9.0       -1.0        5.0       -5.0 =    -1379.0
      -1.0       -2.0      189.0        3.0       -5.0        1.0      -10.0       -5.0        2.0        1.0       -1.0       -3.0        4.0        0.0        2.0        9.0       -4.0       -4.0        0.0       -4.0       -9.0        9.0       10.0        9.0        6.0        9.0        1.0        3.0        9.0       -6.0       -1.0        2.0        1.0        1.0       -3.0        7.0       -1.0       -2.0       -9.0        6.0        5.0       -7.0       -2.0       -4.0 =    -2060.0
       0.0        7.0        6.0      224.0       -9.0        8.0       -8.0        6.0        6.0       -8.0       -8.0        0.0        1.0        5.0       -4.0       -5.0        5.0        6.0       -1.0        6.0       -9.0        7.0        8.0       -8.0       -4.0        3.0        3.0        4.0        1.0       -2.0       -5.0        0.0        6.0       -7.0       -9.0       -6.0       -1.0       -8.0        7.0       -1.0       -4.0       -2.0        7.0        6.0 =     -669.0
       3.0        3.0       -6.0       -6.0     -227.0       -2.0       -5.0        5.0        4.0       -7.0       -8.0       -9.0       -6.0       -1.0       -6.0        1.0        7.0        9.0        3.0        6.0       -3.0        5.0       -8.0       -3.0      -10.0       -2.0      -10.0      -10.0        2.0      -10.0       -3.0        9.0        4.0        1.0       -5.0       -3.0       -2.0        8.0       -1.0       -2.0       -6.0       -5.0       -8.0       -1.0 =    -2440.0
       8.0       -2.0        0.0       -2.0        9.0     -209.0       -2.0        0.0        8.0        6.0        6.0       -5.0       -1.0        6.0       -9.0        3.0        3.0        1.0        6.0       -6.0        2.0       -8.0        8.0       -4.0        1.0        4.0       -4.0        9.0       -3.0        2.0        5.0       -6.0        2.0       -5.0       -9.0        6.0       -1.0        1.0       10.0        2.0        8.0       -8.0        6.0       -7.0 =      338.0
       8.0       -6.0        6.0        2.0        2.0       -2.0      245.0       -7.0        7.0        5.0        6.0       -9.0        6.0       -3.0        7.0       -5.0        5.0       -4.0        5.0        3.0       -9.0        7.0       -3.0       -4.0        5.0        6.0      -10.0       -2.0       -3.0        3.0       10.0       -4.0       -9.0        7.0        2.0       -1.0       -7.0        3.0      -10.0       -6.0       -9.0       -8.0       -5.0       -6.0 =      436.0
       8.0       -3.0       -6.0       -2.0        4.0        6.0        7.0     -237.0       -8.0      -10.0       -4.0        4.0        2.0       -1.0       -1.0        2.0        2.0       -9.0       -9.0        5.0       -2.0        9.0       -6.0        9.0        2.0        0.0       10.0        9.0        9.0       -9.0       -3.0       -4.0       -4.0        5.0       -4.0       -6.0      -10.0       -9.0        7.0       -8.0        7.0        1.0       -9.0       -2.0 =    -2580.0
       7.0        4.0       -6.0        7.0       -1.0        0.0       -1.0       -6.0     -214.0        0.0        1.0       -6.0        7.0       -8.0        6.0       10.0        0.0        7.0        3.0        7.0        7.0        3.0        6.0        2.0        7.0        9.0       -7.0       -2.0        3.0        8.0        1.0       -1.0       -7.0       -1.0       -5.0       -7.0        5.0       -3.0        6.0       -9.0        6.0       10.0       -1.0        2.0 =      755.0
       6.0        7.0        2.0        8.0       -2.0       -4.0       -2.0        7.0       -1.0     -235.0        7.0        6.0        8.0       -7.0        0.0       10.0       -9.0        1.0       -4.0       -8.0       -7.0       -7.0       -5.0        9.0       -8.0       -4.0       10.0        2.0        2.0        2.0       -9.0       -2.0        3.0       -5.0        5.0       -7.0        7.0       -7.0       -1.0      -10.0       10.0       -9.0       -5.0        0.0 =     1968.0
       6.0        5.0       -6.0        0.0       -7.0       -3.0        3.0        0.0       -6.0       -1.0      209.0       -8.0       -4.0        3.0       -2.0        9.0        8.0        7.0       -9.0        2.0       -2.0        5.0       -8.0        3.0        6.0        5.0        2.0       10.0       -1.0       -9.0        2.0        1.0        8.0        1.0       -3.0        0.0      -10.0        6.0        6.0       -1.0       -8.0        7.0        4.0       -6.0 =     1344.0
     -10.0        3.0       -7.0       -1.0        6.0       -8.0       -5.0       -6.0       -2.0        8.0        8.0     -214.0        6.0       -8.0        6.0        0.0       10.0        7.0        3.0       -2.0        7.0        5.0       -6.0       -1.0        2.0        0.0       -4.0       -6.0       -7.0        8.0        0.0        1.0        1.0       -6.0       -6.0        3.0       -9.0        7.0        0.0       -7.0       -2.0       -2.0       -9.0       -9.0 =      984.0
       9.0       -9.0        4.0        6.0       -9.0        2.0        7.0       -9.0        5.0       -7.0        3.0       -1.0     -229.0        4.0       -5.0       -5.0        5.0        6.0        8.0       -6.0        2.0        8.0      -10.0        1.0        3.0        6.0       -5.0       -1.0        2.0        1.0        7.0        3.0        9.0        3.0       -8.0       -2.0        3.0        9.0        0.0        5.0        8.0        4.0        5.0       10.0 =      632.0
       8.0        2.0        5.0        2.0        1.0       -3.0        7.0       -2.0       -6.0        1.0       -6.0        4.0       -5.0      213.0        0.0        7.0       -4.0       -7.0       -3.0        6.0        9.0      -10.0       -3.0       -4.0      -10.0        7.0        7.0       -8.0        2.0        6.0       -9.0        8.0       -2.0        2.0        0.0       -2.0       -4.0       -3.0       -1.0       -9.0        9.0        2.0       -8.0        5.0 =     -816.0
       2.0       -7.0        6.0        4.0       -9.0        4.0       -8.0       -9.0        9.0       -3.0       -5.0        0.0       -9.0       -9.0     -224.0       -2.0       -4.0       -9.0        6.0       -5.0        7.0        7.0        3.0       -4.0       -2.0        6.0       -4.0        0.0        5.0        7.0        8.0        1.0       -1.0       -7.0       -8.0        7.0       -2.0       -8.0       -6.0       -5.0        7.0       -1.0        4.0       -4.0 =      262.0
       9.0       -6.0        1.0        4.0       -4.0       -6.0       -5.0      -10.0        4.0        4.0        4.0        2.0       -1.0        4.0        3.0     -236.0        3.0       -9.0       -5.0        1.0       -8.0       -3.0        0.0        9.0        5.0       -8.0        7.0       -8.0        6.0       -8.0        5.0       -6.0       10.0       -1.0       -6.0        4.0       -8.0       -6.0        9.0        8.0        3.0       -9.0       -7.0        0.0 =     -765.0
       8.0        1.0        3.0       -9.0       -9.0        7.0       -5.0        6.0        2.0       -3.0       -4.0       -6.0        2.0       -2.0        4.0       -5.0      216.0       -1.0       -4.0        1.0        0.0       -4.0       -3.0        9.0        6.0       -4.0        2.0      -10.0       -6.0       -8.0        4.0        0.0       -7.0        5.0        7.0       -3.0        4.0        9.0       -8.0        1.0       -8.0        9.0        1.0        7.0 =     1640.0
      -9.0       -8.0       -9.0        3.0       -2.0        0.0        8.0      -10.0       -8.0       -4.0        4.0       -2.0       -2.0        8.0       -7.0        7.0        7.0     -255.0        2.0       -7.0        8.0       -3.0       -2.0       -9.0      -10.0       -4.0        8.0       10.0       -2.0        8.0        3.0       -5.0       -2.0       -3.0       -6.0       -7.0        8.0        1.0        9.0       -5.0       -6.0        7.0      -10.0        8.0 =     1440.0
       3.0        9.0       -9.0        4.0        4.0        6.0       -5.0        4.0       -9.0       -4.0        0.0       -4.0        3.0        3.0        5.0       10.0        8.0        1.0     -228.0        6.0        5.0        8.0       -7.0        9.0        0.0        2.0       -4.0       -9.0        7.0       -6.0        0.0       -8.0       -3.0        2.0       -9.0       -2.0        9.0       -4.0       -2.0      -10.0       -1.0       -8.0       -3.0        5.0 =     -888.0
       4.0        8.0       -4.0       -7.0        4.0        9.0        6.0        4.0       10.0        9.0      -10.0       -1.0        1.0       -3.0        4.0       -6.0        7.0      -10.0       -1.0     -243.0       -8.0       -3.0       -2.0        8.0        8.0       -6.0        7.0       -7.0        4.0        3.0        2.0       -6.0       -9.0       -4.0       -9.0        2.0        3.0        5.0       -5.0        9.0        2.0        2.0        8.0        5.0 =      210.0
       5.0       -7.0        0.0        7.0      -10.0        4.0        3.0        7.0       -5.0        3.0       -8.0       -5.0        4.0        1.0        1.0       -2.0      -10.0       -4.0        1.0        2.0     -193.0        2.0       -5.0       -5.0       -2.0        9.0        4.0        0.0       -7.0       -6.0       -6.0        6.0       -1.0        7.0        5.0       -4.0       -5.0        1.0       -9.0       -3.0       -4.0       -4.0       -3.0       -4.0 =      240.0
      -3.0       -2.0        5.0        8.0        8.0       -9.0       -3.0        5.0        8.0       -4.0        8.0        1.0       -5.0        7.0        6.0        4.0        7.0       -7.0        3.0        4.0        3.0     -224.0        8.0        5.0       -1.0       -5.0       -4.0        2.0       -1.0        6.0       -9.0        4.0       -4.0        9.0        3.0        3.0       -9.0        5.0       -6.0        4.0        8.0       -4.0       -9.0       -4.0 =      895.0
      -9.0        1.0        9.0        2.0       10.0       -1.0       -1.0       -6.0        6.0        4.0       -3.0       -8.0        5.0        4.0        8.0       -5.0       -9.0        9.0        8.0        1.0        1.0       -2.0      214.0        6.0       -9.0       -6.0        2.0        3.0        1.0        8.0      -10.0       -9.0       -2.0        9.0        6.0       -2.0        4.0       -4.0        1.0       -3.0       -6.0        0.0        0.0        8.0 =     2115.0
      -3.0       -3.0       -4.0       -1.0        1.0        9.0        2.0        9.0       -8.0       -7.0       -6.0       -8.0        8.0        5.0       -1.0        1.0       -8.0        2.0       -1.0        7.0       -6.0       -5.0        1.0     -226.0        3.0       -9.0       -9.0        4.0       -6.0       -8.0        7.0        4.0       -7.0        8.0       -8.0        2.0       -7.0        1.0        9.0       -7.0       -4.0        5.0       -7.0        0.0 =     2439.0
       6.0       -4.0        1.0        3.0        6.0        9.0       -7.0       -9.0       -1.0        7.0        5.0       -4.0        9.0       -8.0       -9.0        8.0        4.0        2.0       -8.0       -5.0        2.0        9.0        0.0      -10.0     -235.0       -7.0       -8.0        6.0        9.0       -2.0       -3.0        9.0       -5.0       -1.0        0.0      -10.0        1.0       -3.0       -7.0       -9.0        2.0        3.0       -5.0       -4.0 =     2104.0
      -5.0       -3.0       -1.0       -5.0       -5.0       -8.0       -3.0       -3.0        1.0       -8.0        2.0        8.0        5.0        5.0        5.0       -8.0        4.0        2.0       -5.0        3.0       -8.0        4.0       -6.0      -10.0        4.0      218.0        5.0        5.0        6.0       -9.0        8.0        1.0       -7.0       -9.0       -3.0       -8.0        7.0        2.0        0.0       -2.0        4.0        4.0       -5.0       -4.0 =     1246.0
       1.0        7.0        6.0        4.0        6.0        7.0       -1.0        7.0       -6.0       -9.0       -1.0       10.0        1.0       -6.0        7.0      -10.0        2.0        8.0        6.0       -6.0        5.0       -5.0       -3.0        5.0       -4.0       10.0     -220.0       -1.0       -3.0       10.0        3.0       -1.0       -5.0       -5.0        6.0        9.0       -3.0        4.0        5.0        3.0       -6.0        1.0        1.0        9.0 =     -912.0
      -2.0        0.0        4.0       -3.0       -1.0        8.0       -6.0       -4.0       -8.0        8.0       -7.0        3.0      -10.0       10.0        0.0       -9.0      -10.0       -8.0        6.0       -8.0        4.0        1.0        6.0       -8.0       -7.0       -9.0        6.0      234.0        5.0       -4.0        9.0       -9.0       -2.0       -7.0        2.0      -10.0        5.0        0.0       -1.0        1.0        4.0        8.0       -3.0        1.0 =      189.0
      -3.0       -6.0        5.0       -9.0       -6.0        2.0        2.0       -7.0        6.0        7.0       -9.0       10.0        9.0       -9.0       -8.0        1.0        6.0        8.0       -7.0       -3.0       -2.0        4.0       -4.0        3.0       -6.0       -6.0       -1.0      -10.0     -235.0        3.0        9.0       -3.0       -2.0       -6.0       -1.0        8.0        5.0        0.0        9.0        7.0       -7.0       -5.0       -6.0       -4.0 =    -2349.0
      -5.0       -5.0        5.0       -8.0        2.0        9.0        6.0       -2.0        1.0        1.0        3.0        8.0        2.0        2.0        0.0        2.0        2.0       -2.0        9.0        9.0        2.0        1.0       -3.0        3.0       -4.0        1.0        2.0       -4.0        5.0      164.0        3.0        0.0       -3.0       -2.0        4.0        1.0       -7.0       -5.0       -8.0       -1.0       -7.0       -1.0        7.0        0.0 =     -561.0
      -9.0        9.0        7.0        0.0       -4.0       -6.0        0.0        6.0        0.0        4.0        1.0        6.0       -5.0        8.0        1.0       -1.0        7.0        3.0        7.0       10.0        4.0       -9.0       -4.0        8.0       -5.0        9.0       -1.0        9.0        9.0        0.0      217.0       -1.0       -3.0       -1.0       -5.0       -5.0        0.0        2.0        8.0        6.0       -9.0       -8.0        7.0        2.0 =    -1370.0
       7.0        4.0        4.0       -3.0        0.0       -8.0       -4.0       -8.0       -9.0       -7.0        2.0       -6.0       -3.0        6.0        8.0       -5.0        6.0       -4.0      -10.0       -1.0       -4.0       -8.0        1.0       -7.0        8.0      -10.0       10.0        4.0      -10.0       -7.0        9.0     -233.0        8.0        1.0        5.0       -8.0        4.0        2.0       -3.0        3.0        4.0        6.0        1.0        0.0 =    -1530.0
      -7.0        1.0       -9.0       -5.0       -3.0       -5.0        8.0        9.0       -5.0       -4.0       -4.0       -2.0        7.0       -2.0        6.0       -3.0       -3.0        0.0       -1.0       -8.0       -5.0       -6.0        9.0        1.0        0.0       -6.0        6.0       10.0       -9.0       -3.0        7.0       -6.0     -209.0        3.0        3.0       -7.0       -6.0       -2.0        5.0       -2.0       -3.0        3.0        7.0        8.0 =    -1624.0
       2.0        6.0        0.0       -5.0        3.0       -9.0        8.0        8.0        6.0       -3.0        3.0        2.0        5.0        7.0        6.0        0.0       -8.0       -6.0       -6.0       -8.0        8.0        3.0        8.0        3.0       -2.0       -1.0        1.0       -9.0        5.0        6.0       -5.0       -2.0        0.0      212.0       -9.0       -5.0       -7.0        0.0       -5.0        4.0       -4.0       -8.0        0.0       -9.0 =     1365.0
      -1.0        0.0       -9.0       -9.0       -2.0       -6.0       -8.0        8.0       -9.0        6.0       -9.0       -2.0       -5.0        8.0       -8.0       -3.0       -5.0       -8.0        3.0        0.0        5.0       -8.0        9.0       -7.0        1.0        2.0       -4.0       -2.0       -2.0       -5.0       -4.0        3.0        6.0        7.0     -223.0       -7.0        5.0        4.0       -7.0        7.0        5.0       -2.0        1.0      -10.0 =    -2565.0
       4.0       -4.0       -5.0       -7.0        9.0        6.0        5.0        2.0        1.0       -7.0        4.0        8.0       -1.0        9.0       -7.0        8.0        2.0      -10.0        4.0      -10.0       -4.0       -8.0        3.0       -7.0        9.0       -6.0        1.0       -6.0        3.0       -5.0       -1.0       -4.0        3.0       -8.0       -7.0     -226.0        6.0       -8.0        1.0        6.0       -2.0       -3.0        8.0        2.0 =     1694.0
      -2.0        7.0        2.0       -3.0        4.0        3.0        8.0       -9.0        1.0        4.0       -5.0        2.0        3.0        7.0       10.0       -8.0       -3.0        7.0       -2.0       -5.0        6.0        8.0        1.0        0.0       -8.0        0.0        7.0       -8.0       -7.0       -3.0       -4.0       -3.0        4.0        0.0        3.0        5.0     -206.0        1.0       -8.0      -10.0       -3.0        2.0       -5.0       -9.0 =     -216.0
      -5.0       -2.0       -3.0        4.0       -8.0       10.0        5.0       -2.0        2.0       -5.0       -6.0        7.0        8.0        7.0      -10.0       -1.0       -7.0      -10.0        3.0        4.0       -6.0       -6.0       -6.0       -1.0       -9.0      -10.0       -1.0        5.0       -2.0       -2.0        4.0       -6.0       -2.0        3.0        2.0        5.0        1.0     -210.0        1.0        8.0       -8.0       -1.0       -2.0       -1.0 =    -1518.0
      10.0       -7.0       -2.0       -6.0        6.0        9.0        1.0       -6.0        3.0       -3.0       -7.0       -3.0        9.0       -4.0       -3.0       -3.0        1.0       -6.0       10.0       -5.0        7.0       -3.0        0.0       -6.0       -4.0       -1.0       -3.0       -5.0        8.0        0.0        8.0        2.0        7.0        0.0       -6.0        8.0       -3.0       -8.0     -211.0       -4.0        7.0       -2.0        1.0       -5.0 =     -876.0
       4.0       -2.0        8.0        9.0       -1.0       -2.0        2.0       -7.0        9.0       -6.0       -4.0      -10.0        0.0       -4.0        1.0        6.0        9.0        5.0       -1.0       -1.0        8.0       -2.0       -1.0        2.0       -8.0        1.0        7.0      -10.0       -4.0        2.0       -8.0       -2.0        9.0       -7.0        5.0       -6.0       -2.0       10.0        3.0     -212.0        2.0        6.0       -5.0       -1.0 =     1188.0
       8.0        7.0        4.0       -4.0        5.0       10.0        7.0        2.0        7.0        8.0       -5.0       -8.0        6.0       -5.0       -4.0       -2.0        8.0      -10.0        6.0       -4.0        2.0       -3.0       -2.0       -4.0       -3.0       -8.0       -1.0       -2.0       -2.0        4.0        3.0        7.0       -9.0       -2.0        5.0        7.0       -1.0       -3.0      -10.0       -5.0     -226.0       -1.0        8.0        7.0 =        0.0
      -9.0        6.0        7.0        2.0        0.0        2.0       10.0        3.0        3.0        4.0        7.0       -9.0       -4.0        8.0        9.0       -2.0       -6.0        7.0        5.0       -5.0        1.0        3.0        1.0       -9.0        1.0       -4.0        3.0       -9.0       -3.0        7.0       -4.0       -9.0       -3.0        1.0       -1.0        8.0       -5.0        5.0       -3.0        6.0        0.0      209.0       -7.0        1.0 =      227.0
       3.0        9.0        0.0        8.0      -10.0       -9.0       -9.0       -6.0       -4.0        0.0       -3.0       -3.0       -4.0        9.0        7.0        7.0       -7.0        7.0       -8.0        6.0        9.0       -5.0       -4.0       -4.0       -5.0       -4.0       -7.0        5.0       -1.0        4.0       -8.0        9.0       -4.0        0.0       -1.0        3.0       10.0        3.0        1.0        6.0       -8.0       -3.0     -233.0        4.0 =    -1440.0
       2.0       10.0        1.0        4.0       -4.0       -8.0       -5.0       -5.0        3.0       -7.0       -6.0        9.0       10.0       -2.0       -2.0        4.0       10.0       -3.0        9.0       -3.0       -8.0        7.0       -8.0        2.0      -10.0      -10.0        9.0       -7.0       -7.0       -3.0        6.0        6.0       -2.0       -4.0       -5.0        3.0        4.0       -4.0       -1.0        5.0       -4.0       -1.0        7.0     -233.0 =     1928.0

       0.0       -7.0      -10.0       -3.0        8.0       -2.0        2.0       10.0       -5.0       -8.0        6.0       -4.0       -4.0       -4.0       -1.0        3.0        8.0       -5.0        4.0       -1.0       -1.0       -5.0        9.0       -9.0       -8.0        7.0        6.0        1.0        9.0       -3.0       -5.0        6.0        7.0        7.0        9.0       -7.0        1.0        6.0        4.0       -6.0        0.0        1.0        6.0       -8.0
