44
     257.0       10.0       -2.0       -9.0       10.0        4.0        3.0        3.0       -8.0       -3.0       -8.0       -3.0        9.0       -3.0        8.0        8.0        9.0        7.0        3.0       10.0        2.0        6.0        5.0       -5.0       -9.0       -7.0       -7.0        6.0       -6.0        9.0        5.0       -6.0        7.0        6.0        9.0       -4.0        2.0       -2.0        2.0       -9.0        5.0        4.0        5.0        5.0 =     1312.0
       9.0     -258.0      -10.0        3.0       -4.0        3.0        6.0       -8.0        4.0        8.0       -9.0        7.0        7.0        8.0        2.0       -1.0        8.0       -2.0        6.0       -2.0        4.0       -4.0       -8.0       -5.0        9.0       -3.0       -5.0        6.0       -4.0        4.0       -8.0       10.0       -7.0       -1.0       -9.0        8.0       -5.0       -2.0        2.0        9.0       -8.0        4.0        8.0       -9.0 =     -711.0
      -2.0        6.0     -193.0       -4.0       -2.0       -2.0       -8.0        5.0        3.0        2.0        5.0        5.0        2.0       -1.0       -8.0       -2.0        5.0       -3.0       -1.0        5.0       -8.0       10.0        2.0       -5.0        6.0        2.0       -7.0       -5.0       -8.0        0.0       -4.0        3.0       -3.0        8.0       -6.0        7.0       -2.0        4.0       10.0       -9.0        0.0       -5.0        0.0       -2.0 =    -1400.0
      -3.0       -1.0       -2.0     -219.0        4.0       -5.0       -6.0        8.0       10.0       -5.0       -1.0        6.0        3.0       -6.0        3.0       -8.0       -5.0        5.0        2.0       -1.0        7.0       -5.0        2.0        8.0       -3.0        2.0       -6.0        5.0       -5.0       -3.0       10.0        3.0        3.0        8.0       -8.0        7.0       -4.0        6.0        1.0       -2.0        6.0        7.0       -4.0      -10.0 =      392.0
      -6.0       -5.0        9.0        3.0     -223.0        4.0       -8.0        9.0        3.0        7.0       -7.0       -3.0       -9.0        8.0        1.0        9.0        0.0        5.0       -9.0        3.0       -5.0       -5.0       -3.0       -5.0       -6.0       -1.0       -7.0        4.0       -6.0        9.0        3.0       -5.0       -1.0       -3.0       -1.0        1.0        3.0        9.0        3.0        9.0        4.0       -2.0       10.0        2.0 =      808.0
       1.0       10.0        2.0        4.0        9.0     -210.0      -10.0        0.0       -3.0       -5.0        7.0        3.0       -8.0       10.0        3.0       -6.0        8.0        2.0        0.0       -6.0       -3.0       -4.0        3.0       -5.0        4.0        4.0        7.0        0.0        0.0       -5.0        2.0        3.0        5.0       -4.0       -6.0       -5.0       -5.0        6.0        0.0        5.0       -7.0        6.0       -8.0        8.0 =    -1692.0
       3.0        1.0        1.0        6.0        6.0        7.0      194.0       -2.0        7.0       -1.0       10.0       -4.0       -6.0        5.0       -9.0        2.0        4.0      -10.0       -8.0       -3.0        5.0        9.0       -8.0       -9.0       -6.0        2.0        4.0        3.0       -2.0        1.0        2.0        5.0        3.0        0.0        3.0        5.0       -2.0        8.0       -4.0       -1.0        1.0        5.0        2.0       -5.0 =     -672.0
      -3.0       -3.0       -3.0        8.0       -3.0       -6.0        9.0     -214.0       -6.0       -8.0       -8.0       -9.0       -6.0        1.0       -5.0       -1.0        0.0        4.0       -5.0        4.0       -9.0       -2.0        5.0       -7.0       -4.0        3.0        0.0        4.0        4.0        1.0        0.0       10.0       -3.0        1.0        8.0        8.0       -9.0       -2.0       -8.0       -8.0        5.0       -9.0        5.0       -2.0 =      263.0
       6.0        3.0      -10.0       -7.0       -5.0        6.0        3.0       -3.0      229.0       -5.0        6.0        0.0       -9.0        9.0        5.0        5.0       -1.0       -3.0       -8.0        1.0        5.0        4.0       -6.0        0.0       -4.0        5.0       -6.0       -6.0        9.0       -4.0        7.0       -7.0      -10.0        4.0        2.0       -8.0        9.0       -9.0       -8.0       -6.0        7.0       -1.0        2.0       -2.0 =      995.0
      -1.0       -9.0        1.0       -8.0        0.0        4.0       -2.0        2.0       -1.0     -195.0        4.0       -4.0       -8.0       -2.0       -4.0       -2.0        3.0       -8.0       -2.0       -7.0       -6.0       -6.0      -10.0       -5.0       10.0       -2.0       -2.0        6.0       -1.0       -2.0        7.0        3.0      -10.0       -5.0       -4.0       -3.0        6.0        7.0        1.0        4.0        5.0        9.0        3.0        4.0 =     2300.0
       8.0       -1.0        7.0       -3.0       -7.0        3.0        5.0        4.0        1.0       -5.0      208.0        2.0        0.0        9.0        4.0        3.0        7.0        4.0        5.0        3.0       -4.0        0.0       -3.0        9.0       -4.0        1.0       -6.0       -9.0       -7.0        8.0        2.0       -4.0       -3.0       -8.0        2.0       -8.0       -8.0       -8.0        3.0       -8.0        1.0       -8.0       -2.0       -1.0 =    -1728.0
       5.0       -9.0       -2.0       -5.0       -2.0        0.0      -10.0       -1.0        9.0        2.0       -1.0     -221.0        9.0        2.0       -5.0       -2.0        1.0       -3.0      -10.0      -10.0        9.0       -2.0       -2.0        2.0       -2.0       -3.0        9.0       -3.0        8.0        7.0        5.0       10.0       -4.0        4.0      -10.0        6.0        0.0       -1.0      -10.0       10.0       -7.0       -8.0        7.0       -3.0 =    -1848.0
      -8.0        3.0       -8.0       -1.0        3.0       -4.0        9.0        2.0        0.0        1.0       -1.0        1.0     -174.0        2.0        7.0        4.0       -3.0        2.0        3.0       -6.0        3.0        2.0        7.0       -7.0       -4.0        1.0      -10.0       -3.0        2.0        9.0       -4.0        0.0        5.0       -3.0        1.0       -5.0        2.0       -1.0        9.0        3.0       -2.0        3.0       -5.0       -8.0 =    -1557.0
       7.0       -8.0       -1.0        6.0       -7.0       -6.0       -3.0        2.0        5.0        0.0        7.0        2.0        2.0     -242.0        4.0        9.0       -5.0       -8.0        6.0        1.0       -9.0        7.0        7.0       -4.0       -9.0        3.0      -10.0      -10.0       -8.0       -8.0        6.0        5.0      -10.0        2.0       -2.0       10.0        4.0        1.0        9.0        2.0       -1.0      -10.0       -7.0       -9.0 =     1620.0
       9.0        4.0        1.0        7.0        1.0        7.0        6.0        9.0       -8.0        1.0       -3.0       -7.0       -3.0        9.0     -245.0        2.0        5.0       -8.0        2.0        6.0        5.0       -1.0       -4.0        4.0        6.0       -9.0       -8.0       -1.0        6.0      -10.0        1.0       -1.0        9.0       -6.0       -7.0      -10.0       -7.0       -5.0       -8.0        2.0        4.0       -9.0       -7.0        9.0 =     2268.0
       0.0        0.0       -7.0       -5.0       10.0        7.0       -3.0        7.0        1.0        4.0        4.0       -8.0       -2.0        4.0        3.0      219.0        0.0        8.0       -1.0        6.0        2.0        1.0       -9.0       -9.0       -5.0        6.0       -1.0        2.0       -7.0        0.0       -6.0       -9.0       -4.0       -5.0        6.0       -8.0        8.0       -4.0       -8.0       -2.0      -10.0       -6.0       -8.0       -7.0 =     -492.0
       1.0        0.0        1.0       -2.0       -4.0        9.0       -2.0        6.0        3.0        8.0       -4.0       -8.0       -2.0        4.0        2.0       -8.0     -229.0        2.0       -6.0       -8.0        3.0       -6.0       -7.0        7.0      -10.0       -9.0       -2.0       -3.0       -6.0       -6.0       10.0        7.0       -6.0       -5.0       -3.0        9.0        3.0        7.0      -10.0       -3.0        7.0        5.0       -3.0        9.0 =      747.0
       9.0        5.0       -6.0        2.0        0.0        7.0        6.0        9.0        7.0        2.0       -7.0      -10.0        0.0       -7.0       -8.0       -2.0       -3.0      235.0       -9.0        6.0       -1.0        7.0       -2.0       -5.0        1.0       -8.0       -9.0        5.0        7.0       -6.0       -4.0       -7.0        0.0       -8.0        6.0       -2.0        6.0       -3.0       -5.0       -6.0       -5.0       -7.0      -10.0       -6.0 =      174.0
      -3.0        8.0       -6.0        7.0       10.0       -4.0        3.0       -8.0        6.0       -5.0        9.0        5.0        8.0        0.0       -5.0       -7.0        9.0       -9.0     -262.0       10.0       -8.0       -9.0        4.0       -8.0       -8.0        9.0       10.0        4.0        3.0        0.0        3.0        0.0        7.0        8.0       -6.0       -7.0        4.0        1.0        6.0       -2.0        6.0        8.0       -7.0       -8.0 =    -1344.0
       7.0        6.0        4.0        0.0        4.0       -3.0       -4.0        3.0        2.0       -1.0        3.0       -9.0       -7.0        5.0       -1.0        3.0       -1.0       -2.0        1.0     -174.0       -6.0       -2.0       -9.0        0.0       -4.0      -10.0        3.0        6.0       -7.0       -6.0        8.0       -1.0       -1.0        1.0        2.0        1.0        9.0       -4.0       -6.0        2.0       -9.0       -1.0        6.0        1.0 =    -1528.0
       0.0       -5.0        6.0       -6.0       -6.0       -4.0       -9.0       -4.0       -8.0       -7.0        2.0       -1.0        4.0       -9.0       -9.0       -1.0        4.0        2.0       -6.0        5.0      239.0       -8.0        8.0       -7.0        1.0        9.0        6.0        1.0        4.0        7.0       -8.0       -2.0       -7.0       -3.0        7.0       -9.0       -8.0        2.0       -7.0        2.0       -9.0      -10.0        9.0        1.0 =      332.0
       4.0        3.0        8.0        1.0       -1.0        7.0       -4.0        6.0       -4.0        0.0        8.0       -4.0        9.0       -4.0        4.0      -10.0        0.0        0.0       -2.0       -2.0       -9.0     -191.0       -2.0       10.0        3.0       -1.0        5.0        1.0       -5.0        5.0       -7.0        8.0        5.0        4.0        1.0       -1.0        0.0       -6.0       -3.0       -6.0       -5.0        5.0       10.0       -3.0 =      326.0
       0.0       -4.0       -5.0       -8.0        7.0        0.0       -6.0       -5.0        1.0       -9.0        2.0       -4.0       -2.0        3.0       -3.0       -5.0        3.0       -8.0       -4.0       -6.0       10.0       -2.0     -189.0       -9.0       -6.0        0.0       -6.0       -9.0        0.0       -3.0       10.0       -2.0       -3.0        8.0        2.0       -5.0        6.0       -1.0       -6.0        5.0        5.0        1.0        2.0       -2.0 =    -1976.0
       7.0       -5.0       -5.0        2.0      -10.0        8.0       -2.0        0.0       -6.0        1.0        9.0       -5.0       10.0       -4.0        7.0       -5.0        6.0        7.0       -6.0        4.0        5.0       -2.0       -2.0      198.0       -4.0        5.0       -4.0       -9.0       -6.0       -2.0        7.0       -7.0        7.0        1.0        1.0        4.0        0.0       -2.0        3.0        3.0       -7.0        1.0       -2.0        2.0 =      203.0
       3.0       -9.0        1.0        7.0       -3.0        6.0        3.0       -7.0        5.0        6.0        9.0        9.0       -5.0       -9.0        3.0        4.0       10.0        2.0        2.0        8.0        5.0        5.0        2.0       -5.0     -235.0       -4.0       -6.0        4.0      -10.0       -9.0        7.0       -7.0       -4.0       -7.0       -4.0        6.0       10.0        6.0       -6.0       -1.0        7.0       -2.0        0.0        5.0 =     -792.0
      -6.0       -8.0       -8.0       -3.0       -6.0        7.0       -4.0        2.0        9.0        8.0       -2.0        1.0       -6.0       -3.0        6.0        1.0        6.0       -8.0        3.0       -1.0        6.0        0.0        3.0       -6.0       -2.0      197.0        4.0        3.0       -8.0        8.0       -9.0       -2.0        0.0        0.0       -3.0        7.0       -2.0       -1.0        0.0        6.0       -4.0       -7.0       -8.0        2.0 =     1720.0
      -6.0        5.0        5.0       -4.0       -8.0        1.0       -6.0        4.0       -5.0        7.0       -6.0        7.0       -5.0       -6.0        0.0       -4.0       -8.0        2.0        8.0        4.0        9.0       -1.0       -1.0       -6.0       -1.0        5.0     -221.0       -5.0        8.0       -1.0        8.0        0.0       -7.0       -9.0        5.0        0.0        6.0        4.0       -9.0        8.0       -3.0       -9.0        4.0       -2.0 =      699.0
     -10.0       -5.0       -8.0       -9.0        2.0       -4.0       -1.0        2.0       -4.0        8.0       -8.0       -2.0       -9.0        4.0       -7.0        8.0       -1.0       -8.0       -7.0       -6.0        5.0        6.0        9.0        3.0       -2.0        5.0       -4.0      227.0       -5.0        6.0       -5.0       -4.0        0.0       -1.0       -7.0        5.0        0.0        9.0       -3.0        8.0        3.0       -5.0       -4.0        6.0 =     1870.0
       9.0        9.0       -6.0       10.0       -6.0       -3.0       -5.0       10.0        2.0       -4.0        4.0        9.0       -2.0        3.0       -5.0       -5.0        7.0        2.0       -4.0        4.0       -4.0        3.0       -8.0        6.0       -3.0        8.0       -4.0       -4.0      234.0        9.0        5.0       -4.0        0.0       -1.0       -7.0        1.0       10.0      -10.0        3.0        7.0        2.0       -6.0        9.0       -2.0 =      546.0
      -6.0       -4.0        4.0       -6.0        2.0       -4.0        0.0        4.0        7.0        7.0        3.0       -5.0        8.0        5.0       -2.0        0.0        5.0        5.0       -5.0       -9.0       -6.0       10.0       -7.0        7.0        2.0       -3.0       -9.0        7.0       -9.0     -235.0       -3.0       -4.0       -7.0        0.0        2.0        8.0        7.0        5.0        9.0        6.0       -8.0       -9.0        2.0        8.0 =     1090.0
      10.0        8.0      -10.0       -1.0        8.0        5.0        9.0        3.0        4.0       -7.0        4.0       -6.0       -7.0      -10.0        0.0        4.0       10.0        7.0       -8.0        5.0        1.0       -4.0        1.0       -1.0        4.0        2.0       -3.0       -1.0       -6.0       -5.0     -210.0        7.0        4.0       -1.0        1.0       -2.0        3.0        0.0       -8.0       -5.0        7.0       -5.0       10.0        2.0 =     1267.0
       3.0       -2.0       -5.0       -5.0        4.0        9.0        7.0        1.0        4.0        2.0       -2.0        8.0        1.0       -8.0       -7.0        7.0       -6.0        2.0       -5.0      -10.0        1.0        7.0       -3.0       -7.0        6.0       -8.0        4.0       -8.0       -1.0       -3.0        0.0      187.0       -4.0        4.0       -3.0        1.0        0.0        2.0        1.0        5.0        2.0        9.0        1.0       -1.0 =     1330.0
       3.0       -6.0       -6.0        5.0       -4.0        8.0       -6.0        3.0        5.0       10.0       -3.0       -6.0        0.0       -2.0        2.0       -1.0       -1.0       -1.0        1.0        8.0        9.0       -9.0       -5.0       -6.0        4.0       -2.0       -9.0       -2.0        6.0       -1.0        3.0        9.0     -212.0        2.0       -5.0        6.0        5.0       -7.0        8.0       -6.0       -9.0        2.0        5.0        6.0 =      597.0
       9.0       -1.0        5.0        5.0       -5.0        9.0        8.0        3.0        3.0       -7.0       -4.0       -3.0       -9.0        0.0       -6.0        0.0        3.0       -5.0        3.0        7.0       -4.0       -6.0        5.0       -2.0       -3.0       -6.0        5.0        7.0       -7.0        1.0       -5.0        1.0        1.0     -200.0       -1.0       -6.0        2.0       -9.0       -9.0       -3.0       -1.0        0.0        9.0        6.0 =    -1470.0
       9.0       -3.0       -7.0        9.0        5.0        6.0        1.0       -4.0        8.0        7.0        0.0       -1.0       -7.0        8.0       -5.0        7.0        9.0       -6.0       -4.0       -4.0        5.0        6.0      -10.0        2.0        7.0       -9.0        3.0        5.0        7.0        0.0        9.0       -1.0       -4.0        4.0      228.0       -7.0        0.0       -8.0        1.0       -9.0        5.0        0.0        1.0        7.0 =    -2700.0
     -10.0       -5.0        1.0       -4.0       -5.0        6.0        5.0        8.0        0.0       -2.0       -3.0        1.0        4.0       -8.0        2.0        3.0       -8.0        1.0        0.0       -9.0       -1.0       10.0       -3.0        7.0       -1.0      -10.0       -2.0       -1.0        9.0        1.0        0.0        5.0        0.0       -5.0        1.0     -176.0       -1.0        6.0        8.0       10.0        4.0        0.0        3.0       -3.0 =     -972.0
       5.0       -3.0        2.0        1.0        9.0        2.0        9.0       -6.0       -1.0        6.0        9.0        8.0        4.0       -5.0        4.0        9.0       -4.0       -4.0       -4.0        3.0        9.0        7.0       -5.0       -9.0      -10.0       -9.0       -8.0      -10.0       -4.0       -7.0        4.0        9.0       -5.0        7.0        9.0       -7.0      245.0        0.0        2.0        9.0        5.0       -1.0        6.0        2.0 =     -849.0
       4.0       -5.0        2.0       -9.0       -5.0        7.0       -1.0       -7.0       -7.0       -1.0        2.0        6.0        2.0        8.0       -2.0        4.0       -5.0       -8.0       -1.0       -5.0        9.0        5.0       -4.0        8.0       -4.0       -4.0       -1.0        3.0        8.0        4.0       -7.0       -5.0       -5.0       -4.0       -9.0        8.0       -3.0     -216.0       -6.0        9.0        0.0       -8.0       -3.0        5.0 =    -1205.0
       2.0       -3.0       -1.0        5.0       -4.0       -5.0       -7.0        6.0       10.0       -3.0        0.0       -5.0        2.0      -10.0       -7.0       -9.0        1.0      -10.0        2.0       -2.0        3.0        5.0       -7.0       -9.0        1.0        5.0       -6.0       -1.0       -3.0        0.0        6.0       -7.0        7.0        5.0        6.0        1.0       -7.0       -5.0     -206.0       -6.0        3.0       -2.0       -8.0       -4.0 =        0.0
      -3.0        1.0       -5.0       -1.0        4.0        8.0        8.0        1.0        3.0       -5.0       -5.0        5.0       -1.0        4.0       -5.0       -2.0        6.0       -5.0       -2.0        9.0        7.0        2.0       -9.0        2.0       -2.0       10.0       -2.0       -7.0      -10.0        7.0        2.0        4.0       -1.0       -4.0        6.0       -2.0        0.0        8.0       -8.0      213.0      -10.0       10.0        9.0       -5.0 =     -705.0
       3.0       -9.0        9.0       -8.0       -8.0       -9.0        6.0       -7.0        9.0        2.0       -5.0        1.0        2.0       -1.0       -3.0      -10.0        1.0       -4.0        8.0        1.0        3.0       -3.0        6.0        1.0       -6.0       -7.0      -10.0       -8.0        9.0       -1.0      -10.0        5.0        2.0        0.0        8.0        4.0       -9.0       -3.0       -7.0        4.0     -232.0       -2.0       -6.0       -3.0 =     -861.0
      -4.0       -8.0       -4.0       -5.0        0.0        8.0        8.0       -6.0       -9.0       -1.0       -1.0        1.0       -2.0       -9.0       -2.0       -9.0       -4.0        2.0        1.0       -9.0       -1.0        6.0        7.0        2.0       -7.0       -6.0        0.0       -3.0       -6.0        3.0        6.0      -10.0        9.0       -7.0        3.0        0.0        3.0       -6.0      -10.0        1.0       -9.0     -217.0       -1.0        8.0 =    -1440.0
      -3.0        8.0        4.0       -6.0       -8.0        9.0        5.0       -4.0       -4.0        3.0       -9.0        0.0       -2.0        7.0       -6.0       -5.0        5.0        5.0       -6.0        3.0        7.0       -8.0        9.0       -5.0       -2.0       -8.0       -9.0        4.0        3.0       -6.0       -4.0       -9.0      -10.0        4.0       -6.0       -9.0        6.0       -8.0       -1.0        8.0        1.0       -4.0     -247.0        5.0 =     1172.0
       3.0       -2.0        7.0       -3.0        4.0        2.0        0.0        5.0        7.0        7.0       -5.0        8.0        9.0       -8.0       -5.0        9.0        0.0       -7.0       -4.0        5.0       -6.0        9.0       -8.0       -1.0        4.0        8.0       -1.0        9.0        0.0        3.0        0.0       -1.0       -4.0        8.0       -9.0       -8.0        6.0        6.0      -10.0        2.0       -6.0        1.0        1.0      217.0 =     1764.0

       4.0        3.0        7.0       -2.0       -4.0        9.0       -3.0       -1.0        5.0      -10.0       -9.0        8.0        9.0       -6.0       -9.0       -3.0       -3.0        1.0        6.0        8.0        2.0       -2.0        8.0        1.0        4.0       10.0       -3.0       10.0        2.0       -5.0       -7.0        7.0       -3.0        7.0      -10.0        6.0       -3.0        5.0        0.0       -3.0        3.0        5.0       -4.0        7.0
