44
    -181.0       -8.0        0.0       -7.0        8.0       -3.0        1.0        3.0       -7.0        2.0       -3.0        9.0        2.0        2.0       -7.0        9.0       -3.0        5.0       -8.0        0.0        8.0        7.0        2.0        8.0        9.0       -1.0        0.0        3.0       -5.0        1.0        9.0        7.0        0.0       -1.0       -5.0       -5.0       -3.0        0.0        1.0       -4.0        4.0       -3.0        1.0        7.0 =      146.0
      -7.0     -236.0       -5.0        2.0       -8.0        4.0       -1.0       -1.0        5.0        5.0      -10.0        8.0       -3.0       -9.0        4.0        7.0       -6.0        3.0       -9.0       -9.0       -2.0        6.0        3.0        9.0       -6.0        7.0        2.0       -2.0       -1.0        2.0        9.0        7.0       10.0        9.0        6.0       -7.0        2.0        0.0       -6.0        7.0        6.0        1.0       -5.0        9.0 =    -1200.0
      -7.0       -1.0     -216.0       -2.0       -5.0        1.0       -9.0        1.0       -8.0        1.0        4.0       -4.0        1.0        5.0       -1.0       10.0        0.0       -6.0        2.0        0.0        2.0       -9.0       -6.0        2.0       -6.0        7.0       -6.0        7.0        5.0      -10.0        6.0        3.0       -8.0        8.0        9.0       10.0        8.0        3.0       -4.0        8.0       -9.0        3.0        8.0        0.0 =     -203.0
      -5.0       -8.0        5.0      222.0       -8.0        4.0        8.0       -2.0       10.0       -3.0       -8.0       -6.0        3.0       -3.0       -4.0       -9.0        2.0       -9.0       -4.0        6.0        5.0       -4.0        3.0        2.0       -8.0        3.0       -8.0       -1.0       -1.0        3.0        8.0        3.0        1.0        6.0        2.0       10.0        7.0       -8.0        1.0        0.0        4.0       10.0       10.0        3.0 =     1452.0
      -2.0       -6.0        0.0        3.0     -160.0       -4.0        1.0       -3.0        0.0        2.0        4.0       -5.0        5.0       -6.0       -9.0        4.0        6.0       -1.0        4.0        2.0       -7.0       -1.0        1.0        2.0        3.0       -5.0       -5.0        5.0       -1.0       -9.0       -6.0        1.0        0.0       -2.0       -5.0       -2.0        1.0       -2.0        9.0       -1.0       -3.0       -8.0       -2.0        6.0 =      980.0
       8.0       -3.0        8.0        7.0        7.0     -192.0       -2.0        0.0        2.0       -4.0       -4.0       -3.0        3.0        8.0        1.0        2.0       10.0        8.0        1.0        2.0       -1.0        4.0        6.0       -9.0       -3.0       -8.0       -3.0       -1.0       -2.0        8.0        2.0       -9.0        9.0       -7.0       -4.0        2.0       -7.0       -5.0       -2.0        6.0        1.0        4.0       -1.0       -2.0 =      489.0
       1.0       -9.0        5.0       -4.0       -7.0        8.0     -197.0       10.0       -3.0       -5.0        4.0        2.0        7.0        2.0        0.0       -9.0       10.0       -2.0       -1.0       -3.0       -2.0        4.0       -3.0        5.0        4.0        7.0        7.0        0.0        0.0        8.0        0.0       -7.0        2.0        1.0        6.0        6.0        5.0       -1.0       -3.0        0.0        9.0        7.0        9.0        2.0 =      875.0
      -9.0       -9.0        1.0        1.0        2.0        5.0       -8.0      209.0       -7.0        4.0        6.0        4.0       -5.0        0.0        6.0       -5.0       -6.0        5.0       -7.0        6.0       -6.0        8.0       -5.0       -2.0       -6.0       -5.0       -3.0       -1.0        1.0        6.0       -7.0        3.0       -7.0        8.0       -3.0        3.0       -5.0        8.0       -8.0        7.0       -2.0        1.0        2.0       -3.0 =     -354.0
      -7.0       -9.0        3.0       -6.0        0.0        6.0       -9.0       -7.0     -205.0        6.0        2.0        4.0        6.0       -3.0       -5.0        4.0       -4.0       -9.0        3.0        3.0        8.0        5.0        5.0        3.0       -7.0       -1.0        3.0        1.0        3.0        2.0       -2.0       -3.0       -5.0       -4.0        0.0        6.0        6.0       -5.0       -1.0       -9.0        1.0        9.0        6.0        5.0 =     -804.0
      -5.0       -5.0        5.0        0.0        5.0        6.0       -3.0        6.0        2.0      220.0        8.0        2.0        4.0       -8.0       -3.0        7.0       -8.0       -9.0       -6.0       -2.0       -5.0       -5.0        3.0       -6.0        4.0        6.0       -1.0        4.0        7.0       -8.0        6.0       -7.0        5.0       -9.0       -4.0        2.0       -8.0        9.0        5.0       -6.0       -4.0       -2.0        3.0        3.0 =     -832.0
       1.0        4.0        3.0       -6.0       -8.0        1.0       -9.0        1.0       -2.0       -4.0     -196.0        6.0        9.0        4.0       -2.0       -2.0        3.0       -2.0       -8.0        3.0       -9.0        8.0       -6.0        2.0        9.0       -1.0       -1.0       -4.0        4.0        9.0       -4.0        0.0        6.0        5.0        0.0        3.0        0.0        8.0        9.0        0.0        0.0        8.0       -8.0       -6.0 =    -1548.0
     -10.0       -3.0       -9.0       -4.0       -1.0        7.0       10.0        2.0        0.0        0.0       -3.0     -212.0        5.0        3.0        5.0        1.0       -1.0       -8.0       -4.0       -4.0        9.0       -9.0       -6.0       -6.0        2.0        2.0        9.0        0.0       -8.0        5.0        6.0       -8.0       -6.0        8.0        1.0        1.0        4.0       10.0       -1.0       -6.0       -9.0       -1.0        4.0       -6.0 =      231.0
       2.0        2.0       -9.0       -5.0       -1.0        3.0        5.0       -5.0        0.0        7.0       -4.0       -3.0      197.0       -3.0        1.0      -10.0      -10.0        6.0        0.0        6.0       -8.0       -5.0        7.0       -1.0       -1.0        6.0        2.0        8.0        1.0        4.0        4.0       -1.0        7.0        2.0       10.0        8.0       -4.0        3.0        5.0        4.0       -3.0       -6.0        8.0       -4.0 =     1125.0
       1.0        3.0       -6.0        8.0        0.0        6.0       -4.0       -6.0       -1.0        7.0        0.0       -4.0        8.0      218.0        9.0       -1.0       -9.0       -3.0        1.0       -2.0        8.0        9.0       10.0       -8.0        4.0       -7.0       -5.0       -1.0        7.0        7.0       -8.0        1.0       -3.0       -1.0        3.0      -10.0       -8.0       -5.0        0.0       -9.0        8.0       -2.0        9.0        0.0 =    -2016.0
      -1.0       -5.0       -6.0        7.0        5.0       -1.0       -1.0        8.0      -10.0       -9.0        0.0        0.0        2.0        4.0     -207.0       -9.0        4.0        0.0       -7.0        9.0       -7.0        7.0        1.0        2.0        9.0        3.0       -6.0       -5.0        6.0       -1.0        6.0        5.0       -1.0       -8.0        7.0        1.0        7.0       -9.0        0.0        4.0        6.0        7.0       -5.0        2.0 =     -744.0
       3.0        6.0        0.0       -7.0        9.0        0.0       -9.0       -5.0        1.0        7.0        0.0       -5.0        6.0        6.0        1.0      227.0        5.0       -5.0        8.0        6.0        1.0        5.0        6.0        8.0        6.0       -5.0       -9.0        1.0        8.0      -10.0        1.0       -6.0       -7.0       -8.0        3.0       -3.0        9.0        2.0       10.0       -1.0       -1.0       -2.0       -7.0       10.0 =    -1590.0
      -5.0       -3.0        4.0        6.0        8.0        0.0       -2.0        0.0        8.0       -8.0        1.0        1.0       -5.0        8.0       -2.0       -4.0      225.0       -7.0       -7.0        7.0        0.0        1.0        3.0        9.0       -7.0       -2.0       -6.0        6.0       -6.0        4.0        8.0       -5.0       -8.0        3.0        9.0       -9.0       -6.0       -4.0        7.0        4.0       -5.0       -3.0        9.0       -7.0 =    -1760.0
       3.0        1.0       -5.0       10.0       -1.0        3.0        8.0        9.0       -2.0       -4.0       -4.0        0.0       -8.0        4.0        1.0       10.0       -6.0      199.0        7.0       -8.0        9.0       -1.0        4.0       -1.0        2.0        3.0        7.0        3.0       -1.0       -3.0        6.0        3.0       -5.0        0.0        3.0       -4.0        7.0        6.0       -9.0        7.0        8.0       -4.0        0.0        8.0 =     -530.0
      -7.0        5.0       -1.0       -6.0        5.0       -5.0        2.0       -2.0       -3.0        0.0        3.0       -8.0        4.0       -2.0        1.0        3.0       -5.0        9.0      213.0       -5.0       -7.0        7.0       -1.0        4.0        5.0        0.0        7.0       -6.0        7.0        4.0        8.0       -7.0        7.0        9.0       -6.0       -4.0        5.0       -3.0       -7.0       -4.0       -2.0       -6.0       -9.0        4.0 =     -206.0
       7.0        7.0       -2.0        2.0       -4.0       -4.0       -2.0       -6.0        4.0        1.0        6.0        0.0        0.0        2.0       10.0       -6.0        9.0      -10.0        3.0     -192.0       -3.0        9.0        6.0       -1.0        4.0       -8.0       10.0        8.0       -1.0        4.0       -6.0        6.0       -3.0       -5.0       -1.0       -1.0        5.0        6.0        1.0        1.0       -9.0       -7.0        1.0        1.0 =     -316.0
       3.0       -3.0       -5.0       -1.0        8.0       -6.0       -6.0       -8.0       -9.0        7.0        1.0       -8.0        1.0        6.0        8.0        4.0       -6.0        7.0       -2.0       -3.0      202.0        2.0        3.0       -2.0        6.0       -5.0       -2.0       -5.0       -7.0       -6.0        1.0        7.0        3.0       -2.0        9.0       -3.0        7.0        2.0        6.0       -8.0       -1.0       -9.0       -1.0        0.0 =    -1665.0
      -6.0        3.0        5.0       -3.0       -3.0       -3.0       -5.0       -6.0        6.0        6.0       -5.0        8.0       -8.0        9.0       -9.0       -8.0        2.0       -5.0        4.0        4.0       -2.0     -212.0        7.0        4.0        2.0       -3.0        9.0        5.0       -4.0       -4.0        1.0        0.0        0.0        6.0       -2.0        6.0        2.0       -5.0       -7.0       -6.0       -9.0       -9.0        0.0        9.0 =    -1808.0
      -7.0       -2.0        2.0       -7.0       -4.0        3.0        2.0        1.0      -10.0        0.0       -9.0       -1.0        9.0        5.0        4.0       10.0       -7.0        2.0       -7.0       -8.0        6.0        5.0      203.0       -5.0        3.0        2.0       -8.0        9.0        0.0       -2.0       -4.0        1.0       -3.0        0.0       -4.0        9.0        4.0       -1.0       -8.0       -8.0        0.0        9.0       -2.0       -1.0 =     1810.0
       4.0       10.0       -6.0        5.0       -9.0       -7.0        0.0        2.0        0.0        6.0        1.0       -8.0        3.0        8.0       -7.0       -6.0        6.0        1.0       -4.0        6.0        3.0       -4.0       -4.0     -204.0       -4.0        7.0        3.0        4.0        4.0       -1.0        2.0        7.0       -9.0       -7.0       -2.0        1.0        8.0       -8.0        1.0       -6.0       -6.0       -4.0        3.0       -4.0 =     -860.0
       0.0        8.0       -6.0       -1.0       -4.0       -7.0       -9.0        3.0       -9.0        3.0       -9.0       -2.0        9.0       -4.0        0.0        2.0        7.0       -2.0        9.0        6.0       -2.0        3.0       -1.0        4.0      223.0       -7.0        9.0        4.0       -1.0       -7.0       -6.0        7.0        3.0        1.0       -9.0        1.0       -8.0        6.0        4.0       10.0      -10.0        2.0       -5.0        5.0 =    -1980.0
      -2.0       -4.0        3.0        4.0       -8.0       -4.0       10.0       -9.0       -8.0        5.0        5.0       -8.0        7.0       -7.0        5.0        1.0        9.0      -10.0       -8.0       -1.0        2.0        0.0        7.0       -5.0        5.0     -226.0        4.0       -2.0        8.0        2.0        8.0        8.0       -1.0        7.0        0.0       -3.0       -2.0        8.0       10.0       -2.0        7.0       -2.0        1.0        7.0 =     1611.0
       4.0       -8.0        0.0       -9.0        8.0        7.0        9.0       -3.0       -7.0       -7.0       -5.0        9.0        6.0       -5.0        7.0        1.0       -3.0       -4.0       -6.0       -8.0        0.0        8.0        6.0       -1.0        2.0      -10.0      233.0       -9.0       10.0        6.0       -8.0        6.0       -1.0        7.0        0.0        2.0       -1.0        4.0       -5.0        2.0        4.0       -7.0        0.0        9.0 =     -972.0
       7.0       -1.0        7.0      -10.0        9.0      -10.0       -4.0       -2.0       -1.0       -9.0        0.0       -6.0       -2.0        0.0        8.0       -3.0       -5.0        0.0       -2.0       -1.0        4.0        3.0        3.0       10.0       -4.0       -9.0        0.0      215.0       -7.0       -5.0       -1.0        2.0       -4.0       -2.0        6.0        2.0       -5.0      -10.0       -8.0       -8.0        6.0        2.0       -9.0        8.0 =      328.0
       2.0       -9.0       10.0       -6.0       -6.0        5.0        3.0        6.0        0.0        2.0        5.0       -9.0       -6.0        5.0        2.0        4.0       -9.0       -2.0        7.0        1.0        0.0       -2.0        5.0       -1.0        7.0        4.0       -2.0       -4.0      220.0        9.0       -6.0       -1.0       -3.0        8.0       -9.0       -2.0        7.0        6.0       -3.0        9.0        9.0        8.0       -1.0       -9.0 =     1016.0
       8.0        1.0        6.0        2.0       -7.0       -4.0        3.0       10.0       -1.0       -9.0        1.0        3.0       -4.0       -1.0        0.0        5.0       -1.0        4.0        4.0       -6.0        1.0       -2.0       -2.0       -1.0       -8.0        5.0       -9.0        3.0        6.0     -185.0        9.0       -1.0        3.0        0.0      -10.0        3.0       -9.0        3.0        0.0       -9.0        7.0       -1.0       -1.0       -4.0 =     1316.0
       0.0       -2.0       -8.0        6.0        6.0       -4.0        6.0        5.0        4.0        9.0       -7.0       -2.0      -10.0       -4.0       -5.0        4.0       -1.0       -3.0       -6.0        2.0        7.0        9.0       -8.0       10.0        8.0        5.0        0.0        2.0       -4.0       -6.0     -236.0        7.0        9.0       -8.0        1.0       -4.0       10.0       -2.0        3.0        6.0       -9.0       -2.0       -8.0       -7.0 =      454.0
       4.0       -5.0       -6.0        0.0        2.0        4.0       -5.0        2.0        9.0       -6.0      -10.0       -5.0       -7.0        9.0        5.0        5.0        9.0        6.0        5.0        1.0        2.0       -5.0        9.0        9.0       -8.0       10.0       -1.0       -2.0        3.0        6.0        2.0     -247.0       -7.0        5.0        7.0       -7.0       -7.0        5.0      -10.0        4.0       -8.0        5.0      -10.0       -3.0 =    -1386.0
      -7.0       -9.0        0.0       -8.0       -3.0        8.0        4.0        6.0        6.0        0.0       -7.0        2.0        5.0       -9.0        4.0       -9.0       -7.0        4.0       -9.0       -4.0        8.0       -1.0        6.0       -6.0        3.0       -7.0        4.0        1.0        8.0        2.0        9.0       10.0     -234.0        9.0        0.0       -1.0       -5.0        6.0       -5.0       -4.0       -5.0        9.0       -8.0        1.0 =      932.0
     -10.0        6.0        8.0        6.0        9.0        6.0       -7.0       -5.0        8.0       -6.0       -4.0       -6.0       -2.0        8.0       -9.0        4.0       -6.0       -6.0        5.0        9.0       -6.0        1.0        5.0        0.0        5.0       -8.0       -1.0       -5.0       -5.0        8.0        4.0       -9.0       -6.0     -248.0       -5.0        7.0        0.0       -4.0      -10.0       -8.0       -2.0        3.0       -3.0       10.0 =    -2421.0
       4.0        0.0       -7.0        7.0        5.0       -5.0       -5.0       -3.0        4.0       10.0        7.0        6.0       -1.0        3.0        7.0       -9.0        9.0       -4.0        4.0        0.0        1.0        8.0        5.0       -7.0       -8.0       -3.0       -1.0        9.0        5.0        3.0       -5.0        9.0        6.0        2.0     -212.0        9.0       -5.0        8.0        0.0        2.0       -3.0       -2.0        4.0        2.0 =      705.0
      -4.0        0.0       -7.0       -9.0        9.0        8.0       -3.0       -4.0        7.0        0.0        7.0       -3.0       -8.0        6.0        3.0        9.0        7.0       -4.0        5.0        1.0        8.0        7.0        1.0       -4.0       -7.0       -7.0       -6.0       -5.0       -1.0       10.0        6.0        8.0       -5.0       -4.0       -2.0      229.0        3.0        1.0        6.0       -6.0        4.0        7.0       -6.0       -8.0 =     1743.0
       2.0        4.0        2.0       -6.0       -9.0       -1.0       -1.0       -8.0       -7.0       10.0        0.0        0.0       -4.0        5.0        5.0        8.0        6.0       -7.0       -3.0       -2.0       -4.0       -6.0        3.0       -6.0       -9.0        8.0       10.0       -3.0       -7.0        8.0        6.0        1.0        5.0       -7.0        0.0       -9.0     -221.0        5.0       -7.0       -5.0       -2.0        2.0       -3.0       -7.0 =    -1524.0
     -10.0       -7.0        0.0       -8.0       -5.0        2.0        5.0       -4.0       -7.0       -3.0        1.0       -4.0        6.0        8.0       -3.0        6.0       10.0       -8.0       -3.0       -9.0        2.0        6.0        6.0        8.0        6.0       -5.0       -1.0       -3.0        0.0        0.0        6.0       -8.0       -1.0        9.0        4.0        0.0        4.0      222.0       10.0       -6.0       -9.0        5.0        2.0      -10.0 =      856.0
      -4.0       -3.0       -7.0       10.0        5.0       -1.0        3.0        5.0        9.0        2.0       -8.0        5.0        9.0       -8.0       -3.0        2.0       -9.0        7.0        7.0        3.0        4.0       -5.0        6.0       -7.0       -1.0       -4.0       -7.0        6.0        4.0       -2.0        0.0        4.0       -2.0        0.0       -2.0       -1.0        1.0        5.0      201.0        0.0        3.0       10.0        2.0        6.0 =    -1470.0
       3.0      -10.0        6.0       -7.0        4.0        0.0       -8.0       -1.0       -3.0       -1.0       -2.0        6.0       -6.0      -10.0        0.0       -7.0       -9.0        7.0        6.0        3.0        2.0        1.0       10.0        5.0      -10.0        3.0       -4.0        8.0       -3.0        9.0       -9.0       -3.0       -9.0       -2.0       -2.0        2.0        9.0        0.0        1.0      218.0       -9.0       -7.0        3.0       -2.0 =    -1820.0
       1.0        8.0        2.0        1.0        6.0       -6.0       -5.0       -9.0        4.0        1.0       -3.0       -1.0        5.0       -3.0       -5.0        2.0        8.0       -5.0        8.0       -3.0       -8.0       -3.0        0.0       -8.0        2.0       -6.0       -2.0       -4.0       -4.0       -3.0       -8.0       -2.0      -10.0        0.0        3.0        3.0        5.0        5.0        6.0       -7.0      198.0        6.0       -7.0       -8.0 =        0.0
      -5.0       -6.0       10.0       -2.0        5.0        6.0        4.0       -2.0       -6.0        2.0       -8.0       -8.0       -9.0       -9.0        2.0       10.0       -6.0       -9.0        6.0        0.0       -1.0       -6.0       -5.0        5.0        5.0        0.0        8.0       -5.0        0.0       -1.0        5.0        6.0       -5.0       -6.0        7.0        6.0        6.0        9.0       -9.0       -8.0       -7.0     -238.0       -3.0       -5.0 =     1335.0
      -3.0        5.0        9.0        4.0        6.0       -6.0        4.0       10.0       10.0       -2.0       -2.0        9.0      -10.0        5.0        6.0       -7.0       -4.0       -9.0        8.0      -10.0        9.0        1.0       -1.0        6.0        9.0       10.0       -7.0       -8.0       -8.0       -8.0        8.0       -7.0       -5.0       -8.0        3.0      -10.0       -1.0       -7.0       10.0        1.0        2.0       -3.0     -269.0       -7.0 =    -2670.0
      -6.0       10.0       -5.0        9.0        5.0        0.0        2.0        4.0       -8.0       -2.0        9.0       -5.0        3.0       -5.0        8.0        0.0        3.0       -6.0       -1.0        6.0        4.0        5.0       -8.0       -5.0        7.0       -8.0       -9.0        6.0        0.0      -10.0       -7.0        8.0       -6.0        8.0        5.0        7.0        2.0       -6.0        3.0       10.0        9.0       -7.0        2.0     -242.0 =      211.0

      -1.0        6.0        1.0        6.0       -5.0       -3.0       -7.0       -2.0        4.0       -4.0        9.0       -1.0        5.0       -9.0        4.0       -6.0       -8.0       -2.0       -1.0        2.0       -9.0        8.0       10.0        4.0       -9.0       -9.0       -4.0        2.0        4.0       -7.0       -2.0        6.0       -4.0        9.0       -5.0        7.0        6.0        4.0       -6.0      -10.0        0.0       -5.0       10.0       -1.0
