44
     237.0       -9.0        6.0        7.0       -7.0        3.0        9.0       -3.0        7.0        4.0       -8.0        9.0        3.0       -2.0      -10.0        3.0       -9.0        2.0        6.0       -2.0       -4.0       -1.0        6.0        9.0        7.0       -3.0        8.0        4.0        9.0        3.0       -5.0        2.0        9.0       -2.0       -8.0       -1.0       -8.0        5.0        2.0        3.0       -2.0        6.0        9.0        2.0 =     2368.0
      -7.0     -240.0       -3.0        8.0        4.0       -3.0        2.0       -4.0        8.0       10.0        7.0       -8.0       -9.0        9.0        4.0       -8.0        0.0        9.0        9.0        8.0        2.0        6.0       -1.0        8.0       -7.0       -4.0        7.0        0.0       -1.0       -3.0       -6.0        5.0        7.0        7.0       -3.0        2.0        4.0        4.0        8.0       -6.0        3.0        7.0        7.0        5.0 =      765.0
      -2.0        6.0     -222.0        2.0       -3.0       10.0       -3.0        1.0       -6.0        6.0       10.0        4.0       -2.0       -1.0        0.0       -8.0       -3.0       -8.0        0.0        4.0        6.0      -10.0       -5.0        9.0        2.0        7.0        3.0      -10.0        1.0        3.0        4.0       -2.0        2.0       -9.0       -9.0       -9.0       -3.0        4.0        9.0       -7.0        8.0        7.0        3.0        5.0 =     -412.0
       0.0        1.0        7.0     -212.0        7.0        2.0        0.0       -6.0       10.0        5.0        6.0       -8.0       -7.0        6.0        2.0        8.0      -10.0        0.0       -9.0       -9.0      -10.0       -3.0        3.0        3.0        1.0        8.0       -5.0      -10.0        0.0        0.0       -8.0        5.0        8.0       -1.0        2.0        8.0       -6.0       -4.0       -5.0       -5.0        2.0        0.0        2.0        5.0 =     -217.0
       7.0      -10.0       -8.0       -7.0     -275.0       -4.0        7.0        5.0       -8.0       -3.0        5.0       -7.0       -6.0        9.0       -7.0       10.0       -6.0       -2.0       -3.0        6.0        7.0        0.0       -4.0        9.0        6.0       10.0        2.0        8.0        6.0        7.0        9.0       -5.0        7.0       -6.0      -10.0        7.0       -5.0       -5.0       -1.0        7.0        8.0        4.0       -6.0       -8.0 =    -2250.0
       2.0       -8.0       -2.0       -2.0       10.0     -213.0        7.0        9.0        8.0       -7.0       -3.0        2.0       -5.0       -8.0        0.0       -6.0        4.0       -2.0        4.0        5.0        8.0        0.0      -10.0        3.0        4.0        4.0       -5.0      -10.0        7.0        6.0       -4.0        9.0        5.0        4.0        3.0        9.0       -3.0       -1.0        3.0       -1.0       -8.0        1.0      -10.0       -1.0 =      960.0
       4.0       -5.0        0.0        5.0        1.0        4.0     -224.0        5.0        1.0       -6.0       -3.0        5.0       -5.0       -8.0        4.0       10.0        5.0       -2.0       10.0        9.0       -5.0        8.0       -5.0       -3.0      -10.0        1.0       -8.0        9.0       -1.0       -7.0        9.0      -10.0       -7.0       -1.0       -5.0        5.0        0.0       -1.0        2.0       -3.0        7.0        1.0       -8.0       -7.0 =    -2061.0
       3.0        8.0        9.0       -2.0        8.0        6.0       -5.0     -218.0        2.0       -2.0       -4.0       -2.0        6.0       -4.0       -4.0        0.0       -9.0      -10.0       -5.0        3.0       -3.0        4.0       -1.0        6.0       -7.0        5.0      -10.0       -8.0        7.0        2.0       -5.0       -4.0        1.0       -1.0       -2.0       -8.0       -7.0        2.0       -2.0      -10.0        0.0        7.0        6.0        9.0 =    -2151.0
       2.0       -3.0       -6.0       -5.0        7.0        4.0       -3.0        4.0      204.0        8.0       -8.0        3.0        0.0       -4.0        0.0        4.0        3.0        4.0        0.0       -5.0        9.0       -5.0        1.0       -7.0       10.0        0.0       10.0       -7.0      -10.0        8.0       -4.0        9.0        1.0       -9.0       -6.0        3.0        4.0        4.0        2.0       -4.0       -1.0       -2.0       -1.0        7.0 =     -221.0
       4.0       -5.0       -5.0        2.0       -2.0       -2.0        5.0        1.0        8.0     -203.0       -8.0        2.0        1.0       -9.0        0.0        1.0        7.0        6.0        0.0       10.0       -2.0       -5.0        3.0       -8.0        9.0       -1.0       -3.0       10.0       -6.0       -8.0        6.0        3.0       -3.0        4.0       -7.0       -1.0        6.0        8.0        2.0       -4.0       -3.0       -6.0        4.0        5.0 =     1656.0
       6.0       -6.0       -1.0        9.0       -9.0       -3.0       -8.0        7.0       -2.0        0.0      231.0       -4.0       -3.0        7.0        5.0        8.0       -8.0       -4.0        6.0       -4.0       -5.0        6.0        8.0       -6.0        8.0       -2.0       -9.0       -5.0       -2.0        8.0        5.0       -3.0        1.0       -2.0       -2.0        2.0        8.0       -3.0        8.0      -10.0        3.0        8.0       -1.0       -8.0 =      234.0
      -6.0       -6.0       10.0        5.0       -4.0        9.0      -10.0       -9.0        4.0        4.0       -2.0      194.0       -7.0        2.0        3.0        1.0        2.0        6.0        1.0        0.0        0.0       -9.0       -4.0        2.0        0.0       -4.0        3.0        8.0        8.0        4.0        0.0        4.0        2.0       -6.0      -10.0       -1.0       -7.0       -9.0        2.0        0.0       -4.0        1.0        3.0       -5.0 =      175.0
      -9.0       -4.0        7.0        5.0        1.0        1.0       -4.0        6.0       -9.0        0.0        9.0        1.0     -212.0       -7.0       -8.0        6.0       -1.0        6.0       -4.0        3.0        4.0       -4.0       -9.0        2.0        0.0        2.0       -6.0        5.0       -8.0        9.0       -5.0        5.0        9.0        7.0        2.0       -7.0        2.0        0.0        7.0       -6.0        6.0       -7.0        5.0        3.0 =     1970.0
       0.0        2.0        6.0        3.0        4.0        7.0        0.0       -4.0       -1.0       -8.0       -6.0       -4.0       -4.0      188.0       -5.0       -9.0        1.0       -2.0       -9.0        1.0        6.0        5.0        0.0        3.0        7.0       -6.0       -8.0       -4.0       -1.0       -3.0       -7.0       -4.0        8.0        8.0        5.0       -8.0        1.0       -5.0       -6.0       -4.0        3.0       -4.0       -5.0        0.0 =     -282.0
      -7.0        7.0       -4.0       -1.0       -9.0        2.0       -1.0       -6.0        5.0       -7.0        1.0        5.0       -4.0        4.0      228.0       10.0       -2.0       -2.0        9.0        7.0       -4.0       -7.0       -6.0       -5.0       10.0        5.0        7.0       -2.0        2.0        0.0       -8.0       -4.0        2.0       10.0       -4.0       -5.0        2.0        9.0        6.0        8.0        8.0        8.0       -3.0        9.0 =     2730.0
       3.0       -4.0        3.0        6.0       -6.0        3.0       -2.0        8.0        2.0        9.0       -3.0       -3.0       -6.0        0.0        4.0     -206.0        4.0        6.0       -1.0        7.0        5.0       -9.0       -6.0        7.0       -6.0       -9.0       -9.0       -8.0        4.0       -5.0       -5.0        0.0       -4.0        4.0       -1.0        4.0       -7.0        1.0        4.0        1.0        0.0        8.0       -6.0       10.0 =     1218.0
       6.0        7.0       -3.0       -4.0       -3.0       -2.0       -1.0       -6.0        7.0        8.0        6.0       -7.0       10.0       -3.0        3.0        6.0     -221.0       -2.0        8.0        3.0        3.0       -5.0       -3.0       -4.0       -8.0        9.0       -5.0       -2.0        4.0        7.0        6.0       -8.0       -9.0        2.0        3.0        4.0        3.0        4.0       -6.0       -3.0        2.0      -10.0       -5.0        4.0 =    -1230.0
       6.0        1.0       -5.0       -3.0       -7.0       -9.0       -4.0       -2.0       -3.0       -9.0        8.0       -5.0       -7.0        0.0        1.0      -10.0        1.0      191.0       -1.0        8.0        7.0        9.0        0.0        5.0       -1.0       -1.0       -5.0        3.0        1.0      -10.0        1.0       -9.0        0.0        6.0       -1.0       -7.0       -3.0        4.0        5.0       -5.0        2.0        9.0       -1.0        1.0 =     -966.0
      -7.0       -7.0       -1.0       -9.0        4.0        6.0       -3.0       -8.0       10.0        2.0        6.0       -5.0        3.0        5.0        4.0       -4.0        0.0        8.0      227.0        5.0        2.0        0.0       -1.0       -2.0        9.0      -10.0        0.0        0.0       -8.0        6.0        5.0       -7.0        0.0       -5.0       -9.0        8.0       -2.0        4.0      -10.0        8.0       -9.0        9.0       -2.0        5.0 =     -908.0
       6.0        8.0       -3.0       -9.0        7.0        2.0       -6.0        5.0        8.0       -7.0       -9.0        3.0        1.0        7.0       -4.0        1.0       -5.0        6.0        0.0      223.0        1.0       -3.0       -8.0        0.0       -6.0       -2.0       -3.0       -2.0       -1.0        0.0       -5.0       10.0       -6.0       -4.0       -3.0        8.0        9.0       -4.0        6.0        9.0        9.0       -6.0       10.0        7.0 =     1750.0
       2.0        3.0       -5.0       10.0       -9.0        9.0       -6.0       -4.0        6.0       -5.0       -1.0        5.0       -7.0        3.0       -8.0        6.0        8.0        1.0       -3.0       -7.0     -198.0        1.0       -5.0        6.0        6.0        1.0        6.0        2.0      -10.0       -5.0       -6.0       -4.0       -1.0       -6.0       -1.0        2.0       -2.0        5.0        2.0       -5.0        1.0       -3.0       -2.0        7.0 =      211.0
       2.0        5.0        4.0        6.0        6.0       -7.0       -3.0        8.0       -5.0      -10.0        7.0       -9.0       -4.0        3.0       -7.0       -8.0        1.0        6.0        2.0       10.0       -9.0      222.0       -5.0       -4.0       -7.0        4.0       -1.0       -8.0        7.0       -1.0        2.0        3.0        5.0        9.0        8.0        5.0       -2.0        0.0        5.0        4.0        4.0        8.0       -3.0        1.0 =      254.0
       3.0        2.0        5.0        8.0        8.0        6.0       -7.0        7.0        2.0        5.0       -7.0       -3.0        3.0        3.0        0.0       -7.0       10.0        9.0        2.0       -4.0       -9.0        0.0      195.0        4.0       -6.0       -6.0        1.0        2.0        7.0       -9.0        9.0       -5.0       -1.0        1.0        4.0       -7.0        2.0       -6.0       -2.0        0.0        1.0       -2.0       -3.0       -4.0 =     -211.0
      -3.0       -8.0        4.0      -10.0       -3.0       -6.0       -6.0        3.0        2.0       -1.0       -8.0        8.0       -5.0       -6.0       -2.0        5.0        4.0       -2.0       -9.0        1.0       -8.0       -6.0        9.0     -216.0       -4.0       -2.0        5.0       -2.0      -10.0        7.0        5.0       -3.0       -7.0       -5.0       -3.0        2.0       10.0       -1.0        2.0       -1.0       -4.0        5.0       -8.0        8.0 =    -1345.0
      -8.0       -6.0        7.0       -2.0       -9.0       -8.0       -4.0        6.0       -8.0        4.0       -9.0       -7.0       -3.0       -1.0       -7.0       -9.0       10.0        9.0       -2.0        9.0       -5.0       -7.0       -2.0        4.0     -236.0        2.0       -8.0       -2.0       -2.0        6.0        0.0        9.0       10.0        3.0        0.0       -7.0       -2.0       -5.0        4.0       10.0        3.0        0.0       -5.0       -6.0 =      274.0
       7.0      -10.0       -2.0       -8.0        9.0        7.0       -3.0       -6.0        4.0        2.0       -2.0        8.0        9.0       -5.0       -7.0        4.0       -9.0       -1.0        3.0       -4.0       -5.0        5.0        5.0        2.0       -4.0      240.0        7.0       -9.0        6.0       -4.0       -9.0       -3.0       -8.0       -4.0       -4.0       -1.0        3.0       -6.0      -10.0       -9.0        1.0        3.0      -10.0       -4.0 =     1068.0
       0.0       -2.0        8.0       -3.0        7.0       -7.0       -2.0        2.0       -2.0        0.0       -5.0        8.0       -2.0        3.0        4.0       -8.0       -1.0       -7.0       -2.0        3.0       -3.0       -5.0        4.0       -8.0       -2.0       -9.0      213.0        8.0        3.0        5.0        4.0       -5.0        6.0        0.0        5.0        8.0        9.0       -8.0        8.0        0.0        7.0       -7.0       -9.0        9.0 =     1816.0
       8.0       -3.0        1.0       10.0       -2.0      -10.0       -8.0        4.0        0.0       -4.0       -4.0        4.0       -6.0       -1.0       -7.0        0.0       -3.0        6.0       -2.0       -4.0       -3.0       -7.0       -7.0       10.0       -3.0       -1.0       -1.0     -190.0       -1.0        0.0        1.0        1.0        9.0       -7.0       -5.0        4.0       -5.0        3.0       -4.0       -6.0       -5.0       -2.0       10.0       -8.0 =     -476.0
       9.0       -2.0        4.0       -3.0        2.0        4.0        8.0       -5.0       -2.0       -7.0        3.0       -8.0        4.0        4.0        8.0       -4.0        8.0        8.0        8.0        4.0       -9.0        4.0       -9.0        3.0        2.0       10.0       -8.0        0.0      214.0        2.0        1.0        6.0       -2.0        2.0        8.0        5.0       -2.0        3.0        9.0        2.0        1.0        3.0       -5.0       -5.0 =    -2224.0
      -1.0       -3.0        5.0        2.0       -8.0       -3.0       -3.0       -5.0        8.0       -6.0       -9.0        0.0        8.0        9.0        4.0        5.0       -5.0        6.0        5.0        8.0        3.0       -1.0        9.0        9.0        1.0        6.0        5.0        3.0        1.0      225.0        6.0      -10.0       -8.0       -2.0        3.0      -10.0        1.0       -8.0        7.0       -5.0       -3.0        0.0        9.0       -7.0 =     -753.0
      -8.0       -9.0        2.0       -1.0       -6.0        6.0       -8.0      -10.0       -7.0       -3.0       -7.0       -2.0        4.0       -8.0        0.0       -7.0       -6.0        4.0        5.0        6.0        7.0       -1.0       -6.0        8.0       -3.0        9.0       -2.0        9.0        9.0       -2.0     -230.0        0.0       -8.0       -8.0       -4.0       -6.0        8.0        2.0       -1.0       -8.0        9.0        0.0       -6.0        1.0 =      278.0
      -2.0        8.0       -7.0       -5.0       -5.0        5.0        5.0        8.0       -3.0        9.0       -7.0        4.0        0.0       -3.0        6.0        4.0       10.0       -5.0        2.0       -6.0       -6.0       -7.0      -10.0       -1.0        9.0        6.0       10.0        2.0       -2.0        6.0        6.0      236.0       -4.0        3.0       -2.0        9.0        8.0        5.0        6.0       -6.0        5.0        8.0        1.0        1.0 =     2709.0
      -1.0       -2.0        0.0       -4.0       -2.0        3.0        1.0        4.0       -5.0        8.0        4.0        1.0        0.0       -1.0        4.0       -1.0       -9.0        9.0        8.0        7.0       -8.0        1.0       -7.0       -2.0        6.0       -7.0       -5.0        0.0       -7.0        1.0        0.0        2.0     -180.0        5.0       -3.0       -2.0       -4.0        7.0       -8.0       -2.0       -7.0        5.0       -6.0       -7.0 =     2040.0
       9.0        2.0       -7.0        7.0       -4.0        1.0       -5.0       -8.0       -2.0        9.0       -2.0        4.0       -1.0        0.0        6.0        9.0        2.0       -5.0        9.0       -7.0       -6.0       -7.0        9.0       -8.0       -5.0        5.0       -5.0       -7.0        5.0        3.0        6.0        3.0       -5.0      228.0       -3.0       -3.0       -3.0        5.0       -7.0      -10.0       -6.0        1.0        4.0        5.0 =     -648.0
      -2.0        6.0       -9.0        4.0       -8.0       -6.0        7.0        7.0        2.0        3.0       -2.0       -5.0       -7.0        6.0       -1.0        3.0       -9.0       -6.0        3.0       -9.0        3.0        5.0        6.0        2.0       -2.0        5.0        3.0       -4.0       -8.0       -3.0       -4.0        9.0        3.0       -9.0      242.0       -1.0      -10.0       -8.0        9.0       -4.0       10.0       10.0       -3.0        7.0 =     1175.0
       2.0        0.0        9.0       -6.0       -5.0       -3.0        5.0        4.0        9.0       -4.0       -7.0        8.0       -5.0       -2.0        1.0        4.0        3.0        1.0       -6.0       -4.0       -9.0        2.0       -7.0       -1.0        9.0        3.0       -2.0       -7.0       -8.0        9.0        7.0       -9.0        5.0       -6.0       10.0     -229.0       -9.0       -8.0        3.0       -2.0      -10.0       -3.0        5.0        7.0 =    -1476.0
       6.0        5.0       -1.0       -9.0        6.0       -8.0       10.0        1.0       -2.0       -8.0        0.0       -2.0       -7.0        8.0       -2.0        0.0        4.0      -10.0        2.0        0.0        2.0       -1.0      -10.0        4.0       -5.0       -3.0       -7.0        7.0        3.0       -5.0        3.0        0.0       -4.0        1.0       -8.0        2.0     -193.0       -8.0       -6.0       -9.0        0.0        0.0        1.0        3.0 =     -480.0
      -9.0       -3.0        5.0        5.0       -9.0       -3.0       -9.0       -6.0        7.0       -4.0        9.0        6.0        8.0       -4.0       -6.0       -6.0        2.0        6.0        4.0        0.0       -8.0       -1.0       -8.0        1.0       -7.0       -4.0       -2.0        5.0        5.0        6.0       -7.0       -8.0       -3.0        3.0       -9.0      -10.0       -8.0      251.0        6.0        6.0       -9.0       -8.0        4.0        9.0 =    -1379.0
       2.0       -8.0       -3.0       -4.0       -1.0        3.0        1.0        5.0        3.0        8.0       -9.0        3.0       -5.0       -4.0        8.0       -9.0       -3.0        0.0        3.0      -10.0       -1.0        6.0       -2.0       -7.0       -2.0        9.0       -1.0       10.0        1.0       -1.0        5.0        4.0        5.0       -7.0       -3.0        7.0        6.0        5.0     -225.0      -10.0        6.0       10.0       -9.0       -8.0 =     -888.0
       8.0        8.0        8.0       -8.0        8.0       10.0        4.0        2.0       -9.0        0.0        0.0        4.0       -2.0        5.0       -8.0      -10.0        5.0       10.0       -5.0       -3.0        9.0       -3.0        5.0       -4.0       -7.0        0.0       -1.0       -5.0       -7.0       -1.0       -9.0        2.0        8.0        0.0      -10.0       -4.0        3.0       -3.0        2.0     -226.0       -5.0        5.0       -6.0        6.0 =     1120.0
       3.0        6.0        1.0       -8.0        4.0       -7.0       -8.0        9.0        4.0        4.0       -6.0        0.0       -9.0        5.0        1.0       -1.0        0.0        9.0       -2.0        4.0       -9.0       -4.0        5.0       -2.0       -8.0       -1.0       -1.0        6.0       -7.0        7.0       -2.0       -1.0       -5.0        1.0        3.0       -8.0      -10.0        1.0       -6.0       -6.0     -205.0        5.0       -5.0       -2.0 =      490.0
       6.0       -2.0        4.0       10.0      -10.0        4.0       -8.0        3.0        3.0       -3.0       -8.0       -8.0       -6.0        2.0        8.0       -7.0       -4.0       -4.0       -8.0        7.0        3.0        0.0       -8.0       -1.0       -2.0        1.0        6.0        2.0        6.0       -6.0        2.0        2.0       10.0        5.0       -6.0       -4.0       -9.0       -1.0       -3.0        0.0        5.0     -216.0        9.0        3.0 =     -446.0
      -9.0        9.0        5.0       -6.0       -3.0        3.0       -1.0        9.0       -4.0       -1.0        5.0        3.0        2.0        2.0        0.0        4.0       -8.0       -8.0       -2.0       -5.0       -3.0        4.0        2.0        1.0        0.0       -7.0       -5.0       -1.0       -6.0       -3.0        9.0       -9.0        1.0       -7.0       -9.0       -4.0       -1.0       -1.0       -7.0        7.0       -7.0        2.0     -196.0       -9.0 =      254.0
      -3.0       -7.0       -5.0       -9.0        9.0        3.0       -4.0       -3.0       -8.0        1.0        0.0       -2.0       -7.0        5.0        1.0        3.0       -8.0       -8.0       -6.0       -1.0       -1.0      -10.0        9.0        5.0        2.0        7.0       -8.0        1.0       -4.0       -7.0        1.0        0.0       -8.0       -5.0       -4.0        6.0        8.0        6.0       -7.0        7.0        3.0        1.0       -2.0     -212.0 =    -1305.0

       8.0       -5.0        2.0        1.0        9.0       -5.0        9.0        9.0       -1.0       -9.0        1.0        1.0      -10.0       -2.0       10.0       -6.0        6.0       -6.0       -4.0        7.0       -1.0        1.0       -1.0        5.0       -1.0        6.0        8.0        2.0       -8.0       -3.0       -1.0        9.0      -10.0       -3.0        5.0        6.0        2.0       -7.0        4.0       -5.0       -2.0        2.0       -1.0        5.0
