46
     216.0       -2.0       -7.0        5.0       -5.0       -7.0       -8.0       -7.0        7.0        6.0       -9.0        6.0        6.0       -3.0        6.0       -9.0        7.0        1.0       -3.0       -7.0       -3.0        2.0        8.0       -7.0        6.0       -4.0       -3.0       -8.0        1.0       -8.0       -4.0       -3.0      -10.0        2.0        6.0       -1.0       -4.0       -6.0       -2.0       -3.0       -5.0        0.0        0.0        5.0        1.0       -2.0 =     1057.0
       5.0     -202.0        9.0       -2.0        9.0       -4.0        3.0       -3.0       -4.0       -8.0       -7.0       -6.0       -7.0        6.0        0.0        2.0       -6.0        9.0        6.0       -7.0        0.0        8.0       -4.0       -4.0       -5.0       -2.0       -1.0       -7.0        3.0        2.0        2.0        0.0        0.0        6.0        2.0       -3.0      -10.0        7.0        4.0        6.0        1.0       -5.0        5.0       -5.0        5.0        1.0 =     1809.0
       2.0       -6.0     -186.0       -6.0        4.0        0.0       -2.0        3.0        1.0       -1.0        1.0       -6.0        5.0        7.0        1.0       -9.0        1.0        1.0       -5.0        3.0        9.0        4.0        0.0       -9.0        8.0       -8.0        5.0        4.0       -8.0       -3.0       -6.0        1.0        6.0       -1.0       -5.0       -6.0        3.0        0.0        0.0       10.0        5.0       -2.0        2.0        4.0       -8.0        1.0 =    -1116.0
      -9.0        8.0        6.0      256.0       -4.0       -7.0       -9.0       -9.0       -5.0       -5.0       -2.0        8.0      -10.0        5.0        1.0       -4.0       -9.0        2.0        9.0        7.0        3.0       -5.0       -4.0       -8.0       -4.0       -4.0       -9.0       -2.0        0.0        7.0       -1.0        9.0        0.0        9.0      -10.0      -10.0       -2.0       -7.0        5.0        6.0       -8.0       -2.0       -1.0       -4.0       -9.0        6.0 =      736.0
       6.0        4.0       -2.0       -6.0     -207.0       -4.0        5.0        5.0        6.0       -4.0       10.0        1.0       -5.0        1.0        0.0        3.0       -7.0        3.0       -4.0        4.0       -6.0        3.0       -8.0        1.0        4.0       -7.0       -1.0       -3.0       -4.0        9.0       -8.0        3.0       -7.0        8.0        7.0        5.0       -7.0       -2.0        3.0        3.0       10.0       -5.0       -1.0       -4.0        3.0       -4.0 =      199.0
       3.0        6.0       -9.0       -9.0       -8.0      219.0       -1.0        0.0       -2.0       -5.0       -1.0       -9.0       -9.0       -7.0        4.0        4.0       -1.0        2.0       -8.0       -7.0        7.0       -4.0        0.0       -8.0        2.0       -1.0       -3.0        6.0        8.0       -4.0       -7.0       -2.0       -8.0       -7.0        5.0       -1.0        9.0       -1.0        7.0       -1.0        4.0        2.0        1.0        4.0       -5.0       -9.0 =     -156.0
       5.0        5.0        6.0       -7.0        1.0       -5.0     -183.0       -3.0       -3.0       -3.0        1.0        3.0        1.0        2.0        4.0        0.0        0.0        8.0       -3.0       -9.0       10.0        1.0       -1.0       -1.0        2.0        2.0        9.0        8.0        8.0       -1.0       -3.0        1.0        2.0       -8.0       -6.0        6.0        4.0        1.0       -2.0       -8.0       -6.0        5.0       -9.0        0.0        1.0        6.0 =     -477.0
       5.0      -10.0        3.0       -9.0        9.0        0.0        2.0     -228.0       -9.0       -2.0       -7.0       -8.0        8.0       -1.0        7.0        9.0       -4.0       -3.0       -9.0       -2.0       -4.0        3.0        0.0       -6.0        7.0       -1.0        7.0       -1.0        8.0       -9.0        5.0       -7.0        3.0       -1.0       -3.0       10.0        0.0        4.0       -4.0       -2.0       -4.0        3.0        0.0        2.0       -9.0       -9.0 =    -1028.0
       4.0        1.0       -1.0        5.0        1.0       -1.0        9.0       -5.0      240.0        4.0       -1.0       -5.0       -9.0       -9.0        6.0       -6.0       -8.0        7.0       -8.0       -4.0       -8.0        3.0        1.0       -7.0        7.0       -7.0        6.0       -7.0        0.0       -4.0       -4.0        6.0        3.0        8.0       -5.0       -3.0       -6.0       -6.0       -8.0       -5.0       -8.0        6.0        6.0       -6.0       -4.0        6.0 =     -920.0
      -4.0      -10.0       -5.0        1.0       -4.0        2.0       -9.0        8.0       -1.0     -254.0       -4.0        6.0        8.0      -10.0        2.0       -5.0       -8.0        7.0        3.0        0.0        6.0        5.0       -7.0        7.0       -5.0       -1.0        8.0       10.0       -9.0       -1.0        2.0        7.0      -10.0       -8.0        7.0        4.0       -3.0       10.0       -3.0        5.0       -9.0        5.0       -2.0        4.0       10.0       -5.0 =    -1500.0
      -1.0        5.0        2.0        7.0       -7.0        3.0       -5.0       -8.0        3.0        2.0      209.0        2.0        1.0       -1.0       -8.0       -1.0        9.0        5.0       -7.0        3.0       -7.0       -2.0        1.0       -2.0       -1.0        1.0        3.0       -8.0        5.0        9.0        9.0        0.0       -3.0        0.0       -3.0      -10.0       -8.0        4.0        8.0       10.0       -9.0       -1.0        4.0       -9.0        4.0       -3.0 =    -1845.0
      -4.0        6.0        2.0        9.0       -8.0        7.0        4.0        4.0        4.0       -1.0        8.0      230.0        4.0        2.0        7.0        6.0        6.0        2.0        0.0        8.0        2.0        8.0       -7.0       -6.0        5.0       -6.0       -5.0       -6.0        4.0       -2.0        2.0        5.0        8.0        5.0       -4.0        5.0        6.0        5.0       -5.0       10.0        5.0       -1.0        7.0       -2.0       -1.0       -9.0 =    -1276.0
      10.0        3.0       -9.0        2.0        5.0        7.0       -4.0        5.0        1.0        1.0       -4.0       -2.0      189.0        0.0        1.0        2.0        1.0        3.0        7.0        4.0       -9.0        0.0        8.0       -4.0       10.0       -8.0      -10.0        4.0       -1.0        0.0       -4.0        7.0       -7.0       -3.0       -7.0        3.0        5.0       -1.0        0.0        0.0        0.0       -6.0       -3.0        3.0       -8.0       -6.0 =     -555.0
      -6.0       -6.0        7.0       -5.0        8.0        1.0       -1.0       -3.0        3.0       -4.0       -6.0        6.0       -7.0     -251.0        9.0       -3.0       -9.0       -1.0        3.0        7.0       -2.0       -7.0        4.0        4.0       -8.0        7.0        9.0        6.0       -8.0        2.0        8.0       -6.0       -1.0        3.0       -9.0       -2.0        8.0        4.0       -8.0       -4.0       -7.0        4.0        4.0       -8.0        9.0       -9.0 =      265.0
       6.0       -2.0       -7.0        1.0        0.0       -3.0       -9.0        0.0       -2.0        3.0        3.0        2.0        1.0        0.0      221.0       10.0        4.0       10.0       -8.0       -9.0       -9.0       -2.0       -5.0       -5.0      -10.0        9.0        8.0        2.0       -3.0        0.0       -5.0       -6.0        0.0       -4.0        6.0        9.0        9.0       -7.0       -6.0        6.0        6.0       -3.0        3.0       -3.0       -3.0        9.0 =     2170.0
       7.0       -1.0        7.0        7.0       -2.0        0.0       -5.0        2.0        6.0       -9.0        0.0        8.0        0.0       -2.0       -6.0     -219.0        0.0       -1.0        8.0        5.0       -7.0        9.0       -6.0        0.0        1.0        4.0        2.0       -8.0        1.0       -5.0       -6.0        8.0        7.0        1.0        4.0        9.0        1.0        9.0       -6.0      -10.0        4.0       -8.0       -6.0        8.0       -4.0       -3.0 =      588.0
       8.0        9.0       10.0        0.0        6.0       -1.0        7.0       -9.0        5.0        6.0       -2.0       -8.0       10.0       -2.0       -6.0       -7.0     -267.0        4.0       -6.0        8.0        3.0        6.0       -1.0        3.0       -6.0        8.0        4.0      -10.0       -6.0        3.0       -9.0       -1.0        9.0       -9.0       -9.0       -4.0        8.0       -2.0        2.0       -4.0        9.0        5.0      -10.0        8.0        5.0       -5.0 =    -1190.0
       6.0        1.0        2.0        5.0        5.0       -1.0       -5.0        5.0       -7.0       10.0        5.0        1.0       -7.0        8.0       -4.0       -9.0        4.0      260.0        7.0       -5.0      -10.0        4.0        6.0        6.0        0.0       -9.0       -1.0      -10.0       -5.0       -9.0        8.0       10.0       -8.0        5.0        0.0        5.0        6.0       -1.0       -1.0       -9.0        8.0       -4.0       -9.0       10.0       10.0        2.0 =      570.0
       4.0        0.0        7.0       -4.0        4.0        2.0       -2.0        2.0       -5.0       -5.0       -2.0        0.0       -6.0       -8.0        4.0        6.0       -8.0       10.0      215.0       -7.0       -8.0       -1.0       -7.0       -4.0        9.0        1.0        8.0       10.0       -4.0        7.0        3.0        4.0        0.0       -4.0        7.0       -6.0        5.0        9.0       -8.0       -6.0       -3.0       -1.0       -7.0        1.0       -2.0       -1.0 =     -836.0
       8.0       -9.0        0.0       -3.0        3.0        5.0        8.0       10.0       -4.0       -9.0        0.0       -3.0        9.0        7.0        9.0        1.0       10.0        9.0       -6.0      220.0        3.0       -2.0        7.0        4.0       -5.0        0.0        7.0       -7.0       -3.0       -5.0        9.0        0.0       -7.0        9.0        3.0       -5.0        0.0        2.0       -7.0        3.0        4.0       -1.0        2.0        4.0        2.0        3.0 =    -1710.0
      -2.0        1.0       -2.0        6.0       -7.0        2.0        1.0        2.0       -7.0       -3.0       -1.0        7.0        4.0        4.0        3.0        2.0        9.0        8.0       -2.0       -3.0     -195.0        2.0       -1.0        6.0       -9.0       10.0        4.0       -1.0       -7.0        1.0        7.0        2.0        3.0        1.0        8.0       -4.0        1.0        5.0        7.0       -7.0       -8.0        9.0       -3.0        4.0       -5.0        2.0 =     -730.0
      -7.0        2.0        1.0       -9.0       -6.0        2.0       -7.0        8.0       -2.0        3.0        5.0       -6.0        0.0       -4.0       -3.0       -8.0       -2.0        4.0        9.0       -2.0        2.0      221.0        4.0      -10.0        8.0        5.0        8.0        1.0        7.0        2.0        2.0       -4.0       -2.0       -1.0        3.0       10.0        1.0        9.0       10.0      -10.0        6.0        2.0        3.0        2.0       -9.0       -6.0 =     2420.0
       8.0       -6.0        6.0       -8.0      -10.0       -1.0       -5.0       -7.0       -4.0        0.0       -2.0        0.0        5.0        4.0       -9.0        6.0       -8.0      -10.0      -10.0        8.0       10.0        2.0      267.0       -7.0       -9.0        8.0       -2.0        6.0       -5.0      -10.0        9.0       -7.0      -10.0       -2.0       -3.0        0.0       -9.0        2.0        4.0        1.0        7.0       -8.0        2.0       10.0       -7.0        7.0 =    -1491.0
      -9.0       -5.0        8.0       -8.0       -2.0       -9.0        1.0       -4.0      -10.0        4.0       -8.0        1.0       10.0       -1.0        7.0        2.0       -9.0        2.0        8.0        7.0        3.0       -4.0       -9.0     -266.0       -7.0        2.0      -10.0        9.0       -5.0        5.0        8.0        8.0        8.0       -7.0       -8.0        7.0        3.0       -8.0       -9.0       -1.0        5.0        2.0        3.0       -6.0        5.0        4.0 =     -849.0
       8.0        4.0        1.0       -5.0       -7.0       -9.0        3.0       -9.0        9.0        7.0       -3.0        3.0        2.0        7.0       -9.0       -1.0        3.0        3.0        5.0        6.0       -5.0        7.0        0.0      -10.0     -255.0      -10.0        7.0       -2.0        8.0       -2.0        3.0        8.0        9.0       -2.0       -9.0       -6.0       -9.0      -10.0        6.0       -4.0        9.0        2.0       10.0        7.0        2.0       -2.0 =    -1150.0
      -5.0        6.0        2.0        9.0       -9.0        3.0        0.0        7.0        9.0        7.0       -1.0        8.0       -9.0        5.0        7.0       -5.0        3.0       -6.0        9.0        1.0       -3.0        6.0       -4.0        3.0       -7.0      236.0       -2.0        3.0       10.0        4.0        4.0        5.0        9.0       -6.0        4.0        3.0        9.0       -2.0       -1.0        6.0        1.0        7.0       -9.0       -4.0        7.0        2.0 =    -2254.0
      -9.0        0.0       -1.0        9.0        1.0       -6.0        5.0        5.0       10.0        5.0       -1.0        7.0       -1.0        8.0        6.0        6.0        6.0        9.0        7.0       -2.0        3.0       -2.0       -9.0        3.0        0.0       -5.0      218.0        7.0        5.0       -4.0        7.0        8.0       -4.0       -1.0       -1.0       -4.0       -6.0       -5.0        3.0       -1.0       -2.0       10.0       -3.0        6.0       -2.0        3.0 =    -2592.0
      10.0       -8.0       -1.0       -2.0       10.0       -1.0        3.0        1.0       -8.0      -10.0       -4.0       -3.0       -2.0        5.0        1.0        5.0       -1.0       -8.0        9.0        7.0       -1.0        5.0       -2.0        0.0       -8.0        9.0       -9.0     -218.0       -8.0        9.0        7.0        2.0       -6.0       -5.0       -4.0       -6.0       -6.0        5.0        0.0       -1.0        2.0       -8.0        1.0        7.0        5.0       -1.0 =     1140.0
      -4.0       -9.0       -6.0        8.0       10.0        0.0       -1.0      -10.0        0.0        8.0       -2.0       -1.0        1.0       -8.0        5.0        1.0       -4.0        2.0       -9.0       -1.0       -5.0        8.0       -3.0        4.0        5.0       -8.0        0.0        5.0      240.0        6.0       -6.0      -10.0       -6.0        0.0        2.0       -7.0        8.0       -1.0       -8.0       -7.0        3.0        9.0        6.0        7.0        7.0       10.0 =      717.0
      -2.0        5.0        1.0       -7.0       -9.0        5.0        1.0       -6.0       -9.0       -8.0        2.0        3.0       -9.0        7.0        3.0        6.0       -8.0       -9.0        3.0        4.0        8.0       -5.0        3.0        5.0        4.0       -3.0       -7.0        0.0        0.0      232.0        3.0       -2.0        8.0       -3.0       -4.0        5.0       -5.0        3.0        3.0       -8.0        8.0       -7.0       -4.0       -5.0       -9.0        6.0 =    -1990.0
       8.0       -8.0       -9.0       -2.0        7.0       -5.0        3.0       -6.0       -7.0        0.0       -7.0        8.0        9.0        5.0       -1.0        0.0        5.0        3.0        4.0        3.0       -1.0        7.0        6.0       -3.0        8.0        9.0       -4.0        9.0       -6.0       10.0     -241.0        1.0       -4.0      -10.0        4.0       -4.0       -8.0        1.0       -1.0       -6.0        4.0       -9.0       -3.0       10.0       -9.0       -1.0 =    -1386.0
       9.0       -5.0       -9.0        3.0        2.0       -5.0       -3.0       -2.0       -7.0        3.0       -6.0       -7.0        1.0        3.0       -5.0       -3.0       -1.0       -5.0       -3.0        3.0        7.0       -7.0        6.0       -6.0        1.0        8.0       -9.0        6.0        9.0      -10.0       -2.0     -219.0       -9.0        8.0        6.0        2.0        7.0       -1.0        2.0        6.0       -4.0        5.0       -1.0       -9.0        0.0        2.0 =    -2151.0
      -6.0       -9.0        2.0        0.0        3.0       -5.0        0.0        8.0       -3.0       -3.0        0.0       -8.0       10.0       -7.0        3.0        4.0        2.0        0.0        7.0       -7.0        9.0        5.0        3.0       -6.0       -9.0       -5.0        6.0       -6.0        3.0        2.0       -1.0        1.0     -208.0       -2.0        3.0       -1.0        3.0       -9.0       -4.0       -7.0       -3.0        1.0       -1.0       -5.0        8.0      -10.0 =     1694.0
       7.0       -3.0        4.0       -6.0       -8.0        1.0        8.0        6.0       -4.0       -2.0        5.0       -5.0      -10.0        0.0       -7.0       -2.0       -5.0       -5.0        9.0        8.0        9.0        8.0       -6.0       -2.0        1.0        1.0        5.0        1.0        2.0       -8.0        1.0        4.0       -1.0     -233.0       -7.0       -5.0       -3.0       -5.0       -7.0        2.0       -3.0       -5.0       -8.0       10.0       -7.0       -9.0 =     -822.0
       0.0        9.0        5.0       10.0        8.0      -10.0        6.0        2.0       -6.0        7.0        1.0        2.0       -7.0        6.0       -1.0       -2.0       -8.0        1.0       -3.0        3.0        4.0        4.0        9.0        3.0        3.0       -5.0       -2.0        2.0        2.0        2.0       -6.0       -4.0        0.0       -6.0      199.0       -3.0       -5.0        3.0        3.0       -2.0       -9.0        3.0       -4.0       -5.0      -10.0        1.0 =     1000.0
      -3.0        8.0       -7.0        1.0       -1.0        5.0       -9.0        8.0        7.0        5.0        5.0        8.0        2.0        1.0       -3.0        3.0        8.0       -4.0       -3.0        0.0       -7.0        5.0        8.0       -2.0        4.0        4.0        1.0       -1.0        6.0       -2.0        8.0       -2.0       -3.0       -9.0        9.0     -206.0       -8.0       -8.0       -2.0        0.0       -2.0       -7.0       -3.0        3.0       -1.0        6.0 =      178.0
      -5.0       -7.0        3.0       -5.0       -6.0       -2.0       -6.0       -1.0       -3.0      -10.0       -4.0       -6.0       -1.0       -7.0        7.0        4.0        0.0        3.0        6.0        7.0        1.0       -3.0        2.0       -4.0       -9.0       -5.0        0.0        6.0       -5.0        1.0        7.0       -2.0        2.0        2.0        6.0        7.0      212.0        2.0       10.0        3.0       10.0       -3.0       -6.0        6.0        5.0        5.0 =      651.0
       5.0        8.0        4.0       -3.0       -2.0        3.0       -7.0       -1.0        3.0       -4.0        7.0       10.0        7.0        3.0       -9.0        5.0       -5.0        9.0        7.0       -3.0      -10.0        0.0        0.0       -1.0        3.0        4.0       -1.0       -7.0       -1.0        2.0       -2.0        3.0        3.0       -4.0        6.0        5.0        8.0     -216.0        8.0       -6.0       -3.0       -7.0        0.0       -9.0        4.0        8.0 =    -1056.0
      -8.0        4.0        7.0       -4.0        8.0       -1.0        1.0       -9.0        1.0        4.0       -7.0       -7.0       -4.0        0.0       -2.0        1.0       -4.0        0.0        1.0        9.0       -6.0      -10.0       -6.0        3.0        9.0        3.0        4.0       -6.0        2.0        1.0        0.0       -7.0       -7.0        8.0        3.0       -9.0       -5.0        6.0     -211.0        6.0        7.0       -2.0        1.0       -4.0        3.0       -2.0 =     -458.0
       8.0        0.0       -4.0       -5.0        9.0      -10.0       10.0       -8.0        5.0       -8.0       -2.0       -2.0        8.0       -3.0       -2.0        2.0       -3.0       -3.0       -1.0       -1.0       -1.0        7.0        9.0       10.0       -7.0       10.0        2.0       -2.0        9.0        2.0       -6.0        2.0       -3.0        1.0       -1.0        4.0       -9.0        1.0       10.0      218.0       -2.0       -1.0        3.0       -6.0        6.0        4.0 =    -1500.0
       0.0        6.0       -3.0       10.0       -7.0        2.0       -7.0       -9.0       -8.0       -7.0        6.0       -8.0        1.0        7.0       -7.0        6.0        7.0       -7.0        4.0        1.0        6.0        7.0        1.0       -1.0        9.0        2.0        9.0       -1.0       -8.0       -7.0        8.0        4.0       -2.0       -4.0       -7.0        4.0       -2.0        6.0       -9.0        6.0     -235.0       -6.0        0.0        6.0        5.0       -1.0 =     1115.0
       7.0       -2.0        6.0       10.0        3.0        3.0        0.0       -9.0       -2.0        2.0       -6.0       -2.0       -2.0        6.0       -7.0       -7.0        4.0       -6.0        0.0        1.0        4.0       -1.0       -6.0        2.0       -4.0        7.0        3.0       -2.0       -1.0        9.0       -9.0       -6.0        0.0        8.0       -8.0        4.0        0.0       -9.0       -7.0        7.0      -10.0      216.0       -9.0       -3.0       -4.0        0.0 =     -540.0
      -4.0        6.0        9.0        8.0        3.0        5.0       -9.0        1.0        9.0        3.0       -3.0        9.0       -6.0       -3.0       -2.0        1.0        0.0       -6.0       -2.0        8.0       -7.0        7.0        5.0      -10.0        3.0        9.0       -6.0       -2.0       -6.0        3.0       -1.0        5.0        4.0        4.0        0.0       -6.0        4.0        8.0        1.0        4.0        6.0       -4.0     -219.0        4.0        6.0        1.0 =      800.0
       5.0       -2.0        0.0       -8.0        7.0       -4.0        8.0       -8.0        8.0       -8.0       -8.0       -8.0        4.0       -3.0        4.0       -7.0      -10.0        7.0       -1.0       10.0        7.0       -6.0       -4.0        4.0       -5.0       -3.0       -7.0        3.0       -7.0        6.0       -1.0       -5.0        1.0        4.0        8.0       -8.0        8.0        1.0        8.0       -7.0       -6.0       -3.0        1.0      251.0       -7.0      -10.0 =     1881.0
      -2.0        0.0       -7.0        3.0        9.0       -1.0       -4.0       -2.0       -4.0        6.0       -4.0      -10.0        4.0       -7.0        6.0        9.0       -5.0        7.0        1.0       -7.0       -8.0       -2.0       -3.0       10.0        4.0        6.0       -8.0        9.0       -8.0        7.0        0.0        2.0      -10.0        6.0       -2.0       -9.0      -10.0       -4.0       -9.0        8.0        4.0        6.0        7.0        8.0     -264.0       -9.0 =      277.0
      -2.0        7.0       -5.0       -9.0        5.0       -2.0        4.0        8.0       -8.0       -3.0       -6.0        9.0       -5.0       -8.0       -5.0       -1.0       -5.0       10.0        1.0        4.0        0.0       -2.0        4.0        9.0        3.0       -3.0        8.0        6.0       -1.0       -7.0        7.0        2.0       -3.0        3.0        3.0        3.0        2.0       -8.0        1.0        3.0       -5.0        6.0        7.0       10.0       -3.0      226.0 =     1560.0

       7.0       -9.0        6.0        4.0       -1.0       -1.0        3.0        4.0       -5.0        6.0       -9.0       -4.0       -3.0       -1.0       10.0       -3.0        5.0        2.0       -4.0       -6.0        5.0       10.0       -7.0        3.0        5.0       -7.0       -9.0       -5.0        3.0      -10.0        6.0        9.0       -7.0        3.0        5.0       -1.0        3.0        6.0        2.0       -6.0       -5.0       -3.0       -5.0        9.0       -1.0        6.0
