46
     197.0        7.0       -2.0        2.0       -8.0       -7.0        1.0        9.0        4.0        3.0        5.0       -9.0       -9.0        7.0        4.0       -5.0        0.0       -5.0        0.0       -5.0        9.0       -1.0        0.0       -2.0       -5.0        3.0       -1.0        0.0        1.0       -1.0        5.0        9.0       -9.0       -1.0        6.0       -7.0       -3.0       -5.0       -6.0       -7.0        9.0       -1.0        0.0        3.0        1.0        8.0 =     -970.0
       6.0      199.0        2.0       -4.0       -2.0        7.0       -6.0        5.0        1.0       -7.0        9.0       -8.0       -4.0       -9.0       -2.0        7.0        4.0       -2.0       -6.0       -7.0       -9.0       -2.0        8.0       -1.0       -6.0       -1.0        1.0        1.0      -10.0        1.0        3.0       -1.0       -1.0        0.0       -2.0       -1.0       10.0       -2.0        5.0       -5.0       -3.0       -8.0        9.0        5.0       -1.0        3.0 =     -528.0
      -9.0        9.0      199.0        0.0        1.0       -1.0        0.0        9.0       -8.0        5.0        5.0       -8.0        2.0       -3.0        4.0        4.0        4.0       -5.0        8.0       -4.0        0.0        9.0       -7.0        5.0       -6.0       -9.0        0.0        7.0        3.0        2.0        5.0       -7.0       -5.0        0.0        0.0       -6.0        5.0        0.0        2.0       -6.0       -5.0        0.0        5.0       -6.0       -3.0        4.0 =     1194.0
      -5.0       -7.0       -5.0     -245.0       -4.0       -6.0       10.0        8.0        7.0       -2.0        6.0       -7.0        7.0       -6.0        5.0        8.0       -8.0       -7.0        2.0        4.0       -4.0        1.0       -8.0        2.0        6.0       -6.0        9.0       -8.0       10.0       -1.0        8.0       -3.0       -5.0        3.0       -2.0       -4.0       -9.0       -1.0        2.0       -4.0        0.0       -8.0        6.0        3.0       -9.0        0.0 =     -534.0
       4.0        4.0        5.0        2.0     -239.0        9.0       -2.0        8.0        1.0        3.0        9.0        3.0       10.0        9.0        2.0        9.0        2.0        7.0        4.0      -10.0       -1.0        8.0       -9.0       -6.0        0.0       -8.0        7.0        3.0       -2.0        6.0        9.0        1.0        6.0       -9.0      -10.0        9.0       -4.0        7.0        7.0       -2.0        3.0       -5.0        6.0        4.0        0.0        2.0 =     1104.0
      -6.0        3.0        5.0        4.0       -9.0      216.0       -6.0        0.0        3.0       -2.0        2.0        9.0        2.0       -9.0        8.0        2.0        4.0        8.0       -5.0       -5.0       -4.0       -7.0        5.0       -4.0      -10.0        1.0        7.0        5.0       -8.0       -7.0        1.0        4.0        2.0        7.0        7.0        1.0        8.0        0.0       -1.0        7.0       -7.0        1.0       -4.0        0.0       -7.0        7.0 =     1596.0
      -5.0        9.0        8.0        3.0        6.0       -5.0     -223.0        5.0        6.0       -9.0       -8.0       10.0        0.0       -7.0        9.0       -2.0        4.0        3.0       -2.0        3.0        7.0       -1.0        0.0        8.0        3.0        3.0       -1.0       -5.0        6.0       -3.0        6.0        1.0        6.0       -2.0       -5.0        7.0       -7.0        6.0       -2.0       -7.0      -10.0       -1.0        5.0       -1.0       -5.0       -3.0 =     -950.0
       9.0       -4.0        5.0       -5.0       -8.0        4.0       -1.0     -212.0       -1.0        2.0       -4.0       -5.0        1.0       -3.0       -5.0       -7.0        7.0        3.0        7.0        3.0       -8.0        7.0        2.0       -5.0       -3.0       -3.0        8.0       -6.0        2.0        6.0        1.0        9.0        8.0        0.0       -4.0        7.0        6.0        4.0       -4.0        1.0        6.0        7.0        0.0        1.0       -3.0        7.0 =     1512.0
      -5.0       -4.0       -6.0        0.0       -5.0       10.0      -10.0        3.0      234.0       10.0       -7.0       -1.0        3.0       10.0        4.0       -5.0       -2.0       -6.0       -1.0        1.0        1.0       -9.0        8.0        9.0       -6.0        0.0       -9.0       -2.0       10.0        0.0       -4.0       -3.0       10.0       -2.0       -8.0       -4.0       -8.0       -4.0       -3.0        4.0       -6.0        0.0       -6.0        7.0        5.0       -8.0 =      975.0
       7.0        8.0       -9.0        3.0       10.0        1.0        6.0       -4.0       -2.0      231.0       -8.0        0.0       -8.0        3.0        9.0        7.0       -2.0        2.0       -6.0        6.0        4.0        6.0        5.0       -6.0        1.0        2.0       -2.0       -8.0       -9.0       -6.0        2.0        2.0        2.0        7.0       -2.0       -3.0       -2.0        7.0       -5.0        0.0       10.0       -9.0        3.0        9.0       -7.0        6.0 =    -1827.0
      -6.0        0.0       -5.0       -6.0        3.0        0.0       -8.0       -2.0       -9.0        6.0     -211.0       10.0       -3.0      -10.0        0.0       -4.0       -1.0       -6.0        4.0        3.0       -4.0        5.0        6.0        5.0       -9.0        0.0       -2.0        3.0       -4.0        9.0        1.0       -3.0       -9.0       -3.0       -6.0       -8.0        7.0       -3.0       -5.0       -5.0        6.0       -5.0        0.0        5.0       -3.0        9.0 =      774.0
       0.0       -8.0      -10.0        2.0      -10.0        4.0        8.0       -1.0       -9.0        3.0        1.0      227.0       -4.0        3.0       -4.0        3.0        1.0       -1.0        3.0       -3.0        1.0      -10.0        1.0       -1.0       -4.0        6.0        6.0       -6.0        2.0       -5.0        9.0        4.0        5.0       -5.0        1.0        7.0       -8.0        1.0        7.0       -6.0        7.0        9.0       -8.0       -8.0       -4.0        9.0 =      645.0
      -9.0       -7.0        1.0        1.0       10.0        7.0       -2.0       -9.0       -7.0      -10.0        3.0       -3.0     -262.0        4.0       -8.0        0.0        4.0        1.0       -4.0        0.0        9.0        1.0       -9.0       -1.0        3.0       -7.0        1.0       -9.0      -10.0       -9.0        9.0        8.0       -9.0       10.0        0.0       -8.0       -5.0        8.0        1.0        8.0        5.0       10.0       -9.0        5.0        6.0       -4.0 =    -2574.0
      -4.0        5.0        2.0        2.0        2.0       -7.0        4.0       -4.0        2.0       -6.0        7.0       -2.0        6.0      224.0       -2.0       -9.0        5.0       10.0       -3.0      -10.0        4.0       -5.0       -3.0        5.0       -3.0       -5.0       -2.0        5.0       -5.0       -4.0        5.0       -6.0        8.0        7.0       -4.0        3.0       10.0       -3.0       -3.0      -10.0       -6.0        1.0        3.0       -9.0        7.0       -4.0 =    -1872.0
       9.0       -8.0       -5.0        9.0       10.0        5.0       -7.0        4.0        2.0        2.0       -4.0       -5.0        0.0        0.0     -232.0        2.0        6.0       -5.0        6.0        1.0       -6.0        4.0        7.0       -8.0       -5.0       -9.0        4.0       -4.0        4.0        4.0        7.0       -8.0       -5.0       -1.0        3.0       -3.0        4.0        9.0        1.0        8.0        8.0       -7.0        8.0       -5.0        1.0        2.0 =     -788.0
       3.0        7.0       -7.0        1.0        7.0       -4.0       -2.0       -8.0        8.0        5.0       -5.0       -2.0       -9.0        4.0       -8.0     -205.0       -3.0        2.0        3.0        3.0       -6.0        4.0       -6.0        0.0        1.0       -1.0        6.0       -3.0        7.0       -1.0       -3.0       -8.0        5.0        0.0        6.0        1.0       -8.0       -9.0       -4.0       -3.0        0.0       -8.0       -7.0        4.0        1.0        8.0 =     1638.0
       2.0       -4.0        7.0        7.0        5.0       -4.0       -5.0       -9.0       -2.0       -3.0        5.0       -2.0        4.0       -7.0        9.0        1.0      228.0        1.0       -6.0        2.0      -10.0        8.0       10.0        3.0        2.0        8.0        5.0       -6.0       -9.0       -2.0        1.0        3.0        9.0       -9.0       -5.0        7.0       -9.0        9.0        5.0       -8.0        2.0        0.0       -2.0        5.0        1.0       -2.0 =    -2205.0
      -4.0       -3.0       -2.0        7.0        0.0        6.0        5.0       -4.0        6.0        5.0      -10.0        2.0       -9.0       -1.0        6.0        4.0        4.0     -219.0        6.0       -3.0       -3.0       -8.0       -3.0        5.0        7.0       -4.0       -9.0        3.0        1.0       -8.0       -4.0        5.0        6.0        9.0        1.0        8.0       -3.0        2.0        8.0        8.0        5.0        1.0        0.0       -2.0       -4.0       -7.0 =     -570.0
       8.0       -3.0        4.0       -5.0       -2.0        7.0       -9.0       -2.0        0.0        8.0       -9.0        1.0       -4.0       -4.0        0.0       -5.0       -2.0        4.0      224.0       -5.0        7.0        5.0       -6.0        7.0        0.0       -5.0       -4.0        5.0        9.0        8.0       -3.0        2.0        3.0        7.0        5.0       -7.0       -4.0       -1.0       -5.0      -10.0        7.0       -4.0       -9.0        7.0        1.0      -10.0 =    -2110.0
      10.0       -4.0        6.0        3.0       -3.0       -6.0       -9.0        6.0       -3.0       -3.0        6.0        0.0       -6.0        9.0       -8.0       -1.0        1.0       10.0       -7.0     -225.0        9.0        3.0       -5.0       -2.0        4.0       -2.0       -9.0        7.0       -4.0        5.0       -1.0        2.0       -2.0        2.0        3.0       -8.0        7.0       -3.0        9.0        7.0       -6.0        7.0       -1.0       10.0        3.0       -2.0 =    -1528.0
       4.0      -10.0        0.0        4.0        9.0       -9.0        6.0       -8.0        3.0      -10.0        5.0       -9.0        6.0       -9.0        4.0       -1.0        9.0       -4.0        3.0        1.0      276.0        1.0       -5.0        1.0        3.0        9.0       10.0       -5.0        4.0        3.0       -9.0       -5.0        4.0        3.0       -9.0       -9.0        9.0       10.0        2.0        8.0       -9.0        8.0       -8.0        6.0       10.0       -6.0 =     2664.0
      -2.0        1.0       -8.0        3.0        4.0        4.0       -9.0        3.0        8.0       -1.0        9.0        4.0       -8.0       -5.0       10.0        5.0        0.0       -9.0        3.0        2.0        6.0     -205.0       -6.0      -10.0        0.0       -1.0        2.0        0.0       -6.0       -9.0       -3.0        9.0       -2.0        8.0        5.0        4.0       -3.0       -1.0       -3.0       -1.0        6.0        3.0       -9.0       -1.0        0.0        3.0 =     2000.0
       8.0       -2.0       -6.0        0.0       -3.0        2.0        8.0       -1.0        9.0        5.0       -1.0        2.0       -8.0        3.0       -8.0        1.0        4.0       -3.0       -1.0       -3.0       -3.0        0.0      223.0        4.0       -3.0        4.0        5.0       10.0       -4.0        8.0        4.0        9.0       -7.0       -8.0       -9.0       -9.0       -4.0        1.0       10.0        1.0        5.0       -4.0       -8.0        7.0        2.0       10.0 =     1500.0
      -9.0        5.0       -4.0       -4.0        7.0       -5.0        9.0       -4.0        2.0        6.0       -7.0        1.0        8.0        6.0        7.0        7.0        7.0        6.0       -9.0        9.0       -2.0       -5.0       -8.0      224.0        5.0       -7.0       -5.0       10.0       -3.0        3.0        2.0       -7.0        3.0       -1.0       -2.0       -3.0       -2.0       -2.0       -1.0       -5.0        5.0        6.0        4.0       -3.0        4.0        1.0 =      498.0
      -1.0       -8.0        0.0       -1.0       -2.0       -4.0        2.0        9.0        6.0        9.0       -5.0        3.0       -3.0        1.0       10.0        8.0       -2.0        9.0       -8.0       -4.0        1.0        7.0       -1.0        8.0      215.0       -5.0       -4.0       -1.0       -9.0       10.0       -9.0        6.0       -5.0        5.0        5.0       -3.0       -3.0        7.0        2.0        2.0       -7.0       -6.0        2.0        2.0        1.0        6.0 =    -1715.0
       1.0        8.0        3.0        2.0        4.0        4.0        8.0       -7.0        8.0      -10.0       -8.0        6.0       -5.0       -8.0       -6.0       -1.0       -9.0        9.0       -6.0        9.0        5.0        8.0        1.0      -10.0       10.0     -265.0       -8.0       -4.0       -6.0        0.0        3.0       -9.0       -3.0       -1.0        5.0       -7.0        7.0        6.0       -6.0       -6.0        6.0      -10.0       -8.0        7.0        3.0        3.0 =    -1385.0
      -6.0        1.0      -10.0        1.0       -2.0       -4.0        9.0        5.0        1.0        8.0       -7.0        0.0       -3.0       -8.0        1.0       -7.0        0.0        8.0        3.0      -10.0       -7.0        0.0       -5.0        1.0        0.0        1.0     -215.0        3.0      -10.0       -4.0       -3.0        3.0       -7.0       -3.0       -1.0        9.0        9.0        7.0       -4.0        7.0        0.0        6.0        4.0        7.0        9.0       -5.0 =     2180.0
       8.0       -4.0        9.0       -2.0        2.0       -9.0        4.0       -1.0       -6.0        7.0        7.0       -9.0        6.0       -2.0        7.0       -4.0       10.0       -8.0        8.0       -4.0        9.0        5.0       -8.0       -1.0        6.0        4.0       -9.0     -257.0      -10.0        8.0       -6.0        0.0        5.0       -8.0        6.0        3.0        2.0       -1.0        5.0       -2.0       -6.0       -2.0        7.0        7.0       -6.0        8.0 =     1998.0
      -4.0        2.0        6.0        8.0       -7.0       -5.0       -7.0       10.0       -4.0        8.0        2.0        5.0        5.0       -4.0        5.0       -5.0       -7.0      -10.0        5.0        8.0        7.0        1.0       -4.0       -6.0       -3.0        7.0        5.0        4.0      238.0        6.0        1.0       -9.0        4.0        6.0        6.0        0.0        3.0        9.0       -4.0        6.0        1.0        6.0        6.0        6.0        1.0       -3.0 =    -1220.0
      -2.0        6.0        2.0       -4.0        7.0       -5.0       -2.0        2.0        5.0       -5.0        4.0       -4.0       -1.0       -2.0       10.0        9.0       -4.0        8.0       -4.0        6.0       -8.0        7.0       -9.0       -7.0        5.0       -5.0       -2.0        4.0        5.0      226.0        1.0        6.0       -6.0        2.0        4.0        8.0       -2.0        9.0        3.0        4.0        5.0       -7.0        0.0        2.0       -7.0       -9.0 =     2295.0
       8.0       -4.0        9.0        3.0        0.0        3.0       10.0       -4.0        4.0      -10.0       -8.0        9.0        5.0        8.0        7.0        5.0       -4.0       -6.0        4.0        5.0        4.0       -1.0       10.0       -3.0       -1.0        2.0        5.0       10.0       -9.0        4.0      276.0       -8.0        2.0       -7.0        7.0        8.0       -3.0        9.0       -7.0       -7.0       -9.0       -8.0        7.0       -7.0       -6.0       -9.0 =     2121.0
       0.0        5.0       -7.0       -3.0        2.0        3.0       -1.0       -2.0        4.0        7.0       -1.0        6.0        9.0       -4.0        5.0       -9.0        4.0        2.0       -4.0        6.0        1.0        6.0       -7.0        0.0       -4.0        4.0        0.0       -7.0        9.0       -4.0       -4.0     -204.0        7.0        1.0       -1.0       -7.0        2.0       -8.0       -5.0       -7.0        2.0        3.0        9.0        3.0        5.0        8.0 =    -1408.0
      -9.0       -2.0        7.0       -6.0       -3.0        0.0        5.0        0.0        7.0       -8.0        7.0       -5.0       -5.0       -9.0        3.0       -6.0       -6.0       -5.0       -4.0       -6.0       -5.0       -5.0       -4.0       -6.0        7.0       -2.0        3.0        5.0        3.0        7.0        8.0        2.0      217.0        2.0        2.0       -7.0        3.0        4.0       -4.0        4.0       -4.0        9.0       -5.0        5.0        3.0       -1.0 =    -1764.0
      -3.0        5.0        7.0       -6.0        9.0        8.0        5.0        1.0        9.0        0.0        7.0        0.0        5.0        2.0       -4.0        7.0       -8.0        2.0       -7.0       -8.0        1.0        1.0       -7.0       -4.0        1.0        0.0        3.0        1.0       -9.0        4.0        3.0        4.0       -4.0     -204.0       -1.0        6.0       -8.0       -8.0        3.0       -7.0        0.0       -3.0       -9.0        6.0       -1.0        1.0 =    -1400.0
      -7.0       -6.0       -5.0       -7.0       -3.0       -4.0        3.0        4.0        5.0       -8.0        9.0       -4.0       -4.0        2.0       -1.0       -2.0        4.0       -6.0        9.0        6.0       -9.0        0.0        7.0       -8.0       -3.0       -7.0        1.0        8.0        7.0       -7.0       -4.0        0.0       -9.0       -7.0      233.0       -7.0       -8.0       -7.0       -7.0        3.0        3.0        4.0       -1.0       -7.0        2.0       -5.0 =      942.0
      10.0        6.0       -6.0       -2.0        2.0       -5.0        0.0        1.0        5.0       -8.0        9.0        8.0       -1.0        8.0        5.0       -6.0        0.0        4.0        9.0        0.0       -9.0       -6.0        0.0        0.0        4.0       -6.0        0.0        3.0       -5.0       -1.0       -8.0       -4.0       -4.0       -3.0        0.0      201.0       -2.0       -4.0       -9.0       -1.0        2.0       -2.0        4.0       -6.0       -9.0       -5.0 =    -1352.0
      -8.0       -8.0        4.0        6.0        6.0       -6.0        3.0       -1.0        1.0       -8.0       -7.0        7.0       -1.0       -7.0       -5.0        7.0        3.0       -9.0       10.0        3.0        1.0        4.0        7.0       -3.0       -2.0        7.0        3.0       -8.0        0.0       -6.0        9.0        2.0       -5.0       -2.0       -6.0        4.0     -222.0       -4.0       -1.0        2.0       -3.0       -4.0       -8.0       -3.0        9.0       -8.0 =      247.0
      -6.0        3.0        5.0        1.0       -9.0       -3.0       -2.0        5.0       10.0       -3.0        7.0       -9.0       -1.0       -8.0        0.0       -9.0        7.0        5.0        7.0       -1.0        8.0        8.0        2.0      -10.0        5.0        2.0       -8.0        0.0        6.0      -10.0       -9.0        4.0        9.0       -3.0        2.0        6.0        9.0     -261.0       -7.0        7.0        3.0        7.0       -8.0        7.0        9.0        8.0 =    -1505.0
       5.0       -9.0        1.0        9.0        4.0        9.0       -7.0       -6.0       -8.0       -2.0        0.0       -4.0       -4.0      -10.0       -8.0        1.0        8.0        5.0       -6.0        7.0        7.0        5.0        3.0       -9.0       -4.0       -7.0       -1.0        4.0       -5.0        3.0       10.0        1.0        3.0       -6.0       -5.0        9.0       -9.0       -8.0      248.0        1.0        0.0       -9.0       -9.0        3.0        6.0       -7.0 =     -836.0
       4.0        5.0      -10.0       -7.0       -9.0        9.0        1.0        6.0       -2.0        9.0        4.0        1.0      -10.0       -9.0        1.0        0.0       -7.0        7.0        0.0        4.0       -2.0        3.0       -7.0       -2.0        1.0        4.0        8.0        1.0        2.0       -6.0        5.0       -5.0        5.0       -5.0        9.0       -1.0      -10.0       -8.0        9.0      235.0        4.0       -7.0       -7.0        1.0       -7.0       10.0 =     1589.0
       3.0        9.0       -7.0        9.0       10.0       -1.0        8.0        8.0        2.0        6.0        9.0        0.0        3.0       -6.0       -8.0       -9.0      -10.0        3.0        1.0        9.0        3.0       -8.0       -9.0        6.0       -1.0       -7.0       -8.0        2.0       -3.0       -1.0       -1.0        7.0       10.0        5.0       10.0       -3.0      -10.0       -6.0        2.0        6.0     -272.0        5.0       -7.0        9.0       -8.0        8.0 =     -232.0
      -6.0       -8.0        4.0       -2.0        1.0       -1.0        2.0        2.0      -10.0        8.0       -1.0        1.0       -6.0        5.0        0.0       -6.0        8.0       -6.0        4.0        8.0       -3.0        7.0        9.0       -4.0        5.0        0.0       -8.0        2.0        0.0        1.0        1.0       -5.0       -4.0        6.0        9.0       10.0        2.0        8.0       -5.0        0.0        8.0      223.0        9.0       -9.0       -9.0       -1.0 =     2241.0
      -4.0        9.0       -4.0        0.0        9.0        6.0        9.0        2.0        3.0       -8.0       -3.0        4.0        6.0        9.0        4.0        5.0        8.0        8.0        7.0       -6.0       -8.0       -4.0       -7.0       -4.0       -7.0        7.0        5.0       -1.0      -10.0        5.0       -8.0        8.0        0.0        1.0        3.0        0.0        3.0       -9.0        4.0        1.0       -8.0        7.0      237.0       -2.0        5.0        2.0 =     1704.0
      -7.0        1.0        2.0        8.0       -6.0        3.0        2.0       -2.0       -7.0       -3.0        6.0       -4.0        8.0       -2.0        0.0       -5.0        2.0       10.0       10.0        3.0       -4.0       -8.0        3.0        2.0       -9.0       -6.0        0.0        8.0        7.0       10.0        8.0        6.0        3.0       -1.0       -6.0        6.0        7.0        7.0       -6.0       -7.0       -2.0       -5.0        8.0      237.0       -5.0       -4.0 =     1608.0
       8.0        2.0        3.0        6.0       -9.0        3.0        9.0       -8.0        4.0        1.0        1.0        1.0        9.0       -8.0       -4.0      -10.0      -10.0       -5.0       -5.0        7.0        0.0       -9.0       -9.0        4.0        0.0        7.0        1.0        8.0        2.0        6.0       -6.0       -6.0       -3.0       -1.0        6.0        7.0        6.0        7.0        1.0        6.0        7.0       -3.0       -8.0       -2.0     -232.0       -2.0 =     -872.0
       1.0        0.0       -2.0       -9.0        3.0       -2.0        4.0       -4.0       -7.0       -2.0        4.0        9.0        1.0       -9.0        2.0        4.0        9.0        4.0        4.0        7.0        2.0        7.0       -5.0       -2.0        9.0        0.0        6.0        4.0       -6.0        0.0        4.0        5.0       10.0       -3.0        4.0        9.0        4.0        8.0        1.0       -1.0        7.0        5.0       -6.0      -10.0       -8.0     -216.0 =      310.0

      -5.0       -3.0        6.0        2.0       -8.0        7.0        5.0       -9.0        5.0       -7.0       -3.0        3.0        9.0       -9.0        4.0       -7.0       -9.0        3.0      -10.0        8.0        9.0      -10.0        6.0        2.0       -7.0        5.0      -10.0       -9.0       -4.0        9.0        7.0        8.0       -9.0        7.0        6.0       -8.0       -1.0        7.0       -4.0        7.0        1.0        9.0        6.0        6.0        4.0       -2.0
