46
     249.0        8.0        3.0      -10.0        5.0       -2.0        9.0        7.0        2.0       -5.0        9.0       -5.0       -6.0        8.0       -7.0       -4.0       -9.0        2.0       -9.0        5.0        2.0       -7.0        9.0        8.0        4.0        5.0        1.0       10.0       -5.0        6.0        8.0        4.0        3.0        9.0       -6.0        1.0       -6.0       -1.0        0.0       -3.0       -7.0        3.0       -2.0        4.0       -7.0        8.0 =     2619.0
      -3.0     -217.0        0.0       -3.0       -9.0        2.0       -3.0       -3.0       -7.0        1.0       -7.0        2.0        0.0        6.0        5.0        8.0      -10.0       -2.0        6.0        6.0        5.0       -8.0        5.0        2.0        7.0        8.0        0.0      -10.0        0.0       -8.0       -9.0        8.0       -3.0       10.0        0.0       -4.0        1.0        4.0       -4.0       -2.0        1.0        8.0       -7.0       -5.0        9.0        0.0 =     1760.0
      -1.0       -4.0     -229.0       -8.0       -8.0       -3.0       -1.0       -6.0       -9.0       -8.0        6.0        4.0        0.0        6.0        1.0        4.0        5.0        4.0       10.0        4.0        5.0       -4.0       -6.0        0.0       -9.0        9.0        4.0       10.0        1.0        3.0       10.0        5.0        3.0        2.0       -2.0        8.0       -4.0       -6.0        7.0       -6.0        6.0       -9.0        7.0        4.0       -3.0       -1.0 =      199.0
       9.0        7.0       -4.0      250.0       -2.0       -2.0       -3.0       10.0       10.0       -2.0        5.0        6.0       10.0        8.0        7.0       -4.0        6.0        4.0        8.0       -7.0       -6.0       -9.0       -2.0        5.0       10.0        5.0       -1.0       -4.0        6.0        2.0        5.0        7.0       -2.0       -2.0       -5.0       -4.0        7.0        8.0        8.0       -6.0        2.0        9.0        1.0       -4.0       -2.0        8.0 =    -2816.0
       9.0        0.0        0.0       -3.0     -220.0        9.0       -7.0        9.0       -3.0        4.0       -9.0        8.0       -3.0       -8.0        2.0       -4.0        5.0       -4.0        4.0       -8.0       -6.0       -8.0       -1.0       -6.0        7.0       -1.0        7.0        1.0       -5.0       -3.0       -4.0        4.0        4.0        0.0       -1.0        1.0       -8.0        9.0        8.0       -7.0        8.0       -6.0       -2.0       -6.0       -1.0        5.0 =    -1150.0
      10.0       -1.0       -5.0        4.0        6.0      222.0       -2.0       -2.0        8.0       -8.0        7.0       -4.0        6.0       -7.0       -8.0       -2.0       -5.0        0.0       -3.0        0.0       -1.0       -1.0       -3.0      -10.0       -9.0        3.0        6.0        5.0        7.0        0.0       -4.0       10.0       -7.0        9.0        3.0        1.0       -7.0       -3.0       -2.0        0.0        8.0       -9.0       -9.0       -1.0        8.0       -5.0 =      205.0
      -3.0        8.0        9.0        4.0        7.0        6.0      260.0       -8.0        9.0       -6.0        0.0        3.0       -7.0        4.0        7.0       -2.0       -6.0        7.0       10.0        8.0       -1.0       10.0       -8.0       -9.0        7.0        8.0        9.0        4.0       -3.0        4.0        4.0       -2.0        3.0        6.0        5.0        2.0        0.0       -5.0        5.0        8.0       -9.0        0.0       -6.0        3.0       -9.0       -8.0 =     1640.0
       1.0        0.0       -9.0        6.0       -8.0       -2.0       -4.0      186.0        3.0        5.0        2.0       -5.0       -8.0       -3.0        6.0       -6.0       -2.0       -1.0        6.0        4.0       -6.0        8.0        0.0       -5.0       -4.0       -5.0        3.0        6.0        0.0        2.0        9.0        1.0        1.0       -5.0       -3.0        4.0       -4.0        5.0       -1.0        1.0        5.0       -7.0       -6.0       -6.0       -7.0        0.0 =      314.0
      -4.0        6.0       -9.0       -6.0        5.0       -3.0       -7.0       -9.0     -227.0        6.0       -9.0       -3.0       -5.0       -2.0       -6.0        1.0       -3.0       -2.0       10.0        0.0       -5.0        1.0       -8.0        4.0       -7.0        6.0        3.0        4.0        2.0       -3.0        0.0        6.0        1.0       -7.0       -6.0        1.0       10.0        3.0       -9.0        9.0       -6.0        7.0       -3.0       -6.0        4.0        9.0 =    -1028.0
      -5.0       10.0       10.0       -7.0       -1.0        4.0        8.0        4.0        6.0      237.0        9.0       10.0       -3.0       -4.0       -7.0       -5.0        8.0        2.0        9.0       -5.0        0.0       -4.0        6.0       -1.0       -1.0        8.0        8.0        3.0        8.0       -9.0       -5.0       -7.0        3.0        0.0        1.0       -7.0        1.0        8.0        4.0        8.0        6.0       -7.0       -5.0        4.0        0.0        0.0 =     2416.0
       8.0        3.0        8.0       -6.0        5.0       -3.0        1.0        8.0       -7.0       -1.0     -232.0        8.0       -7.0        9.0        4.0        2.0        8.0       -4.0        6.0        5.0       -5.0       -2.0       -7.0       -6.0       -5.0       -1.0       -8.0        9.0       -8.0       -4.0       -1.0       -3.0        3.0        0.0        0.0       -6.0       -7.0        5.0        0.0        5.0        7.0       -2.0        6.0        7.0       -4.0        8.0 =     1836.0
      -7.0        4.0        1.0       -1.0        5.0       -8.0        2.0       -8.0        6.0       -8.0        9.0      224.0        6.0       -4.0       -4.0        5.0      -10.0        2.0        8.0        8.0       10.0       -4.0       -8.0       -6.0       -4.0        6.0        1.0        4.0        7.0       -1.0       -5.0        6.0        1.0        5.0        5.0        5.0       -2.0        6.0       -5.0       -6.0       -2.0        5.0        3.0       -3.0       -5.0        2.0 =     2205.0
       8.0       -7.0        2.0        9.0       -3.0        2.0        5.0        2.0        7.0        9.0        9.0       -4.0     -249.0        2.0       -8.0       -5.0       -5.0       -6.0        6.0       -6.0        3.0        0.0        9.0       -7.0       -1.0       -8.0       -2.0        9.0        6.0       -5.0       -7.0       -4.0        7.0       -8.0       -7.0       -9.0        8.0       -9.0      -10.0       -8.0        1.0       -3.0       -8.0       -1.0        0.0       -3.0 =    -2601.0
       4.0        2.0        7.0        5.0       -3.0        0.0       -6.0       -7.0        0.0        3.0       -3.0        5.0       -2.0      215.0        9.0       -5.0       -8.0       -6.0        4.0        3.0       -2.0       -6.0       -4.0       -4.0        9.0        1.0       -7.0       -3.0        7.0       -1.0        0.0        8.0      -10.0       -8.0       -6.0        0.0       10.0       -6.0        0.0       -7.0        4.0       -5.0        3.0      -10.0        9.0        0.0 =      945.0
       8.0        6.0       -4.0        3.0       -4.0       -4.0        1.0        8.0        8.0       -3.0       -4.0       -7.0        4.0        2.0     -215.0        2.0        8.0       -2.0       -4.0       -5.0       -5.0        1.0        3.0        2.0        3.0       -4.0        4.0        5.0        4.0       10.0       -2.0        7.0        6.0       -9.0      -10.0       -2.0        1.0      -10.0        1.0       -8.0        1.0        7.0       -3.0       -2.0        7.0       10.0 =     1480.0
      -7.0       -3.0        4.0       -6.0        0.0       -8.0       -4.0        1.0       -5.0        7.0        7.0        9.0       -5.0        2.0        2.0     -205.0        2.0        2.0       -8.0        1.0       -2.0       -7.0       -2.0       -2.0        2.0        2.0        5.0        6.0       -4.0      -10.0       -6.0        7.0        4.0        1.0        3.0        6.0        0.0        2.0       -5.0        8.0        4.0       -4.0       -9.0        9.0       -8.0       -3.0 =     -434.0
      -9.0       -2.0       -3.0       -1.0       -3.0       -1.0       -7.0       -3.0        5.0       -3.0        9.0       -6.0       -4.0       -5.0        5.0       -6.0     -213.0       -2.0       -3.0        1.0       -2.0       -5.0        2.0       -9.0        8.0        6.0        1.0      -10.0        3.0        0.0        7.0        0.0        4.0       -5.0        1.0        2.0        9.0       10.0       -8.0        9.0        4.0        6.0       -6.0       -7.0        6.0        2.0 =     1338.0
     -10.0       -3.0        1.0        7.0       -2.0        9.0       -3.0      -10.0       -3.0       -2.0        0.0       -3.0       -2.0        2.0        1.0        8.0        3.0      220.0       -4.0       -9.0        8.0        4.0       -4.0       -1.0        7.0       -8.0        7.0        0.0       -3.0        6.0       -5.0        0.0       -1.0        9.0       -5.0        4.0       -7.0       -2.0        4.0       -9.0        9.0        7.0       10.0       -4.0        4.0        7.0 =     1659.0
       3.0       -5.0       -2.0       -3.0       -1.0        2.0       -7.0       -1.0       -8.0        2.0       -3.0       -6.0        6.0       -7.0       -8.0        5.0        2.0       -1.0      229.0        7.0        4.0       -7.0        9.0        9.0        5.0       -1.0        5.0       -2.0        8.0        6.0        9.0       -1.0        3.0       -3.0        9.0        4.0        1.0        4.0        2.0        6.0      -10.0       -5.0        8.0       -5.0        8.0        7.0 =      554.0
       7.0       -7.0        1.0        0.0       -4.0        4.0       -4.0       -4.0       -9.0       -5.0        0.0        1.0        8.0        4.0       -6.0       -6.0       -9.0        8.0       -3.0      220.0       -7.0       -5.0        4.0        7.0       -2.0       -5.0       -3.0       10.0       -7.0       -6.0        1.0       -8.0       -5.0       -1.0       -5.0        3.0       -2.0       -5.0        9.0        5.0        3.0        0.0        9.0        5.0        1.0        7.0 =      199.0
      10.0        4.0        7.0        0.0        5.0       -9.0       -5.0        9.0       -2.0       -9.0       -7.0       -1.0       -1.0       -7.0        6.0        9.0        4.0       -8.0       -6.0        4.0     -237.0       -3.0       -4.0        5.0      -10.0       -3.0        6.0       -4.0        9.0       -3.0        2.0       -5.0       -5.0        0.0       -9.0        2.0       -8.0        8.0        0.0       -5.0        6.0        1.0        5.0       -1.0       -4.0        8.0 =     1722.0
      -3.0        6.0       -4.0        5.0       -9.0       -4.0        3.0        0.0        2.0        8.0        6.0        1.0        1.0        6.0        7.0        1.0        7.0       -1.0       -1.0        0.0      -10.0     -213.0        1.0       -6.0       -8.0        9.0       -8.0      -10.0       -6.0        0.0       -3.0        2.0        7.0       -5.0       10.0        0.0        6.0       -2.0       -8.0        0.0       -5.0       -7.0       -1.0        5.0       -6.0      -10.0 =     -711.0
       0.0        7.0        6.0       -6.0       -3.0       -9.0        8.0        0.0        7.0        9.0        9.0        0.0        9.0        5.0        8.0        3.0        6.0        1.0       -6.0        6.0        3.0       -4.0     -211.0       -6.0        5.0        4.0        5.0        1.0        0.0       -1.0        3.0       -3.0        0.0        7.0        2.0        8.0       -3.0        0.0       -3.0       -3.0       -2.0        2.0       -9.0        9.0        8.0        6.0 =      488.0
       1.0       -3.0        9.0        4.0        2.0        4.0        1.0       -5.0        5.0       -9.0        6.0        0.0       -1.0        8.0       10.0        6.0        4.0       -9.0        3.0        9.0        3.0       -3.0        3.0     -241.0       -5.0       -5.0        4.0        3.0        2.0       -1.0        7.0      -10.0       -8.0        8.0       10.0       -2.0      -10.0        3.0        6.0       -5.0        9.0        6.0       -8.0       -7.0        9.0        2.0 =     -370.0
      -9.0       -1.0       -6.0       -2.0       -8.0       -2.0       -9.0        7.0       -4.0       -4.0       10.0        0.0        0.0       -5.0        8.0        0.0       -6.0       -1.0      -10.0       -9.0       10.0       -5.0        0.0        4.0     -243.0        6.0       -8.0       -7.0        9.0       -3.0       10.0        5.0       -9.0       -3.0        4.0        0.0       -1.0        5.0       -2.0      -10.0        5.0       -7.0        5.0       -5.0        9.0       -4.0 =     2574.0
      -5.0       -5.0       -9.0       -9.0        7.0        4.0        6.0       -6.0        1.0        2.0        0.0       -2.0        7.0       -2.0        8.0       -2.0        7.0        1.0        5.0        5.0       -8.0       -5.0       -2.0        7.0       -1.0     -245.0       -8.0       -2.0       -2.0       -7.0       -3.0        9.0        0.0        6.0       -5.0        5.0        6.0        9.0       -9.0       10.0       -7.0       -2.0       -9.0       -9.0        6.0        9.0 =      732.0
       9.0       -6.0        8.0        2.0       -8.0       -7.0        7.0        1.0        4.0       -8.0        9.0        3.0        3.0       -6.0        6.0      -10.0        8.0        7.0        1.0       -2.0        5.0        6.0        6.0        5.0        8.0       -6.0     -263.0       -6.0       -8.0        9.0        2.0       -9.0      -10.0       -8.0        7.0       -6.0        0.0       -4.0       -8.0        3.0       -2.0       10.0       -1.0       -3.0       -2.0       -6.0 =      520.0
      -7.0        6.0        4.0       -3.0       -6.0        0.0       -1.0       10.0        9.0       10.0        4.0       -2.0        2.0       -5.0       -9.0      -10.0        8.0       -5.0       -3.0       -4.0        6.0        2.0       -4.0       -1.0        8.0        9.0       -5.0     -261.0       -7.0        1.0       -9.0       -5.0       10.0        9.0       -5.0        9.0        9.0        0.0       10.0        6.0       -3.0        9.0        9.0       -6.0       -7.0       -3.0 =    -1326.0
      -3.0        7.0        0.0        0.0        2.0        8.0        1.0        2.0        9.0        3.0        7.0       -1.0       -6.0        4.0       -6.0        8.0       -9.0        7.0        9.0       -5.0        6.0       -4.0       -4.0       -4.0       -7.0        1.0       -1.0       -4.0      221.0        6.0        9.0       -4.0        2.0        2.0       -6.0        8.0        3.0      -10.0       -1.0        5.0       -8.0        8.0        2.0       -4.0        4.0       -8.0 =     -996.0
      -1.0        8.0       -5.0        8.0        1.0       -3.0       -4.0        1.0       10.0       -6.0       -5.0        1.0        1.0        2.0        4.0        4.0        6.0       -3.0       -7.0        8.0        5.0      -10.0       -4.0        6.0       -4.0       -4.0        7.0        4.0       -3.0     -223.0        1.0       10.0        1.0        6.0        8.0        4.0        6.0        1.0       -6.0        8.0        6.0        3.0       -7.0        6.0        4.0       -2.0 =     -628.0
       0.0       -8.0        9.0       -5.0       -5.0       -7.0       -7.0        6.0        0.0       -3.0        4.0        4.0       -6.0        1.0        5.0       -9.0       -3.0        4.0       -6.0        8.0       -9.0       -2.0        8.0        8.0        7.0       -6.0       -6.0        1.0        0.0        0.0     -219.0        0.0       -8.0       -3.0       -8.0        8.0       -7.0        5.0       -7.0        0.0       -5.0        1.0        4.0        8.0        8.0        0.0 =    -1680.0
       5.0        0.0       -1.0        1.0       -4.0        5.0       -2.0       -2.0        5.0        1.0        0.0        0.0        9.0        5.0        9.0        9.0       -4.0       -2.0       -9.0        5.0        2.0        4.0       -7.0        5.0        7.0       -4.0        5.0        8.0       -1.0        0.0      -10.0     -200.0       -2.0       -3.0       -3.0        1.0       -4.0       -4.0       -5.0       -4.0       -3.0        9.0        6.0       -7.0        3.0       -8.0 =     1110.0
      -8.0       -1.0        8.0       -5.0       -8.0        8.0       -4.0        8.0       -6.0        3.0        3.0       -9.0      -10.0       -6.0        2.0        1.0       -4.0        4.0       -8.0       -5.0        2.0        5.0        2.0        5.0       -7.0        7.0        8.0        3.0        1.0        9.0        6.0       -2.0     -251.0        4.0        8.0        6.0      -10.0       -6.0       -9.0       -2.0       -9.0       -7.0        8.0       -2.0        1.0       -3.0 =     1080.0
      -8.0        2.0       -3.0       -5.0       -5.0        6.0        0.0       -2.0        6.0       -2.0       -3.0        1.0       -9.0       -2.0       -5.0       -5.0        0.0       -8.0       10.0       -9.0       -1.0       -2.0        8.0        1.0        9.0        4.0        0.0        5.0       -4.0       -2.0       -2.0        4.0        3.0     -208.0        1.0       -1.0       -7.0       -7.0       -4.0       -3.0       -8.0       -9.0        8.0       -6.0        9.0        0.0 =     -253.0
      -1.0        9.0       -7.0        1.0       -5.0        7.0        6.0      -10.0       -7.0        0.0       -3.0       10.0       -7.0      -10.0       10.0       -4.0        8.0        6.0        6.0       -2.0        4.0        1.0        1.0       -9.0       -6.0        1.0        2.0        0.0       -5.0       -7.0       -3.0        7.0        0.0        4.0     -248.0       -9.0       -9.0        7.0       -9.0        8.0        6.0        9.0        6.0       -3.0       -4.0       -5.0 =     1778.0
       5.0       -1.0       -2.0        1.0      -10.0        5.0        7.0       -8.0        9.0      -10.0       -4.0        4.0       -6.0       -8.0       -1.0       -5.0        2.0       -7.0        0.0      -10.0        7.0       -9.0       -1.0       -4.0       -5.0        7.0       -4.0       10.0        0.0       -8.0      -10.0       -5.0        1.0        6.0        9.0      263.0       -5.0        9.0       -8.0       10.0       -6.0       -3.0       -3.0       10.0       -6.0       -7.0 =      209.0
      -1.0        8.0        3.0        8.0        0.0        0.0       -1.0        4.0        5.0        2.0      -10.0        7.0       -4.0        5.0        9.0        3.0        9.0        4.0        0.0        6.0        9.0       -6.0       -3.0        4.0        1.0        2.0        5.0        7.0        6.0       -6.0        9.0        1.0       -6.0        6.0       -7.0        5.0      223.0       -4.0        3.0        5.0       -8.0        9.0       -3.0        5.0        1.0        9.0 =     -648.0
      -3.0       -9.0        9.0       -1.0        3.0        2.0       -7.0        0.0        6.0       -5.0       -7.0        8.0        4.0        8.0        5.0        3.0        3.0       -6.0        8.0        9.0       -6.0       -2.0       -8.0        3.0       -7.0       -1.0       -1.0       -1.0       -7.0       -7.0      -10.0       -8.0        6.0        0.0        2.0        7.0        0.0      235.0        8.0       -2.0       -5.0        7.0        9.0       10.0       -7.0        3.0 =      992.0
      -7.0        8.0       -7.0       -9.0       -5.0       -7.0       -2.0        6.0       -7.0       -7.0       -7.0       -8.0        7.0        1.0       -2.0       -7.0      -10.0        4.0       -3.0        2.0       -1.0        5.0       10.0       -3.0       -5.0      -10.0        0.0       -5.0       -3.0       -3.0       -1.0        9.0        5.0        0.0        8.0        3.0       -8.0       -9.0      239.0       -6.0       -2.0        8.0       -1.0        7.0       -8.0        2.0 =    -1197.0
       0.0        7.0       -7.0        0.0        8.0       -9.0        1.0       -8.0        6.0        3.0       -6.0       -1.0       -8.0       -5.0       -6.0       -4.0        8.0      -10.0       -3.0        4.0       -8.0        1.0        8.0        1.0       -6.0       -9.0       -2.0       -5.0       -6.0        8.0       10.0       -3.0       -1.0        0.0        2.0       -3.0       -9.0        1.0       -3.0     -223.0       -1.0        4.0        9.0       -2.0       -6.0        8.0 =    -2120.0
       8.0       -4.0      -10.0        4.0        6.0        0.0       -8.0       -4.0       -2.0        8.0       -9.0      -10.0        7.0       -5.0       -1.0        7.0       -3.0       -5.0       -6.0        9.0       -4.0       10.0        5.0        5.0       -2.0       -5.0       -6.0       -1.0       -6.0        2.0       -8.0        2.0        3.0        9.0       -3.0        5.0       -7.0        2.0       -3.0       -7.0      253.0       10.0        9.0        9.0        5.0       -4.0 =     -255.0
       8.0        2.0        0.0        8.0        4.0        5.0       -9.0        6.0        3.0       -9.0       -1.0       -7.0        2.0       -2.0       -3.0       -3.0        8.0        5.0        3.0       -2.0        5.0        1.0       -9.0        8.0       -9.0        2.0        8.0        9.0        0.0       -5.0        0.0       -3.0        1.0        1.0        1.0        6.0        0.0       -6.0       -1.0        1.0       -2.0      202.0        6.0        0.0      -10.0       -9.0 =     2150.0
       3.0        0.0       -8.0        7.0       -4.0        8.0        6.0        4.0        4.0        5.0       -5.0       -4.0        8.0        4.0        8.0        5.0        2.0        4.0       -4.0       -3.0      -10.0       -3.0        9.0        6.0        6.0        6.0       -3.0        6.0       -8.0       -9.0       -6.0       -2.0        0.0        0.0       -4.0        3.0        1.0       -5.0       -2.0        2.0       -5.0        6.0      220.0        8.0        4.0        0.0 =     -260.0
      -2.0        3.0       -7.0        5.0       -2.0        4.0       -9.0       -7.0        7.0        6.0       -1.0        8.0        9.0       -7.0        0.0       -9.0       -2.0       -5.0       -4.0        9.0        5.0       -6.0        3.0       -7.0        2.0       -1.0        2.0        1.0        3.0       -4.0        8.0        6.0        2.0       -9.0       -8.0       10.0       -3.0       -4.0       -8.0        0.0        5.0       -9.0       -4.0     -224.0        1.0       -7.0 =      750.0
      -6.0        8.0        0.0       -3.0      -10.0       -3.0       -1.0        4.0       -2.0        5.0       -2.0        1.0       -8.0       -2.0       -4.0        8.0       -7.0       -3.0        6.0        9.0        9.0       -7.0       -9.0        6.0        3.0       -7.0       -3.0        2.0      -10.0       10.0        4.0      -10.0        9.0        2.0        4.0       10.0        5.0       -8.0       -8.0        6.0       -6.0        8.0        6.0        1.0      257.0        9.0 =    -2457.0
       1.0       10.0        5.0        4.0       -2.0       -7.0       -8.0        7.0       -1.0       -5.0      -10.0       -6.0        5.0        4.0        8.0       -2.0        8.0       -2.0       -2.0       -6.0        3.0        3.0        6.0        1.0        4.0        8.0        9.0      -10.0        4.0       -8.0       -2.0       -4.0       -8.0        1.0        9.0        5.0       -2.0       -9.0        7.0       -8.0       -8.0       -7.0       -5.0       -5.0       -7.0      249.0 =      227.0

       9.0       -8.0       -1.0       -8.0        5.0        1.0        5.0        2.0        4.0        8.0       -9.0        9.0        9.0        5.0       -8.0        2.0       -6.0        7.0        2.0        1.0       -7.0        3.0       -4.0        2.0       -9.0       -3.0       -2.0        6.0       -4.0        4.0        7.0       -6.0       -4.0        1.0       -7.0        1.0       -2.0        4.0       -7.0        8.0       -1.0       10.0       -1.0       -3.0       -9.0        1.0
