46
    -241.0        8.0        1.0        9.0       10.0       -7.0       -6.0        4.0       -3.0        7.0       -1.0       -1.0       -5.0       -7.0        1.0        8.0        5.0       -1.0        7.0       10.0       -8.0        3.0       -3.0        8.0       10.0       -5.0        8.0        9.0       -4.0        1.0        0.0        7.0       -1.0       -6.0        6.0        5.0        1.0       -3.0       -3.0        7.0        2.0        9.0        7.0       -5.0       -9.0       -7.0 =     1384.0
      -8.0      237.0       -4.0       -6.0       -6.0        2.0       -3.0        1.0       -5.0        3.0       -2.0        9.0        6.0        4.0       -9.0       -4.0        9.0        6.0       -2.0       -5.0        8.0       -2.0       -3.0        5.0        7.0       -3.0        2.0        4.0       -6.0        6.0       -1.0       -9.0        9.0        2.0       -2.0       -5.0        9.0        9.0       10.0        8.0       -2.0        6.0        3.0        0.0      -10.0        7.0 =     2475.0
      -7.0        3.0      212.0       -2.0        7.0       -3.0        5.0      -10.0        6.0        9.0        3.0       -6.0       -2.0        2.0        3.0        4.0        6.0        1.0       -4.0       -4.0        9.0        0.0       10.0       -1.0        6.0       -1.0        6.0       -3.0       -8.0       -3.0       -7.0        7.0       -1.0       -9.0       -9.0        5.0        1.0        3.0        5.0       -5.0        1.0        0.0       -5.0        2.0       -7.0        3.0 =     1332.0
       2.0        7.0        3.0     -240.0       -6.0       -1.0       -3.0        7.0       -4.0        7.0       -1.0        4.0        4.0        2.0       -5.0       -7.0       -6.0        5.0        3.0        6.0       -8.0        8.0        3.0       -8.0        9.0       -2.0        8.0        2.0       -5.0       -9.0       -4.0       -8.0       -4.0       -3.0        9.0       -8.0        2.0       -7.0       -7.0        9.0        7.0        7.0        4.0        2.0       -8.0        3.0 =     -231.0
      -4.0       -3.0        0.0       -3.0     -196.0        4.0        2.0        8.0        7.0        5.0       -4.0      -10.0        9.0        2.0        4.0        7.0       -3.0        5.0       -1.0        8.0       -1.0        3.0        6.0       -4.0        3.0       -7.0        9.0       -1.0       -2.0        4.0        4.0       -6.0       -2.0       -8.0        0.0        1.0       -4.0       -8.0       -7.0        1.0        4.0        3.0        5.0        2.0       -5.0        6.0 =     1336.0
      -5.0       -8.0       -9.0        7.0        9.0      240.0       -6.0       -3.0        4.0        0.0       -1.0        8.0        2.0        6.0        9.0       -7.0        4.0       -2.0        6.0       -5.0        9.0        0.0        4.0       -8.0       -6.0        2.0       -1.0       -7.0       -2.0       -9.0       10.0        2.0       -1.0       -2.0       -9.0        8.0       -9.0       -9.0        4.0        2.0        6.0        6.0       -3.0        0.0        2.0       -9.0 =     -687.0
      -1.0        5.0       -9.0       -5.0       -1.0       -1.0     -262.0      -10.0       -8.0        4.0       -9.0       -4.0        4.0       -5.0       -4.0       -5.0       -1.0       -4.0       -7.0       -7.0        9.0       -6.0        1.0       -6.0       -8.0      -10.0        0.0       -8.0       -8.0       -3.0       -6.0        0.0      -10.0      -10.0       -4.0        6.0        3.0       -4.0      -10.0       -7.0       -6.0       -6.0       -9.0        6.0       -7.0        8.0 =     3825.0
      -7.0      -10.0       -9.0        4.0       -7.0        0.0        3.0     -254.0        4.0       -4.0        8.0        6.0       -5.0       -1.0       -3.0        7.0        7.0        7.0        7.0       10.0       -8.0       -2.0        0.0        9.0        8.0        5.0        7.0        4.0        1.0       -4.0      -10.0        7.0        1.0       -6.0      -10.0        6.0       -4.0       -9.0       10.0       -7.0        2.0       -7.0       -3.0       -3.0       -8.0       -2.0 =    -1820.0
       7.0        3.0        2.0       -7.0       -6.0       -3.0       -4.0       -9.0     -250.0       -8.0        0.0        5.0        1.0        6.0        0.0      -10.0       -9.0       -7.0       -2.0        7.0        7.0       -6.0       -8.0        1.0        1.0       -8.0        8.0        0.0       -4.0        0.0       10.0       -7.0       -2.0       10.0       -4.0       10.0       -7.0        8.0       -8.0       -9.0       -9.0        7.0        7.0        9.0        0.0        1.0 =    -1385.0
       5.0       -2.0       -9.0        2.0        3.0       -4.0       -1.0       -6.0       -7.0     -227.0        8.0       -9.0       -4.0       -5.0      -10.0        2.0       -4.0       -8.0        0.0       -7.0        3.0       -8.0       -1.0        3.0        6.0        9.0       -8.0       -5.0        1.0        1.0        8.0        1.0        5.0       -4.0       -3.0        2.0        2.0        7.0       -4.0        3.0       -8.0      -10.0        8.0        8.0        0.0       -3.0 =     -270.0
       8.0       -2.0       -7.0        5.0        7.0       -5.0       -9.0       -4.0       -6.0        5.0      223.0       -4.0        0.0        6.0       -7.0       10.0       -8.0       -5.0       -7.0       -4.0        7.0       -4.0        4.0       -8.0       -5.0        8.0        1.0       -8.0        8.0        0.0       -2.0       -1.0       -1.0        2.0        3.0       -5.0       -3.0       -6.0       -1.0        1.0       -2.0       -6.0       -9.0       -9.0        5.0       -1.0 =     -328.0
       4.0       -4.0        2.0       -6.0        0.0       -1.0       -5.0       -9.0       -3.0        2.0       -7.0      227.0       -6.0        8.0        4.0        3.0       -8.0        9.0       -6.0       -6.0       -3.0      -10.0       -2.0        9.0        9.0       -4.0        2.0       -1.0        1.0        1.0       -9.0       -2.0        9.0        4.0        0.0        9.0        9.0        9.0       -9.0        4.0       -6.0        0.0        3.0       -6.0        9.0       -2.0 =      222.0
       6.0       -2.0       -6.0       -8.0        2.0        6.0        4.0       -5.0        5.0       -6.0       -4.0       -2.0     -251.0        2.0       -6.0        9.0      -10.0        9.0       -9.0        5.0       -8.0        8.0       -7.0        4.0       -5.0       -8.0        9.0        8.0        4.0       -1.0        2.0        5.0       -9.0        1.0        0.0        5.0       -4.0       -9.0        2.0       -4.0        6.0        2.0       -7.0        8.0        7.0       -9.0 =     -522.0
      -6.0        9.0        0.0        2.0       -9.0        2.0       -6.0        4.0        5.0       -6.0        5.0       -4.0       -3.0      199.0        2.0       -4.0        1.0       -5.0       -1.0       -1.0       -3.0       -5.0        4.0        1.0       -3.0       -3.0        0.0       -9.0       -1.0       -9.0        0.0       -5.0        9.0        1.0        7.0        0.0        8.0        0.0       -8.0        6.0        5.0       -7.0       -5.0        4.0       -4.0       -7.0 =    -1280.0
       2.0       -5.0       -8.0        6.0        9.0       -5.0       -8.0       -7.0        7.0        6.0        2.0       -7.0      -10.0        7.0      230.0        6.0       -7.0       -6.0       -1.0       -5.0        5.0       -4.0       -6.0        5.0        5.0       -8.0        4.0       -1.0        2.0       -2.0       -8.0       -4.0        2.0        2.0        4.0        7.0        6.0        4.0       -2.0        7.0        7.0        1.0       -4.0       -9.0        2.0        1.0 =     1998.0
      -6.0       -3.0        0.0        5.0       -9.0       -7.0        5.0       -9.0       -2.0       -8.0       -3.0        3.0       -3.0       -3.0       -3.0     -211.0       -5.0        0.0        8.0       -9.0        5.0        9.0        8.0       -6.0        1.0       -2.0       -1.0       -2.0       -3.0        8.0        8.0        8.0        4.0        8.0       -9.0       -1.0        6.0        8.0        3.0        0.0        2.0        6.0       -4.0        0.0       -2.0        6.0 =    -1800.0
      -9.0      -10.0        5.0        1.0        9.0        8.0       -6.0       -5.0        0.0       10.0        1.0        4.0        5.0       -3.0       -9.0        5.0     -240.0        5.0       -4.0       -6.0        7.0       -7.0      -10.0       -8.0        7.0       -5.0        1.0        0.0        0.0       -8.0        3.0        0.0        5.0       -8.0        5.0       -1.0        9.0        9.0       -5.0        7.0       -2.0       -1.0       -8.0       -1.0       -9.0        0.0 =     -518.0
      -9.0        5.0        7.0        2.0        3.0        6.0       -9.0       -6.0       -6.0        0.0        2.0        8.0      -10.0      -10.0        9.0       -7.0        9.0     -233.0       -7.0       -2.0       -2.0       -9.0        0.0        6.0       -7.0       -4.0       -6.0       10.0       -2.0        0.0       -3.0        2.0       -3.0        3.0       -9.0        1.0       10.0       -4.0       -4.0       -7.0       -1.0       -9.0       -1.0        3.0       -3.0        0.0 =     -861.0
       2.0        9.0        3.0        9.0       -9.0       -8.0       10.0       -9.0       -5.0        4.0       -9.0       -2.0        0.0       -1.0       -6.0        6.0        7.0       -6.0     -267.0      -10.0        1.0       -2.0        2.0        8.0       -4.0        4.0       -5.0        4.0       -2.0       10.0        7.0       -4.0       -9.0        9.0        7.0       -8.0       -8.0        3.0       -8.0       -2.0        3.0        8.0      -10.0       -1.0       -8.0       10.0 =        0.0
       7.0       -2.0        6.0       -1.0       -6.0       -9.0       -3.0        5.0       -1.0        4.0        2.0       -5.0        5.0        2.0        7.0       -2.0        0.0       -1.0       -3.0      241.0       -9.0       -6.0       -6.0        9.0       -6.0       -9.0       -7.0       -9.0       -3.0        6.0        0.0        8.0        6.0       -2.0       -8.0        5.0        8.0        2.0        8.0        8.0       -3.0        8.0       -9.0        5.0       -6.0        6.0 =     -484.0
       3.0        7.0        1.0       -6.0       -9.0       -2.0       -5.0        3.0       -2.0       -1.0        1.0       -3.0        2.0        4.0        2.0        9.0      -10.0        0.0        3.0       -1.0      203.0        0.0        1.0       -9.0       -6.0        2.0        6.0        2.0        1.0       -7.0        8.0        3.0       -8.0        9.0       -9.0       -9.0       -8.0       -4.0        8.0       -8.0        4.0       -2.0        0.0        5.0       -5.0        3.0 =     1232.0
      -8.0       -1.0       -4.0        3.0       -7.0       -8.0       -9.0       -7.0        5.0       -7.0        3.0        7.0       -7.0        0.0       -9.0       -3.0       -3.0       -5.0        3.0       -4.0        0.0     -218.0        0.0       -4.0       -2.0        0.0        7.0        7.0      -10.0       -9.0        0.0       -5.0        2.0        9.0        0.0        3.0       -8.0       -5.0        2.0       -1.0        2.0       -9.0        0.0        7.0       -5.0        9.0 =    -2601.0
      -3.0       -4.0       -8.0        0.0        7.0        4.0        4.0       -4.0        9.0       -1.0        6.0       -1.0       -5.0       -8.0      -10.0        8.0        3.0        0.0       -8.0        6.0       -3.0        0.0      215.0       -1.0        7.0       -1.0       -2.0       -7.0       -3.0       -7.0        4.0        9.0       -7.0        1.0       -4.0       -5.0       -2.0       -4.0       -4.0       -2.0        6.0        6.0       -8.0       -9.0       -2.0        4.0 =      176.0
      -2.0       -9.0       -1.0        5.0        0.0        1.0       -6.0       -5.0       -6.0        8.0       -6.0       -4.0        1.0       -3.0        4.0        8.0        8.0        5.0       -9.0        4.0        7.0       -1.0       -7.0     -207.0        5.0       -3.0        2.0       -2.0        3.0       -5.0        1.0        7.0        8.0        4.0        2.0        0.0       -1.0       -8.0        5.0        6.0       10.0       -5.0       -1.0        0.0       -6.0       10.0 =     -549.0
       0.0       -3.0        3.0       -6.0       -8.0        6.0       -3.0        0.0        7.0       -1.0       -3.0        9.0       -4.0       -1.0       -8.0        4.0        3.0        7.0        0.0       -5.0       -5.0        7.0       -6.0        7.0      231.0       -3.0        8.0        2.0        8.0       -8.0        3.0       -1.0      -10.0       10.0        5.0       -6.0        5.0       -6.0       -1.0        7.0      -10.0       -4.0        0.0        7.0       -8.0       -8.0 =    -1105.0
       9.0        3.0        5.0       -3.0       -3.0        3.0        5.0        0.0       -3.0       -7.0       10.0       -7.0       -5.0       -6.0        3.0        8.0       -3.0       -6.0       -4.0        0.0       -8.0        9.0       -9.0        6.0       -5.0     -242.0        3.0        8.0       -5.0        7.0        7.0       -4.0        5.0       -3.0        7.0       -3.0       -8.0        1.0        7.0        8.0       -5.0        9.0        2.0        7.0        1.0        3.0 =      812.0
       9.0        7.0       -2.0       -4.0        1.0       -8.0       -4.0       -2.0       -1.0        1.0        8.0        6.0        3.0       10.0       -3.0       10.0        0.0        2.0        3.0        4.0        7.0        9.0       -6.0        9.0       -6.0       -5.0      217.0       -5.0        2.0       -8.0        4.0       -2.0       -5.0        1.0       -2.0       -7.0        7.0        3.0        7.0        2.0       -7.0       -9.0       -3.0       -4.0       -1.0        5.0 =     -972.0
       6.0        3.0       -6.0        2.0       -2.0       -5.0       10.0       -2.0       -1.0      -10.0        8.0        8.0       -6.0        9.0        3.0        4.0        5.0       -7.0        8.0        5.0        7.0       -1.0       -5.0        6.0        8.0        7.0       -8.0     -245.0        2.0       -5.0        1.0        6.0       -1.0       -9.0       10.0       -5.0        4.0       -1.0        7.0       10.0        9.0       -9.0        2.0        5.0        0.0       -2.0 =     -350.0
       2.0       -1.0       -1.0        4.0       -2.0        7.0       -6.0       -8.0        5.0       10.0       -3.0        8.0       -6.0        9.0        9.0        6.0      -10.0        6.0       -3.0        5.0      -10.0        0.0        3.0       -8.0       10.0        6.0        5.0        7.0     -249.0        6.0        1.0        6.0        8.0       -9.0        6.0        9.0        4.0        3.0       -1.0        5.0        8.0       -6.0       -8.0       -4.0       -1.0       -3.0 =    -1448.0
      -6.0       -8.0       -4.0        3.0       -8.0       -6.0        1.0       10.0        0.0       -6.0       -8.0        9.0        6.0       -6.0        6.0        5.0        0.0       -4.0       10.0        6.0        6.0        2.0        6.0       10.0       -6.0        7.0        4.0       -3.0       -7.0     -244.0       -6.0       10.0       -2.0       -5.0       -8.0        1.0       -2.0        3.0       -2.0        0.0       -7.0        8.0       -8.0       -7.0        6.0       -6.0 =    -2000.0
      -1.0       -2.0       -9.0       -5.0        1.0        5.0        7.0       -9.0        4.0        8.0        9.0        8.0       -9.0        9.0        2.0        5.0      -10.0        8.0       -5.0       -1.0        0.0       -2.0        2.0      -10.0        9.0       -1.0       -8.0        7.0        8.0       -8.0     -267.0       -5.0        5.0        8.0       -7.0       10.0        4.0       -2.0        8.0        9.0       -3.0        5.0       -8.0        7.0       -5.0       -7.0 =     -708.0
       3.0       -7.0        4.0        9.0        3.0       -1.0        1.0        6.0       -8.0      -10.0        1.0        0.0        5.0        5.0       -7.0        8.0        1.0        8.0       -5.0       -3.0       -6.0       -6.0        3.0       -2.0        9.0        6.0       -1.0      -10.0       -2.0       -4.0        8.0      216.0        1.0        0.0        0.0       -6.0       -2.0        1.0        6.0        2.0        0.0       -5.0       -6.0        9.0       10.0       -7.0 =     -681.0
      -7.0        9.0        5.0        7.0       -1.0       -2.0        8.0        6.0       10.0       -7.0       -4.0       -4.0       -3.0       -8.0        5.0        7.0       -6.0       -6.0       -1.0       -2.0        1.0        2.0        2.0        6.0       -3.0       -4.0       -4.0       -2.0        1.0       -3.0        7.0       -1.0      220.0       -1.0       -7.0        9.0        3.0       -9.0       -4.0        6.0        4.0        4.0       -9.0      -10.0       -1.0       -4.0 =     1672.0
       0.0        6.0       -6.0       -8.0        6.0       -6.0      -10.0        0.0        9.0        2.0       -2.0        9.0       -4.0       -2.0        7.0       -7.0        1.0       -6.0        4.0       -4.0        0.0       -5.0        0.0       -1.0       -6.0        8.0        8.0       -7.0        7.0       -7.0        0.0        9.0       -5.0     -227.0        5.0       -2.0       -9.0        7.0        9.0        4.0        0.0        4.0        3.0       -8.0       -2.0        3.0 =    -1338.0
       2.0       -6.0        5.0       -8.0       -6.0       -2.0        2.0        5.0       -9.0        0.0      -10.0        1.0        5.0        5.0        4.0        7.0        4.0       -1.0       -7.0        7.0        5.0       -3.0        3.0       -8.0       -9.0       -2.0        7.0       -9.0       -9.0        8.0       -9.0        5.0        0.0        6.0     -236.0        0.0       -7.0       -5.0        3.0       -9.0       -7.0       -5.0        0.0       10.0        1.0        6.0 =     -798.0
       1.0       -7.0        5.0        9.0       -7.0       -4.0       -6.0       -1.0        8.0       -1.0        8.0        2.0       -7.0       -7.0       10.0       -8.0        2.0       -3.0        5.0        5.0        3.0        7.0       -9.0       -5.0        9.0       -6.0        5.0        3.0        9.0       -9.0        3.0        3.0       -6.0       -2.0       10.0     -250.0       -9.0        6.0        9.0        6.0        8.0        3.0        3.0        1.0        4.0        3.0 =     1182.0
       8.0       -5.0       -1.0        1.0        4.0        9.0        8.0       -6.0        0.0        5.0        4.0       -9.0        3.0       -3.0        2.0       -1.0        0.0       -2.0       -4.0       -5.0        2.0        2.0       -7.0        3.0        9.0        4.0        2.0       -9.0        6.0        5.0       -6.0       -9.0        1.0        5.0        1.0        4.0     -212.0        2.0       -7.0        0.0       -3.0        8.0       -9.0       -3.0       -9.0       -9.0 =        0.0
      -4.0       -2.0       -7.0        3.0       -7.0       -2.0        3.0       -5.0        5.0       -6.0       -6.0       -5.0       -1.0       -1.0        0.0       -3.0        1.0       -5.0       10.0       -1.0      -10.0        5.0       -5.0        8.0        9.0        4.0       -4.0        5.0        5.0       -5.0        0.0        7.0       -6.0       -9.0        2.0        2.0       -9.0      239.0       -9.0        3.0        7.0      -10.0        5.0       -9.0      -10.0        4.0 =    -1302.0
      10.0       -8.0        9.0        3.0        9.0       -4.0       -2.0        0.0        1.0        6.0       -7.0        4.0       -2.0        5.0       -1.0        0.0       -4.0       -4.0       -4.0        3.0        0.0       -9.0        4.0        1.0        2.0       -7.0        1.0        6.0        6.0      -10.0        7.0        1.0        9.0       -8.0      -10.0        9.0       -1.0       -7.0     -225.0        4.0       -5.0       -4.0       -5.0        9.0       -6.0        1.0 =     1338.0
      -8.0        3.0       -1.0        0.0       -9.0        2.0        8.0       10.0       -7.0        9.0       -7.0       -3.0        6.0        0.0        8.0       -6.0       10.0       -1.0       -5.0       -1.0       -3.0        5.0        1.0       10.0       -6.0       -5.0        5.0       -6.0        1.0       -7.0       -8.0        2.0        4.0        7.0        5.0        8.0       -9.0        5.0       10.0     -234.0       -7.0        1.0        6.0        1.0        2.0        6.0 =      198.0
      -5.0       -5.0       -8.0        9.0        8.0       -7.0        1.0        5.0        0.0        0.0       -9.0        4.0        0.0        8.0       -2.0        4.0       -7.0       -3.0       -9.0       -2.0      -10.0        4.0        2.0        9.0       -8.0       -3.0        1.0        7.0        0.0       -8.0       -1.0       -3.0        0.0        3.0        7.0       -5.0       -7.0       -6.0        9.0       -5.0     -227.0        4.0        5.0        6.0        6.0        3.0 =     1880.0
       5.0       -5.0        7.0        7.0       -4.0        1.0        8.0        8.0        5.0        1.0        8.0        5.0        4.0        7.0        7.0       10.0       -4.0        1.0        4.0       -8.0      -10.0        4.0        0.0       -9.0        9.0        2.0       -6.0        6.0        7.0        0.0       -8.0       -6.0        1.0       -2.0       -5.0        3.0        7.0       -8.0        6.0       -3.0       -1.0      228.0        0.0       -3.0        0.0       -5.0 =    -1918.0
      -1.0        7.0        9.0       -3.0       -4.0      -10.0       -9.0      -10.0        2.0       -4.0        1.0        5.0       -1.0        0.0       -4.0       -7.0        2.0        5.0        8.0       -7.0        9.0        8.0       -7.0       -5.0       -5.0        4.0       10.0        8.0        2.0        0.0        3.0        4.0      -10.0        9.0       -6.0        7.0       -3.0       -9.0       -9.0       -7.0        2.0        5.0      248.0       -7.0        6.0        0.0 =     2360.0
       7.0       -8.0       -3.0       -5.0       -8.0        6.0        8.0        2.0        4.0        7.0       -8.0       -8.0       -5.0       -6.0       -3.0       -1.0        5.0       -6.0       -9.0       10.0       -7.0       -9.0      -10.0       -9.0        7.0        4.0       -8.0        1.0        8.0       -1.0       -6.0       -2.0       -1.0        0.0      -10.0        3.0       -8.0        5.0        4.0       -3.0        1.0       -1.0        6.0     -239.0        3.0        0.0 =      879.0
       0.0       -9.0       -9.0       -8.0        8.0        2.0       10.0        7.0      -10.0        2.0       -6.0        0.0       -8.0       -3.0        2.0       -1.0        0.0       -3.0        2.0        9.0       -1.0       -5.0        1.0       -5.0       -1.0        2.0       -6.0       -6.0       -4.0        2.0       -9.0       -8.0       -2.0       -1.0        9.0        6.0        2.0       -8.0       -7.0        5.0        9.0       -1.0       -3.0       -1.0      211.0       -5.0 =     -636.0
      10.0       -5.0       -8.0        5.0        6.0        8.0       -6.0       -6.0        4.0        2.0       -7.0      -10.0        7.0        1.0       -5.0       -7.0        5.0       -6.0        6.0       -9.0       -3.0       -2.0        7.0       -1.0        0.0       -9.0       -8.0       -9.0        2.0       -2.0        5.0       -2.0       -1.0       -7.0       -1.0       -6.0        8.0        8.0       -9.0        5.0        9.0        6.0       -6.0        6.0      -10.0      259.0 =    -1120.0

      -8.0        9.0        6.0        1.0       -8.0       -3.0       -9.0        7.0        5.0        1.0       -2.0        1.0        2.0       -8.0        9.0        9.0        2.0        3.0        0.0       -2.0        7.0        9.0        1.0        3.0       -5.0       -4.0       -4.0        2.0        8.0        8.0        3.0       -3.0        8.0        6.0        3.0       -6.0        0.0       -7.0       -6.0       -1.0       -8.0       -7.0       10.0       -3.0       -4.0       -5.0
