46
    -203.0        4.0        7.0       -8.0       -4.0        1.0       -2.0        3.0       -7.0        1.0       -4.0       -2.0        9.0        2.0       -6.0       -1.0       -5.0       -3.0        9.0        0.0        2.0       -8.0        0.0        5.0       -2.0        3.0        5.0        7.0       -5.0       -7.0        5.0       -1.0        2.0        9.0        4.0        3.0       -7.0       -6.0        7.0       -4.0       -5.0        2.0       -2.0       -8.0       -5.0       -2.0 =    -1085.0
      -3.0      216.0       -5.0        0.0       -3.0       -7.0        5.0        4.0       -7.0        2.0       10.0        1.0       -4.0        3.0       -3.0       -5.0       -6.0       -2.0        9.0       -9.0       -8.0        2.0        8.0        5.0        4.0        5.0        5.0       -8.0        3.0       10.0        3.0        7.0       -3.0       -4.0        4.0       -3.0       -3.0       -3.0        0.0       -7.0        5.0       -7.0       -4.0        7.0        6.0       -1.0 =      657.0
      -2.0       -7.0      244.0        4.0        8.0        7.0        1.0        9.0        7.0      -10.0        3.0       -6.0       -4.0        8.0        1.0       -2.0       -5.0        7.0       -7.0        0.0        5.0        2.0        9.0       -7.0        8.0       -2.0        8.0       -9.0        8.0        7.0        3.0       -3.0        2.0       -1.0        4.0        4.0        7.0       -8.0       -5.0       -1.0        1.0        4.0        4.0        5.0       10.0      -10.0 =    -2408.0
      -6.0       -1.0       -4.0     -227.0       -4.0        3.0        7.0        2.0       -9.0        1.0        8.0       -1.0       -8.0        4.0      -10.0        6.0        1.0        6.0        9.0        9.0       -3.0        7.0       -2.0        4.0        8.0        4.0        4.0        4.0       -2.0       -2.0        9.0       -1.0       -7.0        8.0        5.0       -1.0       -5.0       10.0        5.0       -6.0       -8.0       -4.0        4.0       -7.0        0.0        0.0 =      190.0
       2.0       -9.0       -6.0        5.0     -244.0        5.0       -8.0       -3.0       -1.0        6.0       -4.0        9.0       -7.0       10.0        2.0      -10.0       -3.0        9.0        4.0        3.0       -7.0        2.0       -6.0        0.0        9.0        7.0        5.0       -2.0      -10.0      -10.0        8.0        4.0       -7.0       -6.0       -1.0       -8.0        0.0        4.0        5.0        8.0       -8.0        3.0        1.0        9.0       -6.0       -1.0 =    -1482.0
      -6.0        9.0       -1.0        7.0      -10.0      238.0        1.0        7.0      -10.0       -5.0       -1.0        5.0        3.0       -3.0        9.0        9.0        1.0        9.0        9.0       -4.0        5.0       -4.0        8.0       -5.0        9.0       10.0       -6.0       -4.0       -7.0       -1.0       -7.0       -3.0        7.0       -2.0        4.0        1.0        7.0        0.0        1.0       -9.0       -4.0        0.0        7.0        8.0        0.0       -3.0 =      558.0
      -6.0        1.0       -9.0       -8.0        6.0       -4.0      214.0        7.0       10.0        1.0        3.0       -7.0       -4.0       -9.0       -6.0        0.0        2.0        3.0       -4.0        1.0       -1.0        1.0        3.0        2.0        9.0       -6.0       -7.0        6.0       -1.0       -4.0       -1.0       -1.0        3.0        2.0      -10.0        7.0       -7.0        5.0        3.0        6.0       -7.0        9.0        8.0       -3.0       -1.0        4.0 =     2100.0
      -9.0       -6.0        3.0       -9.0        6.0        1.0       -6.0     -249.0       -2.0       -1.0        6.0        8.0       -5.0        5.0        5.0        8.0        9.0       10.0       -4.0       -4.0       -6.0        7.0       10.0       -5.0       -8.0        4.0        6.0      -10.0       -1.0        0.0        5.0       -1.0        4.0        4.0       -9.0       -9.0        0.0        1.0       -8.0       -3.0        1.0       -5.0        9.0       -1.0        9.0       -7.0 =     -988.0
      -5.0       10.0        0.0        8.0        5.0       -3.0       -5.0       -5.0     -226.0        5.0       -2.0       -7.0        8.0        1.0        1.0        7.0       -2.0        1.0       -3.0        7.0       -4.0       -1.0       -2.0        2.0       -4.0        6.0        7.0        9.0       -4.0        5.0        5.0        1.0        6.0       -9.0        9.0       -5.0        7.0       10.0        1.0       -9.0        0.0        2.0        7.0        5.0      -10.0        5.0 =     1660.0
       7.0        1.0        7.0       -1.0      -10.0        0.0       -8.0        8.0        2.0      256.0        8.0       -5.0        0.0        9.0        6.0       -2.0       -9.0        6.0        9.0        5.0        2.0       -3.0       -6.0        6.0       -4.0       -5.0        5.0        6.0        8.0        6.0       -9.0       -1.0       -8.0        2.0        8.0        6.0       -7.0       -2.0       10.0        2.0        9.0       -4.0        8.0        6.0        7.0       -5.0 =     3260.0
       7.0        4.0       -1.0       -7.0       -8.0       -3.0        0.0        5.0       -1.0        5.0      247.0        9.0       -9.0       -5.0       -1.0        3.0        5.0       -1.0       -7.0        6.0       -6.0        8.0       -4.0       -9.0        9.0        9.0        0.0        5.0       -3.0       -9.0       -1.0        6.0        4.0       -6.0        6.0       -7.0        7.0       -4.0       -9.0        3.0       -8.0       -7.0        8.0        4.0        9.0        8.0 =    -2349.0
       0.0        9.0        0.0       -7.0        9.0       -3.0       -7.0       -7.0       -3.0       -2.0       -1.0     -241.0       -4.0        0.0       -5.0       -8.0       -7.0        6.0      -10.0       -5.0        2.0       -5.0       -7.0        8.0        7.0        2.0       -4.0      -10.0        1.0        5.0        3.0       -8.0       -5.0       -3.0       -2.0       -6.0        9.0        8.0       -6.0       -5.0        8.0        0.0        6.0        7.0       -3.0       -9.0 =      293.0
      -2.0        7.0       -8.0       -3.0        8.0       -1.0        1.0        6.0       -9.0        5.0        6.0        2.0     -240.0        6.0       -4.0       -5.0        1.0       -6.0        9.0       -2.0        0.0        6.0       -9.0        8.0       -9.0        3.0        3.0        8.0        1.0        8.0        4.0       -2.0       -8.0       10.0       -5.0       10.0      -10.0       -1.0       -3.0        8.0        2.0       -7.0        5.0        6.0        5.0       -4.0 =     -800.0
       1.0        3.0       -7.0        2.0       -9.0       -8.0       -2.0       -2.0        3.0        2.0      -10.0       10.0        4.0      228.0        5.0        6.0       -5.0       -4.0      -10.0       -4.0        7.0        2.0        9.0        9.0        9.0        0.0       -7.0        2.0       -4.0       -6.0        6.0        5.0        5.0        2.0       -6.0       -1.0        5.0        9.0       -2.0        2.0       -6.0       10.0        2.0       -1.0        7.0       -3.0 =      774.0
       9.0        9.0        7.0        6.0       -6.0        6.0        6.0        7.0        5.0        7.0       -5.0        3.0       -2.0       -2.0      239.0        2.0       -1.0        3.0       -9.0        6.0        3.0       -1.0        5.0       -8.0       -5.0        2.0       -5.0       -9.0       -2.0        6.0      -10.0        7.0       -1.0       -2.0        7.0       -9.0        2.0        6.0        9.0       -7.0        6.0        1.0        8.0       -6.0       -3.0       -2.0 =     1128.0
       0.0       -3.0       -7.0       -8.0        4.0       -6.0       -7.0       -5.0       10.0        3.0       -3.0       -3.0       -8.0        5.0        7.0     -241.0       -1.0       -4.0       10.0        4.0       -4.0        3.0       -9.0        3.0       -4.0        4.0       -7.0        4.0       -8.0       -9.0        5.0       10.0        4.0       -6.0       -6.0        1.0       -1.0       -8.0        9.0        8.0       -1.0       -8.0       -8.0       -2.0       -1.0        8.0 =        0.0
      -6.0       -6.0       -8.0       -7.0       -3.0        4.0       -5.0       -8.0       -9.0        1.0       -5.0       -7.0       -5.0       -2.0        9.0       -2.0     -274.0        5.0        2.0        7.0        5.0       -9.0       -8.0        4.0        9.0       -6.0        4.0       -8.0        1.0        7.0       -6.0       -8.0        1.0        8.0        8.0        8.0       -8.0        9.0        7.0       -2.0       -5.0        7.0        2.0        9.0        9.0        8.0 =     -819.0
      -3.0       10.0       -5.0        9.0        4.0        6.0        8.0        3.0       -1.0      -10.0        3.0        7.0        4.0       -4.0       -7.0       -1.0       -9.0     -224.0       -7.0        3.0       -1.0       -7.0       -8.0       -3.0        2.0        3.0        3.0        3.0       -1.0        8.0       -2.0       -8.0        3.0        2.0       -4.0       -1.0        3.0        3.0       -5.0       -6.0        6.0       -5.0        9.0       -8.0       -6.0        9.0 =     -450.0
      -3.0        5.0       -9.0       -7.0       -4.0       -5.0       -4.0       -6.0       -5.0        5.0        5.0        0.0       -4.0        9.0        4.0        9.0        2.0        3.0     -238.0       -4.0       -5.0        1.0       -9.0       -4.0       -4.0        2.0       -6.0       -3.0       10.0       -1.0       -4.0        7.0        6.0       -8.0       -7.0      -10.0        2.0        8.0      -10.0        9.0       -3.0       -9.0       -6.0        1.0       -4.0       -5.0 =     1196.0
      -4.0        9.0       -7.0        1.0       -7.0        4.0        5.0       -1.0       -3.0       -4.0        0.0       -3.0        1.0        9.0        5.0       -3.0       -6.0       -3.0       -7.0     -213.0       -2.0        5.0        9.0        2.0       -3.0      -10.0        4.0        2.0        2.0       -7.0        4.0        4.0        5.0        3.0        9.0        8.0       -4.0        9.0       -2.0        5.0       -3.0        2.0        3.0      -10.0       -6.0       -5.0 =    -1624.0
      -1.0       -8.0        3.0       -9.0       -5.0        9.0       -7.0       -3.0       -4.0       -1.0        2.0        8.0       -7.0       -9.0       10.0       -7.0        1.0       -8.0       -2.0       -6.0     -260.0        2.0        4.0       -7.0       -9.0        8.0        8.0       -8.0       -7.0        9.0        4.0       10.0        7.0        2.0       -2.0       -4.0        8.0        5.0        1.0       10.0        3.0       -1.0        9.0       -5.0       -3.0       -6.0 =    -1064.0
       6.0        8.0        9.0        1.0       -9.0       -7.0       -1.0       -4.0       -2.0        7.0       -5.0        2.0      -10.0        7.0       -5.0      -10.0        4.0       -5.0       -8.0        4.0        3.0      251.0       -4.0       10.0        3.0       -8.0        9.0        4.0       -8.0       -5.0       -7.0        5.0       -5.0        8.0        5.0       10.0        2.0       -7.0       -4.0        4.0       -1.0        4.0        7.0       -3.0        4.0       -1.0 =     1806.0
       6.0        1.0       -6.0        0.0        4.0       -2.0      -10.0        3.0        6.0       -1.0       -3.0        1.0       -2.0      -10.0        2.0       -7.0        8.0       -5.0        5.0       -6.0       10.0       -1.0     -231.0        6.0        1.0        5.0       -5.0        2.0       -8.0        5.0       -6.0        2.0      -10.0        2.0      -10.0      -10.0        5.0      -10.0        7.0        2.0        8.0       -4.0        6.0       -7.0       -4.0       -3.0 =     2376.0
      -1.0        5.0      -10.0       -4.0       -6.0       10.0       -2.0        0.0        3.0        1.0        6.0        3.0       -5.0       -1.0        4.0        6.0       -7.0        7.0        4.0        4.0       -1.0       -9.0       -5.0      227.0       -6.0       -3.0       -7.0        4.0        0.0       -3.0        5.0       -4.0        8.0        2.0        9.0        8.0       -5.0        5.0       -8.0       -7.0       -7.0        6.0        3.0       -4.0       -8.0        3.0 =    -1980.0
      -6.0       -8.0        2.0      -10.0       -9.0       -9.0       -5.0        5.0        9.0        2.0       -8.0       -4.0       -8.0       -6.0       -2.0       -5.0       -1.0       -4.0       -8.0        2.0       -7.0        0.0        3.0        0.0      202.0        7.0        4.0        2.0        3.0        9.0        3.0       -1.0       -1.0        4.0        2.0       -4.0       -2.0       -4.0        1.0       -4.0        1.0        2.0       -5.0       -8.0       -4.0       -4.0 =      252.0
      -1.0       -8.0       -3.0        6.0        5.0       -5.0       -4.0       -8.0       -9.0        4.0       -7.0       -1.0      -10.0        1.0        8.0       -7.0        2.0       -5.0        5.0        2.0        0.0       -4.0       10.0        7.0        1.0      229.0        9.0       -7.0       -8.0       -4.0       -9.0        0.0       -9.0        7.0       -1.0       -9.0        3.0       -2.0       -7.0        2.0       -7.0        1.0        2.0       -3.0       -3.0        7.0 =    -1190.0
       9.0       -7.0        1.0        0.0       -1.0        4.0        0.0        5.0        9.0        0.0        5.0       -1.0       -6.0        3.0        5.0        4.0       -6.0        6.0        8.0        3.0        2.0        1.0        0.0        5.0       -5.0      -10.0     -176.0        7.0        5.0        1.0       -9.0       -4.0        1.0        0.0       -2.0        1.0       -6.0        4.0        4.0        2.0       -9.0       -4.0       -2.0        2.0       -5.0        2.0 =     -924.0
      -2.0       -5.0        4.0       -5.0       -9.0       -6.0        7.0       -1.0        4.0        4.0       -9.0        4.0       -8.0        4.0       10.0        6.0        1.0        8.0        7.0       -9.0        7.0       -3.0        8.0        7.0       -7.0        6.0       -2.0      245.0       -6.0        0.0       -7.0        0.0        0.0       -7.0        6.0        9.0       -8.0       -3.0       -3.0        9.0       -9.0        5.0        5.0       -4.0        1.0        9.0 =      526.0
      -3.0        8.0        9.0       -7.0        2.0        0.0       -8.0        4.0        7.0        1.0        4.0        8.0       -3.0       -7.0        4.0       -5.0       -6.0        6.0       -9.0        5.0        4.0        2.0        0.0        7.0       -5.0       -7.0       -7.0       -8.0     -241.0       -5.0       -5.0        8.0       -7.0        8.0        5.0       -5.0        2.0       -8.0        4.0        2.0       -3.0       -2.0       10.0        4.0        1.0        6.0 =     1610.0
       1.0       -9.0       -2.0       -2.0       -3.0       -1.0       10.0       -6.0       -1.0       -6.0        8.0       -1.0       -7.0       -9.0       -3.0       -2.0       -5.0       -3.0       -6.0        6.0      -10.0        6.0       -1.0       -7.0       10.0       -1.0       -8.0        6.0       -4.0     -233.0        3.0       -8.0        9.0       -6.0        1.0       -2.0        7.0        9.0      -10.0       -5.0        1.0        9.0        6.0        6.0       -2.0       -4.0 =      538.0
       8.0        6.0        9.0        1.0       -2.0       -6.0        5.0       -7.0        0.0        4.0        7.0        5.0       -9.0       -6.0        4.0        7.0        1.0        6.0       -8.0       -7.0       -2.0        1.0        2.0        0.0        0.0       -2.0       -8.0       -2.0       -5.0        6.0      217.0       -4.0        0.0        5.0        2.0       -7.0        8.0       -8.0        9.0        9.0       -9.0       -7.0       -4.0        0.0        0.0       -8.0 =     1688.0
       4.0       -1.0        8.0        5.0       -8.0       10.0       -2.0        1.0       10.0        8.0        1.0       -6.0       -4.0        0.0        2.0       -7.0        2.0        3.0        1.0       -6.0        0.0       -6.0       -9.0       -5.0       -5.0        1.0       -2.0       -7.0        9.0        7.0       -7.0     -236.0        5.0        6.0        4.0       -9.0       -8.0        1.0        5.0        3.0       -6.0        1.0       -6.0        9.0        8.0        9.0 =     1953.0
       6.0        5.0        3.0        2.0        2.0       -4.0        0.0       -7.0       -1.0       -4.0        7.0        1.0        2.0       -4.0       -7.0       -5.0       -6.0        0.0        7.0       -9.0        8.0        9.0       -9.0       -4.0        2.0       -2.0        5.0       -5.0        4.0        4.0        5.0       -5.0      233.0       -9.0       -4.0       -7.0       -4.0      -10.0        2.0       -6.0       -7.0        7.0       -9.0       10.0        3.0        8.0 =      828.0
      -1.0        1.0        7.0        4.0       -9.0       10.0       -1.0        0.0       -8.0       10.0        0.0       -9.0       -5.0        3.0       -2.0       -3.0        4.0        9.0        3.0        4.0       10.0        9.0        6.0        3.0        7.0       -7.0       -4.0       -3.0        5.0        7.0        8.0        9.0        1.0      240.0      -10.0       -8.0        0.0        1.0        6.0        4.0        7.0       -2.0        6.0       10.0        8.0        4.0 =    -1002.0
      -7.0       -6.0        7.0        8.0      -10.0        0.0       -5.0        8.0        1.0       -9.0        8.0        7.0       10.0       -8.0       -9.0       -8.0        8.0        4.0        2.0        3.0       10.0        5.0        5.0       -3.0        0.0       -5.0        4.0       -4.0        5.0      -10.0        5.0        9.0       -4.0       -2.0     -260.0        5.0       -8.0        0.0       -4.0       -3.0        1.0        6.0      -10.0       -6.0       -2.0       -9.0 =      542.0
       1.0        4.0        5.0       -3.0        8.0        1.0       -5.0       -8.0        1.0       -6.0       -4.0        2.0        5.0        0.0       -8.0        1.0        3.0       -2.0        0.0       -6.0       -1.0       -5.0        1.0       -1.0       -7.0       -2.0       -3.0        7.0       -1.0       -4.0       -5.0        9.0        2.0        5.0       -5.0      193.0        9.0       -6.0       -7.0        6.0       -7.0        2.0        8.0        2.0       -1.0        6.0 =        0.0
       9.0       -5.0        0.0        1.0       -8.0       -8.0       -8.0       -2.0       -8.0       -9.0       -5.0       -7.0        8.0       10.0       -7.0       -5.0        9.0        0.0        9.0        5.0       -1.0        0.0       -7.0      -10.0        1.0        2.0        4.0        0.0        5.0       -4.0       -8.0        0.0        0.0        0.0       -8.0       -1.0     -213.0       -3.0       -3.0        0.0       -9.0      -10.0       -3.0        2.0       -5.0       -1.0 =     -879.0
       2.0        2.0        1.0        0.0        9.0        8.0        6.0        8.0        8.0       -3.0       10.0       -4.0      -10.0        0.0       -5.0        4.0        9.0       -5.0        9.0        5.0       -6.0        2.0       -4.0       -2.0       -5.0        2.0        6.0       -4.0       -7.0       -3.0        7.0        2.0       -5.0       -8.0        0.0        7.0        3.0     -216.0       -1.0        1.0        1.0        6.0       -4.0       -6.0        1.0       -8.0 =      187.0
      -5.0       -5.0        3.0        4.0        9.0        8.0        0.0       -9.0       -7.0        6.0        9.0       -1.0       -8.0        7.0       -8.0        2.0       -5.0        2.0        6.0       -8.0       10.0        9.0        0.0        7.0        9.0        0.0        9.0        6.0       -9.0       -9.0       -4.0       -5.0       -3.0        2.0       -9.0        1.0       -8.0        8.0     -258.0        7.0        3.0        3.0       -1.0       -4.0        5.0       -6.0 =    -2133.0
       5.0        1.0       -2.0        3.0       -6.0       -7.0       -5.0        8.0        1.0       -1.0       -8.0       -9.0       -5.0      -10.0       -1.0       -6.0        0.0        5.0        3.0        2.0       -3.0        0.0        4.0        0.0        3.0       10.0       -8.0       -7.0        4.0        5.0        7.0        5.0        2.0        7.0        7.0       -7.0        8.0        2.0       -3.0      219.0       10.0       -5.0       -3.0        4.0       -6.0        2.0 =     1350.0
      -6.0      -10.0       -8.0       -6.0       -3.0       -8.0        3.0        2.0       -8.0       -8.0        5.0      -10.0        3.0        7.0       -6.0       -9.0        0.0        5.0       -4.0       -9.0       -6.0        0.0        6.0       -9.0        2.0        5.0       -5.0       -2.0        2.0       -7.0       -2.0       10.0       -2.0       -1.0       -1.0        0.0       10.0       -4.0        1.0        1.0     -223.0        6.0       -2.0        1.0        6.0        8.0 =     1932.0
      -2.0        4.0        1.0       -7.0       -1.0       -4.0        4.0       -6.0       -9.0        7.0        7.0        6.0       -7.0       -6.0        2.0       10.0       -1.0       -7.0        2.0       -9.0       -1.0       -5.0       -1.0        0.0        8.0       -3.0        5.0        7.0       -5.0        0.0        9.0       -2.0       -6.0       -1.0        3.0       -5.0        5.0       -8.0       -1.0       -5.0        3.0      212.0       -8.0       -6.0       -8.0       -1.0 =     -340.0
      -2.0       -7.0       -1.0        7.0        2.0       -7.0        1.0       -8.0       -8.0       -6.0       -8.0       -1.0        0.0       -2.0        2.0        5.0       -6.0        2.0        8.0       -3.0        7.0       -2.0       -4.0        3.0        1.0      -10.0       -5.0       -4.0        7.0       -5.0        5.0       -9.0       -1.0       -7.0       -1.0        3.0       -6.0        6.0        1.0        1.0       -1.0       -4.0      201.0       -6.0       -9.0        4.0 =     1064.0
      -5.0        1.0       -9.0        0.0        0.0        5.0       -8.0        5.0       -6.0        7.0        9.0        1.0        1.0       -1.0        1.0       -9.0       -5.0        4.0        1.0       -8.0       -3.0        9.0       -6.0        1.0        6.0       -6.0        9.0        9.0      -10.0        3.0       -2.0       -7.0        6.0        9.0       -3.0        4.0       -6.0       -3.0       -4.0        0.0        9.0       -5.0        6.0      228.0       -6.0       -6.0 =     1080.0
       0.0        5.0        8.0        5.0       -7.0       -2.0       -3.0        0.0       -8.0        0.0       -6.0       -3.0       -5.0        2.0        2.0        4.0        8.0       -6.0        1.0       -2.0       -1.0       -8.0       -3.0       -2.0        0.0        7.0       -1.0        9.0        4.0       -5.0        5.0        4.0        8.0       -3.0       -5.0       -2.0        4.0       -1.0        8.0       -9.0       -5.0       -1.0       -2.0       -4.0      187.0       -4.0 =    -1557.0
      -8.0       -7.0       -6.0       -5.0        2.0        3.0       -5.0       -2.0        3.0        9.0       10.0        2.0        5.0        5.0       -7.0       -8.0        9.0        7.0        4.0       -3.0       -5.0      -10.0       -2.0       -3.0        0.0        8.0       -8.0       -6.0        7.0       -8.0       -1.0        3.0       -9.0        4.0        8.0       -7.0       -2.0        7.0       -9.0        0.0       -8.0        4.0      -10.0        6.0        9.0      256.0 =        0.0

       5.0        3.0       -8.0       -1.0        6.0        2.0       10.0        4.0      -10.0       10.0       -9.0       -1.0        4.0        3.0        4.0        0.0        3.0        2.0       -4.0        8.0        4.0        7.0       -9.0       -9.0        2.0       -7.0        6.0        2.0       -7.0       -2.0        8.0       -9.0        4.0       -3.0       -2.0        0.0        3.0       -1.0        9.0        6.0       -7.0       -2.0        8.0        5.0       -9.0        0.0
