48
    -248.0       10.0       10.0        3.0       -3.0       -4.0        1.0        3.0       -4.0        8.0       -5.0        8.0        5.0       -6.0        5.0       -6.0       -3.0       -1.0       -8.0       -8.0        6.0        1.0        3.0       -9.0        5.0       -9.0       -6.0        0.0       -6.0        7.0       -2.0       -6.0        9.0       -5.0        0.0       -5.0        3.0        0.0        6.0       -7.0        6.0       -6.0       -9.0       -9.0       -9.0       -1.0        7.0       -1.0 =     2240.0
       1.0      267.0       -8.0       -9.0        5.0       -5.0        8.0       -5.0       -6.0        1.0       -3.0       -1.0        6.0        6.0        6.0       -2.0        7.0        1.0       -8.0        8.0       -7.0       -7.0        9.0       -3.0       10.0       -2.0       -5.0       -4.0       -7.0        6.0        6.0        7.0       -4.0        3.0       -8.0       -4.0       -3.0       -9.0       -7.0        5.0      -10.0       -2.0       -7.0        9.0        0.0      -10.0        8.0        7.0 =    -1440.0
       0.0       -6.0     -228.0       -5.0       -5.0       10.0        8.0       -2.0        1.0        8.0       -2.0        0.0       -6.0       -5.0        6.0        5.0        5.0       -4.0       -2.0       -6.0       -2.0        9.0        3.0        8.0       -2.0        7.0        2.0       -6.0       -8.0       -2.0       -8.0        5.0        5.0       -2.0       -8.0        2.0       -1.0        6.0       -9.0        1.0       -7.0       -9.0       -4.0        1.0       -9.0        3.0        7.0        3.0 =     1215.0
       5.0       -2.0        9.0     -265.0       -6.0       -4.0       -9.0       -5.0       -9.0        7.0        9.0       -5.0       -4.0        8.0        6.0       -7.0       -8.0       -1.0       -5.0       -6.0       -4.0       -3.0       10.0        0.0       -9.0       -6.0        7.0       -5.0       -8.0       -6.0       -6.0       -3.0        1.0        4.0        6.0        1.0       -8.0        2.0        6.0        9.0       -6.0        9.0       -6.0        7.0        5.0        4.0        4.0       -2.0 =      578.0
       4.0       -3.0       -3.0        7.0     -224.0        1.0       -3.0       -7.0       -6.0        5.0       -9.0       -7.0      -10.0        0.0        5.0        2.0       -3.0       -6.0        6.0        8.0        0.0        0.0        0.0       -3.0       -8.0      -10.0      -10.0        0.0        9.0        2.0        0.0        7.0       -5.0       -4.0       -2.0        7.0       -2.0        8.0       -5.0        3.0       -6.0        8.0        4.0        7.0        0.0       -4.0       -4.0        2.0 =     1245.0
      -3.0        6.0       -2.0        6.0       -6.0     -242.0        5.0       10.0       -5.0        4.0        2.0        7.0        3.0      -10.0       -8.0        2.0       -6.0        3.0       -7.0        1.0       -4.0        0.0       -7.0       -8.0        1.0       -7.0        3.0        6.0       -8.0       10.0       -2.0        0.0        0.0       -3.0        7.0       10.0        9.0       -2.0       -1.0       -8.0        9.0       -5.0       -9.0       -4.0       -1.0       10.0       -4.0       -3.0 =    -2510.0
       6.0       -4.0        5.0        1.0       -7.0      -10.0      215.0       -2.0        6.0       -2.0        8.0        6.0       -2.0        6.0       -8.0        3.0        3.0       -6.0       -6.0        2.0        4.0        0.0        0.0        0.0        6.0       -7.0       -7.0        4.0       -3.0       -1.0        4.0       -5.0        2.0        9.0       -1.0       -9.0       -5.0       -3.0        6.0        0.0        5.0       -7.0        1.0        1.0        6.0        1.0       -9.0       -8.0 =     -198.0
      -6.0        9.0       -2.0       -9.0       -5.0        8.0       10.0     -251.0        6.0       -2.0        3.0       -3.0       -2.0       -5.0       10.0        7.0        9.0       -1.0        3.0       -1.0        2.0       -8.0        8.0       -7.0        8.0       -2.0        9.0       -9.0       -4.0        1.0        1.0       -1.0      -10.0        6.0        6.0       -3.0       -9.0        9.0        4.0        0.0        3.0        3.0        7.0        5.0        1.0        7.0       -4.0        7.0 =    -1152.0
      -1.0       -9.0       -6.0       -4.0        3.0      -10.0        8.0       -6.0      243.0       -8.0        2.0       -5.0       -4.0       -2.0       -6.0        6.0       -3.0        5.0       -3.0       -3.0        9.0        5.0        3.0       -8.0       -6.0        5.0       -2.0       -4.0        3.0        5.0        2.0        9.0       -7.0       -8.0       -2.0        6.0       -8.0       -4.0        8.0       10.0       -9.0       -5.0       -5.0       -1.0        2.0        0.0       -9.0        3.0 =     -756.0
      -5.0        0.0        9.0       10.0        7.0       -7.0       -4.0        7.0       -1.0      236.0        8.0       -3.0        9.0        8.0       -1.0        6.0       -1.0        3.0        8.0       -5.0       -1.0       -3.0        9.0        4.0        5.0       -2.0        1.0        3.0        1.0       -6.0       -9.0        6.0       -7.0      -10.0        6.0       10.0       -1.0       -7.0        8.0       -3.0       -2.0        5.0       -2.0        2.0        7.0        2.0        3.0       -5.0 =     2384.0
       6.0       -7.0        6.0        0.0       -5.0       -4.0        5.0        2.0       -2.0       -2.0      271.0       -7.0       -2.0       -8.0        7.0       -5.0       -4.0        7.0        7.0       -7.0       -6.0        0.0       -4.0       -9.0        7.0       -8.0       -5.0        4.0       -6.0        7.0        1.0       -4.0       10.0       -8.0        7.0       -2.0        9.0       -2.0      -10.0        3.0        5.0        9.0      -10.0       -2.0       -9.0        8.0       -6.0        8.0 =    -2205.0
       5.0      -10.0        4.0       -3.0        0.0        9.0        4.0       -6.0        6.0        5.0        7.0     -229.0       -9.0        7.0        0.0       -3.0       -6.0        8.0        3.0       -9.0       -1.0       -7.0        3.0        5.0        0.0        4.0        2.0       -7.0        3.0       -3.0        4.0        3.0       -4.0       -5.0      -10.0        5.0        9.0        6.0        0.0       -9.0       -5.0       -2.0        8.0        0.0       -4.0        8.0        2.0        3.0 =    -1254.0
       2.0        6.0       -8.0       -4.0        0.0        2.0      -10.0       -9.0       -7.0       -5.0       -4.0        9.0      238.0        0.0        7.0       -4.0        6.0        4.0       -5.0        1.0        2.0       -9.0       -1.0       -3.0       -9.0        2.0        6.0       -1.0        9.0       -9.0        1.0       10.0        1.0        1.0       -9.0        9.0        3.0       -6.0        1.0        6.0        8.0       -4.0       -1.0      -10.0       -5.0       -1.0        9.0       -4.0 =      430.0
      -3.0       -3.0       -4.0        9.0        6.0        1.0       -5.0        0.0       -6.0       -8.0       -5.0       -9.0        0.0     -214.0       -4.0        8.0        2.0        0.0        9.0      -10.0        1.0        2.0        0.0       -2.0        0.0       -7.0       -8.0        7.0       -3.0        6.0       -4.0        0.0        1.0       -4.0        4.0       -6.0       -9.0        9.0       -1.0       -8.0        5.0       -4.0       -7.0       -9.0        8.0       -1.0       -3.0        1.0 =     -268.0
       0.0        7.0        9.0        5.0       -9.0        7.0       -4.0       -4.0       -5.0       10.0       -9.0        6.0        2.0       -6.0      242.0       -1.0        9.0       -5.0        7.0       -4.0        6.0        7.0       -1.0        2.0        5.0      -10.0        1.0        6.0        4.0        7.0        9.0       -3.0        3.0       -3.0       -6.0       -7.0        4.0        0.0       -2.0       -9.0        1.0       -5.0        2.0        9.0       -1.0       -1.0       -2.0       10.0 =    -2830.0
       8.0       -9.0       10.0        7.0       -4.0       -9.0        1.0        2.0       -2.0       -8.0        8.0       -9.0       -3.0       -3.0        6.0      239.0        5.0       -9.0        3.0        4.0       -1.0        8.0        0.0       -8.0        6.0       -1.0        0.0        8.0        7.0       -2.0        8.0        6.0       -1.0        8.0        8.0        0.0        2.0       -2.0        4.0        4.0       -9.0        2.0       -3.0        5.0        3.0       -9.0       -1.0        9.0 =      864.0
     -10.0        1.0        9.0       -7.0        7.0        0.0       -4.0       -9.0       -4.0        5.0       -2.0        9.0       -8.0        5.0       10.0       -7.0      247.0       -9.0        0.0       -5.0        4.0        8.0       -5.0       -9.0       -5.0       -2.0        2.0        0.0       -7.0       -6.0        3.0       -4.0        0.0        0.0        2.0       -8.0      -10.0       -6.0        2.0        8.0        8.0        8.0       -3.0        1.0       -9.0        6.0       -2.0       -3.0 =     -804.0
       5.0       -8.0        7.0        6.0       -7.0       -2.0       -8.0        8.0       -9.0        0.0        6.0       -8.0       -4.0        8.0       -5.0        2.0        8.0      254.0       -3.0       -8.0       -2.0      -10.0       -6.0       -8.0       -3.0       -5.0        8.0       -7.0        7.0        0.0       -2.0       -8.0       -1.0        7.0       -3.0       -1.0       10.0       -6.0        7.0       -3.0       -4.0       10.0        1.0        0.0        0.0        6.0       -7.0        9.0 =     1848.0
       1.0        1.0       -3.0        6.0        3.0        4.0        8.0      -10.0       -4.0        3.0        7.0       -9.0        6.0        1.0        2.0        3.0       -1.0       -7.0     -250.0        8.0        8.0       -8.0        6.0       -3.0        0.0       -6.0       -5.0        3.0       -6.0       -8.0       -9.0        6.0       -1.0        4.0       10.0        1.0        7.0        4.0       -7.0       -2.0       -3.0       -5.0        8.0        8.0        6.0       10.0        9.0        8.0 =     -588.0
       7.0        5.0        3.0        3.0        3.0        5.0        7.0       -5.0        7.0       -9.0       -1.0        3.0        3.0        1.0      -10.0        6.0        6.0       -8.0       -5.0      253.0       -8.0       -9.0        6.0        1.0        4.0       -2.0       -3.0        7.0       -8.0       -4.0        4.0        4.0       -9.0       -2.0        9.0       -6.0       -5.0       -4.0        3.0       -1.0        6.0        6.0       -7.0        6.0       -9.0        6.0       -7.0        5.0 =    -1285.0
       6.0        5.0        0.0       -6.0       -4.0       10.0        8.0        0.0       -4.0       -2.0       -2.0        7.0        0.0        0.0       -6.0        6.0       -8.0       -5.0       -7.0        8.0      216.0        3.0        0.0       -1.0       -5.0       -8.0       -1.0        0.0        2.0        0.0        2.0       -6.0       -5.0        9.0       -8.0       -5.0        6.0       -2.0        4.0       -9.0       -4.0       -6.0        8.0        5.0        0.0        4.0       -4.0       -9.0 =      768.0
      -5.0        0.0       -3.0        2.0        8.0       -6.0        4.0       -7.0        1.0        3.0        7.0       -3.0        1.0        4.0        6.0       -9.0       -4.0       -3.0       -3.0       -1.0       10.0     -242.0       -1.0       10.0       -8.0       -5.0       -9.0       10.0        5.0      -10.0        5.0        5.0       -2.0       -1.0       -7.0      -10.0        4.0       -4.0       -9.0       -6.0       -8.0       -4.0       -2.0        9.0        6.0       -1.0        2.0       -5.0 =     -276.0
     -10.0        1.0        4.0      -10.0        7.0        8.0        3.0        1.0        0.0       -2.0       -8.0       -6.0        7.0       -2.0        5.0        1.0        3.0        6.0        1.0        9.0        2.0       -3.0     -206.0       -1.0       -5.0       -5.0       -9.0        6.0       -2.0        3.0        5.0        1.0       -3.0       -7.0       -1.0       -2.0        0.0       -8.0       -1.0       -2.0       -5.0       -9.0       -3.0       -7.0        3.0        7.0       -6.0       -5.0 =      980.0
       7.0       -2.0        9.0        8.0        3.0       -2.0       -4.0        1.0       10.0        8.0        5.0        4.0       -2.0        8.0       -6.0        3.0        2.0        3.0       -3.0       -4.0      -10.0        8.0        8.0     -253.0        5.0       -7.0       -6.0        1.0        0.0        7.0       -4.0        6.0        5.0       -6.0       -2.0       -9.0        3.0       -3.0        6.0        2.0       -4.0        9.0       -6.0        9.0       -8.0        9.0        1.0        6.0 =      370.0
      -9.0        6.0        2.0        8.0       -4.0        5.0        5.0        5.0        3.0        1.0        1.0       -2.0        3.0        2.0       -9.0        3.0       -3.0        4.0       -4.0       -3.0        3.0        2.0      -10.0       -7.0     -242.0        8.0        4.0        4.0        9.0        4.0        5.0       -7.0        2.0        6.0       -9.0        2.0       -5.0        7.0        1.0       -7.0       -9.0        4.0        5.0       -7.0       -5.0       -4.0       -6.0        9.0 =      229.0
       0.0       -6.0        0.0       -1.0       -3.0       -5.0        6.0        1.0        4.0       -1.0        3.0       -2.0        2.0        6.0        1.0        4.0        2.0      -10.0        9.0       -4.0        0.0        3.0       10.0        9.0        4.0     -209.0        5.0       -7.0       -9.0       -1.0       -1.0        2.0       -9.0       -5.0        1.0       -8.0        4.0       -3.0       -4.0        9.0       -6.0       -5.0        3.0       -1.0       -9.0       -2.0       -9.0        4.0 =    -1824.0
       5.0        9.0        1.0        3.0        8.0       -2.0        7.0       -4.0        2.0        8.0       -9.0        9.0        0.0       -9.0        1.0       -4.0        2.0       -4.0        5.0        0.0        0.0       -1.0       -1.0       -6.0       -8.0       -9.0     -208.0       -1.0        7.0       -3.0        2.0       -3.0        6.0        0.0       -3.0        2.0        3.0       -7.0       10.0       -4.0       -1.0       -7.0        6.0        5.0        2.0       -5.0        3.0        8.0 =     -740.0
       1.0       -1.0        3.0       -4.0        1.0        1.0       -2.0        1.0       -2.0        8.0       -1.0       -8.0       -1.0        2.0       -1.0       -9.0        7.0       -4.0        5.0       -8.0        6.0       -1.0       -7.0        0.0      -10.0       -1.0       -3.0     -201.0       -5.0       -2.0       -3.0        4.0        7.0        2.0        0.0        9.0       -8.0      -10.0       -3.0       -4.0        4.0        8.0        4.0       -2.0        3.0       -7.0        2.0       -8.0 =    -2142.0
      -9.0        8.0        5.0        7.0       -1.0        0.0        0.0       -9.0        8.0        6.0        0.0        4.0        1.0       -1.0        6.0       10.0       -1.0        4.0       -5.0       -2.0        9.0        6.0        3.0       -9.0       -2.0        4.0       -3.0        6.0      218.0        5.0        1.0       -3.0        0.0       -9.0        2.0        8.0       -8.0       -6.0        0.0       -4.0       -5.0       -3.0        5.0        5.0       -6.0       -8.0        4.0       -3.0 =      238.0
       5.0       -8.0        8.0       -7.0       -8.0       -7.0       -7.0        9.0       10.0       -3.0        3.0       -6.0       -1.0        6.0       -8.0       -2.0       -6.0       -2.0        4.0        1.0        4.0        0.0        0.0       -3.0        3.0        2.0        2.0      -10.0        8.0      266.0       -1.0       -9.0        8.0       -8.0       -9.0       -5.0        8.0       10.0       -5.0       -8.0       -6.0       -6.0       -4.0       -5.0        6.0       -7.0       -5.0       -9.0 =    -1386.0
       8.0        3.0       -9.0        8.0       -3.0      -10.0       -2.0        7.0       -9.0       -8.0       -1.0        7.0       -6.0        2.0       -2.0        2.0        0.0       -2.0        5.0        1.0        6.0        0.0        8.0        2.0        3.0       -1.0       -2.0       -1.0       -6.0       -7.0      247.0        5.0       -8.0        7.0        6.0       10.0       -2.0        3.0        4.0       -6.0        9.0       -7.0       -6.0       -8.0        9.0        7.0       -6.0        8.0 =      265.0
       3.0        8.0       -1.0        5.0        2.0       -6.0       -5.0       -1.0       -8.0        7.0        8.0        7.0        9.0        2.0        6.0        0.0       -3.0        0.0        6.0       -3.0      -10.0       -7.0        2.0        6.0        3.0      -10.0        7.0        6.0        7.0        4.0        8.0      244.0       -6.0       -5.0       -5.0       -6.0       -1.0        9.0        7.0       10.0       -2.0        3.0       -4.0        6.0       -4.0       -1.0       -4.0       -4.0 =    -2023.0
      -4.0        1.0        1.0        2.0        4.0       -7.0        4.0        5.0       -2.0       -7.0       -7.0       -2.0       -2.0        3.0      -10.0       -9.0        0.0       10.0       -2.0       -2.0       -2.0        5.0       -4.0        3.0       10.0        6.0       -8.0        8.0        1.0        3.0        8.0       -4.0      222.0        8.0       -8.0       -3.0       -2.0        6.0       -9.0       -1.0        7.0        2.0        3.0        5.0        0.0       -4.0       -5.0        7.0 =    -1610.0
      -4.0        1.0        9.0        9.0        2.0       -9.0        0.0       -5.0       -9.0       -4.0        0.0        9.0        8.0        1.0        9.0       -5.0       -6.0       -8.0        7.0      -10.0       -8.0       -4.0       -5.0       -4.0        9.0        4.0        7.0       -3.0       -8.0       -3.0       -6.0       -3.0      -10.0      265.0       -5.0       -5.0       -5.0       -1.0        6.0        5.0       -3.0        9.0       -8.0       -2.0       -9.0        5.0       -8.0       -4.0 =     1005.0
       4.0       10.0       -8.0       -3.0       -8.0        1.0       -1.0       -5.0       -3.0        3.0        8.0       -7.0       -7.0       -1.0       -1.0        6.0      -10.0        8.0        0.0       -6.0        5.0       -3.0       -2.0       -5.0       -9.0        1.0        3.0       -9.0       -5.0        4.0        4.0        8.0        3.0       -8.0     -237.0        0.0       -4.0       -5.0       -5.0       -2.0        8.0        9.0        4.0        7.0       -9.0       -5.0        4.0       -4.0 =      544.0
       5.0       -2.0       -5.0        7.0       -4.0        7.0        7.0       -6.0       -4.0       -8.0      -10.0        5.0       -6.0       -8.0       -7.0       -2.0       -2.0       -7.0       -7.0       -9.0       -3.0       -2.0       -8.0        3.0       -5.0       -7.0        8.0       -5.0      -10.0        3.0        0.0       -9.0       -2.0       -1.0      -10.0      256.0       -6.0       -2.0       -2.0        8.0       -1.0       -1.0       -7.0        6.0       -3.0        8.0       -4.0       -8.0 =      560.0
       6.0        8.0       -5.0       -6.0        9.0       -1.0        4.0       -1.0        1.0        7.0       -1.0        1.0        9.0       -2.0       -2.0       -1.0       -4.0       -2.0        3.0        2.0       -1.0       -3.0        3.0        9.0       -9.0        3.0        7.0        7.0        8.0        3.0        3.0       -2.0       -5.0        1.0       -2.0        0.0      206.0       10.0        3.0        3.0       -4.0       -1.0       -6.0       -5.0       -7.0        8.0       -8.0        3.0 =    -1494.0
      -8.0        6.0        1.0       -8.0       -2.0       -9.0        8.0       -5.0        0.0       -3.0       -8.0       -4.0      -10.0        5.0        5.0        7.0        9.0        8.0        5.0       -3.0       -3.0       -4.0        1.0       -9.0       -8.0       -7.0        9.0       -4.0       10.0        7.0        7.0       -8.0       -6.0        1.0        8.0        6.0        6.0      260.0       -4.0       -6.0       -2.0       -2.0        1.0        5.0        6.0       -4.0        4.0       -7.0 =    -1255.0
       8.0       -4.0       -7.0       -1.0        2.0        3.0        0.0       -6.0        1.0       -6.0        4.0       -2.0        1.0       -4.0       -4.0       -7.0       -5.0        8.0        5.0       -4.0       -4.0        8.0        3.0        9.0        7.0        6.0      -10.0        8.0        5.0       -7.0        4.0        6.0       -2.0        3.0        2.0        4.0       -1.0        1.0     -226.0       -1.0       -8.0       -1.0        8.0        7.0        8.0        5.0        7.0       -1.0 =     -356.0
      -4.0        0.0        9.0       -5.0        0.0       -7.0        5.0       -8.0        6.0       -2.0       -4.0       -8.0       -7.0       -7.0       -5.0        0.0       -5.0       -4.0       -2.0        6.0        6.0        9.0        3.0        9.0       -1.0        5.0        7.0       -2.0       -9.0        5.0        5.0       -1.0        0.0        8.0       -7.0        2.0       -8.0        1.0        6.0      238.0       -4.0        6.0        6.0       -2.0       -6.0        6.0       -7.0       -7.0 =     2260.0
       4.0       -4.0       -5.0       -4.0        9.0       -8.0       -4.0        7.0       -8.0        3.0        1.0      -10.0       -4.0        4.0       -2.0       -5.0        7.0        5.0       -7.0      -10.0        0.0       -9.0        5.0        6.0        0.0        5.0       -7.0       -3.0        9.0        3.0        7.0       -6.0        8.0      -10.0        4.0        4.0       -7.0       -2.0        4.0       -8.0     -247.0       -5.0       -2.0       -1.0        9.0        3.0        1.0        6.0 =    -2376.0
      -7.0       -4.0        7.0       -8.0       -3.0        8.0        1.0        4.0       -1.0       -8.0        7.0       -4.0        8.0       -2.0       -5.0       -3.0        4.0        6.0       -1.0       -1.0        2.0        0.0        2.0       -9.0       -4.0        0.0        3.0        5.0        1.0       -7.0        4.0       -4.0        8.0        9.0       -1.0       -5.0        2.0        1.0        6.0        9.0        5.0      213.0       -4.0       -1.0       -8.0        6.0       -2.0        7.0 =     -236.0
      -6.0       -1.0        3.0       -2.0        3.0        6.0        8.0        6.0        8.0      -10.0        4.0       -5.0       -6.0       -1.0        7.0       -6.0       -6.0       -2.0       -8.0        6.0        0.0        5.0       -7.0       -7.0        2.0        3.0        8.0       -4.0        4.0        8.0       -4.0        3.0       -4.0        8.0        7.0       -2.0        8.0        3.0      -10.0        4.0       -1.0       10.0     -261.0       10.0       10.0        8.0        7.0        4.0 =    -1710.0
       0.0       -1.0        4.0       -1.0        4.0        0.0        7.0       -6.0       -3.0       -8.0        2.0       -3.0        7.0       -3.0       -8.0      -10.0        4.0        0.0       -2.0        0.0       -5.0       -2.0       -5.0        4.0       -6.0        8.0        8.0        9.0        0.0        6.0       -1.0       -4.0       -5.0        1.0        6.0       -2.0        8.0        0.0        7.0       -9.0        2.0        9.0       -3.0     -203.0        0.0       -4.0        5.0        1.0 =      768.0
      -5.0        7.0       -7.0        0.0        9.0        7.0        1.0        7.0       -2.0       -5.0       -7.0       -4.0        8.0        5.0       -5.0        5.0        0.0       -7.0        8.0        4.0        1.0       -9.0       -6.0        7.0        8.0       -4.0       -4.0        8.0       -9.0       -8.0       -3.0        4.0       -6.0        9.0       -1.0        9.0       -6.0       -6.0        9.0       -9.0        9.0        7.0        4.0        3.0     -263.0       -4.0        3.0        1.0 =     2133.0
      -6.0        1.0        4.0        1.0       -5.0        9.0      -10.0       -9.0        8.0        1.0        7.0       -8.0      -10.0        1.0        6.0       -8.0       -8.0       -9.0        1.0       -4.0       -4.0       -3.0        7.0        9.0        6.0        5.0        8.0      -10.0        7.0       -6.0        0.0       -6.0        8.0       -7.0       -3.0        8.0        0.0        4.0       -9.0        3.0        2.0       -1.0       -5.0       -8.0       -9.0     -269.0        6.0        2.0 =    -1515.0
       8.0       -7.0       10.0       -3.0        0.0        9.0       -3.0       -4.0        8.0       -9.0       -8.0        0.0       -9.0       -3.0       -2.0       -8.0       -5.0        5.0        4.0      -10.0       10.0        8.0        2.0        3.0        1.0       -4.0       -9.0        6.0        9.0       -2.0       -1.0       -5.0       -2.0        3.0        0.0        0.0       -8.0        6.0        9.0       -7.0       -7.0       -4.0      -10.0        4.0       10.0       -6.0      260.0       -5.0 =    -1638.0
      -8.0      -10.0        6.0       -3.0       -4.0        7.0        9.0        5.0       -7.0       -6.0        0.0       -1.0       -9.0       -7.0       -2.0       -7.0       -7.0        7.0        2.0       -6.0       -8.0       -1.0       -9.0        3.0       10.0       -1.0        3.0       -6.0        5.0       -9.0       -6.0       -8.0       -7.0       -5.0        0.0       -3.0        1.0       -4.0        3.0        1.0       -7.0       -7.0       -6.0        7.0        6.0        9.0        6.0     -254.0 =     1640.0

      -8.0       -6.0       -5.0       -2.0       -5.0       10.0       -1.0        6.0       -4.0        8.0       -9.0        6.0        2.0        1.0      -10.0        3.0       -4.0        8.0        3.0       -5.0        4.0        1.0       -4.0       -2.0       -1.0        8.0        4.0        9.0        1.0       -7.0        1.0       -7.0       -7.0        5.0       -2.0        4.0       -6.0       -5.0        2.0       10.0        9.0       -1.0        9.0       -4.0       -9.0        5.0       -7.0       -5.0
