48
    -245.0       -2.0       -8.0        3.0        1.0       -9.0        9.0       -9.0        2.0        4.0        7.0       -8.0       -6.0        3.0        3.0       -8.0       -2.0       -7.0       -4.0        5.0       -2.0        5.0       -4.0        3.0        3.0       -4.0       -8.0       -7.0        5.0       -5.0        9.0       -1.0       -1.0        6.0        8.0       -1.0       -3.0      -10.0        6.0        2.0        6.0        1.0       -5.0       -8.0        9.0        5.0        4.0        9.0 =    -2490.0
      -1.0      226.0       -4.0        1.0        2.0        3.0       -3.0       10.0        9.0        0.0        0.0       -1.0      -10.0       -4.0        9.0       -4.0        5.0        0.0        4.0        9.0        3.0        6.0        9.0       -7.0       -6.0        3.0        1.0        0.0        9.0        9.0       -8.0       -9.0       -5.0       -8.0       -1.0        0.0        3.0       -5.0        6.0        1.0        9.0        1.0        7.0       -7.0       -6.0        2.0       -8.0        3.0 =      253.0
       2.0        5.0      273.0        8.0        9.0       -6.0      -10.0        7.0        2.0        2.0        5.0        8.0        1.0        8.0        7.0        2.0        2.0        0.0        7.0       -9.0       -5.0       -6.0       -3.0        4.0        5.0        9.0        9.0        9.0       -4.0       -9.0        4.0       -7.0       -2.0        2.0       -1.0       10.0       -9.0       -7.0        1.0       -6.0       -3.0       10.0       -5.0        7.0      -10.0        7.0        9.0        9.0 =     2046.0
      -4.0       -5.0       -3.0      218.0       -6.0        5.0        9.0        2.0       -7.0       -5.0        7.0        9.0       -3.0        1.0       -8.0       -4.0        3.0      -10.0       -2.0       -1.0       -5.0       -3.0       -8.0       -8.0        5.0        2.0        9.0       -9.0        0.0       -2.0       -5.0        2.0       -5.0       -2.0       -8.0       -3.0       -1.0        7.0       -3.0        7.0        8.0        6.0        1.0       -4.0        1.0       -3.0       -2.0       -1.0 =      516.0
       0.0        5.0       -5.0       -8.0      217.0       -3.0        0.0       -5.0       -7.0        6.0        9.0       -5.0        7.0       -8.0       -4.0      -10.0       10.0        3.0       -5.0        2.0        7.0        3.0        1.0       -8.0       -5.0       -7.0        1.0        1.0       -3.0       -2.0        0.0        0.0       -9.0       -6.0        1.0       -5.0       -4.0        3.0        7.0        8.0       -1.0       -2.0       -3.0        0.0        0.0        8.0        9.0       -5.0 =     1692.0
      -3.0        5.0        0.0        2.0       -4.0     -211.0       10.0        6.0       -3.0       -2.0        3.0        8.0       -1.0       -2.0        0.0       -2.0       -2.0        5.0       -1.0       -8.0       -4.0        9.0       -5.0        4.0       -1.0        2.0        7.0        5.0        0.0       -9.0       -6.0       -1.0        6.0       -7.0       -5.0        2.0       -4.0       -7.0       -6.0        6.0       -9.0        2.0       -8.0        8.0       -8.0        1.0        6.0        4.0 =    -1744.0
       0.0      -10.0       -8.0       -8.0       -2.0       -9.0     -236.0       -2.0       -5.0       -3.0        5.0       -6.0        9.0       -5.0        1.0        1.0        2.0        4.0        4.0       -3.0       -4.0        5.0        5.0       -7.0       -3.0       -2.0        4.0       10.0        0.0        8.0        3.0        8.0        1.0       -8.0        9.0        1.0        9.0       -1.0        4.0       -6.0        1.0       -7.0       -6.0       -4.0       10.0        6.0        7.0       -2.0 =      690.0
       9.0       -4.0        1.0       -5.0        9.0        3.0       -7.0     -232.0       -3.0        1.0        4.0        7.0       -5.0       -9.0       -4.0        0.0        4.0       -8.0      -10.0       -3.0        1.0       -3.0        6.0        5.0       -3.0       -5.0       -2.0       -5.0        0.0       -6.0       -5.0       -8.0        6.0       -2.0       -9.0       -6.0        5.0       -7.0        1.0       -1.0       -4.0       -7.0        8.0       -5.0        5.0        2.0        8.0       -2.0 =     2565.0
      -4.0        5.0       -3.0       -4.0        9.0       -4.0        2.0        6.0     -232.0       -4.0       -2.0       -9.0       -3.0        2.0       -3.0       -1.0        6.0       -8.0        8.0       -4.0      -10.0       10.0        7.0        0.0        0.0        5.0       -7.0        7.0       -5.0        2.0        4.0        6.0        1.0        3.0       -5.0       -1.0       -8.0       -5.0        3.0        3.0        9.0       -6.0       -9.0       -8.0        4.0        4.0       -3.0        7.0 =     1645.0
      -5.0        1.0       -9.0       -5.0       -6.0       -1.0        9.0        3.0       10.0      213.0       -1.0        1.0       -1.0        8.0       -4.0        6.0       -1.0      -10.0        9.0        1.0        1.0       -6.0       -4.0       -2.0        7.0       -1.0      -10.0       -8.0       -2.0        3.0        1.0       -4.0        9.0       -6.0        0.0       -4.0       -8.0        9.0        2.0        3.0        4.0        6.0        6.0        8.0        0.0       -5.0        0.0        2.0 =     1095.0
      -3.0       -6.0       -3.0       -8.0        6.0       -1.0        9.0       -9.0        9.0       -8.0     -246.0        6.0       -5.0        4.0        5.0        0.0        6.0       -6.0        3.0       -5.0       -7.0        2.0       -7.0       -7.0       10.0       -5.0       -1.0        9.0        1.0       -7.0       -1.0        1.0        1.0        7.0        6.0        4.0        2.0       -7.0       -5.0        7.0        8.0       -9.0        9.0       -8.0       -2.0        3.0       -4.0       -4.0 =      512.0
       2.0        8.0       -6.0        9.0      -10.0        7.0        8.0       -8.0       -7.0       -3.0       -2.0     -262.0        4.0       -2.0        9.0       -9.0        9.0        1.0      -10.0        4.0       -1.0       -2.0        6.0       -8.0       -4.0       -9.0        9.0       -2.0        2.0        9.0        7.0        4.0       -5.0        0.0        6.0        1.0        5.0       -9.0       -2.0        1.0       -5.0        0.0       10.0        6.0        6.0       -5.0       10.0       -4.0 =      464.0
      -3.0        6.0        4.0        4.0        1.0        1.0        4.0       -7.0        4.0        4.0        0.0        0.0      222.0        9.0        4.0       -9.0       -7.0       -9.0       -2.0       -4.0       -9.0        6.0        3.0       -5.0       -4.0       -7.0       -9.0        1.0        4.0       -8.0        3.0        2.0        9.0        1.0       -4.0        9.0       -1.0        1.0       -5.0       -7.0        0.0       10.0       -2.0        9.0       -5.0        3.0        8.0        1.0 =     -678.0
       7.0        4.0        9.0       -9.0        6.0        7.0       -6.0        8.0        4.0        9.0        5.0        5.0      -10.0     -293.0       -8.0        6.0        1.0        4.0        9.0        7.0        5.0        6.0       -4.0       -9.0       -8.0        9.0       10.0       -2.0       -7.0        6.0       -8.0       -8.0        1.0       -6.0       -3.0        8.0       -4.0        9.0        5.0       -8.0       -9.0       -7.0       -2.0       -7.0       -7.0       -3.0        6.0       -2.0 =     1370.0
      -5.0        1.0       -7.0        7.0       -4.0       -7.0        8.0       -5.0        3.0        1.0       -8.0       -9.0       -6.0        6.0     -256.0       -3.0        9.0        7.0        0.0       -2.0        6.0      -10.0       -3.0        8.0      -10.0        1.0        8.0       -2.0        2.0        6.0       10.0        4.0       -8.0       -1.0      -10.0       -8.0        9.0       -8.0        7.0        7.0        0.0       -3.0       -1.0        5.0       -9.0        7.0        1.0        3.0 =      518.0
      -7.0        7.0       -6.0       -6.0       -4.0       -4.0       -4.0       -9.0        7.0       -5.0        8.0       -4.0        9.0       -1.0        2.0      247.0        0.0       -4.0        2.0       -7.0        0.0        9.0        2.0        9.0        2.0      -10.0        3.0       -2.0        3.0        1.0        9.0        9.0       -7.0        6.0       -5.0        6.0        2.0        1.0        9.0        4.0       -2.0       -1.0       -8.0       -3.0        9.0       -7.0       10.0       -3.0 =      267.0
       7.0        8.0        8.0        3.0        0.0        8.0       -2.0      -10.0       -7.0        0.0        6.0       -2.0        4.0       -9.0        6.0       -5.0      231.0       -5.0       -9.0       -3.0       -7.0       -2.0        9.0        5.0       -5.0        0.0        4.0       -1.0       -4.0       -5.0        8.0        6.0       -3.0       -9.0       10.0        3.0        9.0       -6.0        2.0        0.0        9.0        0.0        5.0       -2.0       -3.0        0.0       -3.0        6.0 =     2550.0
       6.0        1.0        6.0       -5.0        4.0       -9.0        6.0        3.0        6.0        1.0       -9.0       -6.0        8.0       -3.0        4.0       10.0       -7.0      256.0       -1.0       -8.0       -7.0       -9.0        3.0        0.0       -8.0       10.0       -1.0       -8.0       -2.0        0.0        1.0        7.0        3.0       -4.0        6.0       -9.0        3.0        1.0       -4.0      -10.0       -4.0        4.0        6.0        6.0      -10.0       -9.0        1.0       10.0 =     -478.0
       0.0        9.0       -2.0        3.0        9.0       -3.0       -2.0       -2.0       -4.0        7.0       -9.0        5.0        4.0        0.0        7.0       -1.0        0.0      -10.0     -240.0        7.0        9.0       -2.0        1.0       -2.0        9.0       -7.0       -5.0       -1.0        2.0        8.0       -4.0       -8.0       -7.0       -8.0        0.0       -7.0        9.0        5.0        9.0       -8.0        5.0       -8.0        5.0        0.0       -9.0        7.0        3.0       -8.0 =    -1872.0
       1.0        4.0        8.0        7.0       -5.0        7.0       -8.0       -8.0       -3.0       -2.0        4.0        6.0        2.0        3.0        7.0       -8.0        9.0       -2.0        1.0      242.0        5.0       -5.0       -3.0        4.0        4.0       -9.0        8.0        7.0       -2.0       -5.0        9.0       -8.0       -1.0       -2.0       -2.0        0.0        8.0        0.0        7.0       -2.0        8.0        7.0       -3.0       -7.0       -2.0        8.0        7.0        4.0 =     1200.0
       5.0       -7.0        3.0       -2.0        4.0        6.0       -3.0       -9.0        5.0        4.0       -4.0        3.0        5.0        2.0       -8.0       -3.0       -5.0       -8.0        0.0        1.0      221.0       -6.0        1.0       -2.0        3.0       -3.0       -2.0        3.0       -2.0       10.0        9.0        4.0        3.0       -5.0        1.0        7.0        8.0       -8.0       -7.0        7.0        8.0        4.0       -6.0      -10.0       -7.0       -2.0        1.0        2.0 =    -1326.0
       1.0        1.0        3.0       -8.0        0.0       -4.0       -2.0        2.0       -3.0        3.0       -8.0       -9.0        0.0       -9.0       -6.0       -5.0       -2.0       -6.0       -7.0       -5.0        0.0      233.0       10.0       10.0       -2.0        3.0       -2.0        1.0       -6.0        6.0       -1.0       -3.0        4.0        2.0       -5.0       -3.0        0.0       -9.0        5.0        9.0       -9.0       -8.0        7.0        7.0      -10.0       -9.0       -9.0        8.0 =      825.0
      -1.0       -7.0       -2.0        4.0       -4.0       -3.0        3.0        8.0        4.0       -1.0       -3.0       -7.0       -6.0       -7.0        6.0       -7.0       -1.0        6.0       -7.0       -6.0       10.0       10.0      250.0        7.0       -9.0        8.0        4.0        5.0        3.0       -1.0        2.0        9.0       -8.0       -8.0        2.0        1.0       -5.0       -4.0        3.0       -7.0        5.0       -9.0        5.0       -4.0       -5.0        5.0        4.0       -7.0 =     1410.0
      -2.0        0.0       -4.0       -1.0       -9.0        1.0        2.0        9.0       -8.0       -1.0       -5.0       -8.0       -1.0        6.0        7.0        8.0        9.0       -2.0        8.0        1.0        8.0        6.0       -8.0     -237.0        6.0        4.0        6.0       -2.0        6.0      -10.0       -6.0        4.0       -7.0        3.0        2.0        2.0       -4.0        7.0        4.0       -5.0        9.0       -4.0        9.0        5.0        0.0        1.0        4.0       -7.0 =     1746.0
       8.0        0.0       -1.0        4.0        9.0       -9.0        9.0        4.0       -7.0        4.0        9.0       -7.0        9.0        8.0      -10.0       -8.0        8.0        6.0        7.0        2.0       -8.0        0.0       10.0        3.0      239.0        3.0       -1.0       -8.0       -2.0       -6.0       -3.0        2.0        7.0       -1.0        4.0        5.0       -2.0        5.0        0.0        0.0       -2.0        4.0        9.0       -4.0        0.0        5.0        8.0        1.0 =     -626.0
       8.0        1.0        2.0       -6.0       -4.0       -3.0        7.0        7.0       -8.0       -1.0       -4.0       10.0        5.0       -6.0        6.0        4.0        8.0       -1.0        8.0        2.0        8.0        7.0        9.0        1.0       -8.0     -259.0        2.0        7.0       -7.0       -4.0        5.0        9.0        5.0        9.0        3.0        1.0        8.0       -7.0        9.0        6.0       -7.0        9.0        2.0       -1.0       -1.0        8.0       -3.0        4.0 =      150.0
      -4.0        2.0       -3.0        3.0       -9.0       -3.0        4.0       -6.0        2.0        4.0       -7.0       -3.0       -1.0        3.0      -10.0        0.0      -10.0       10.0       -4.0       -9.0       -6.0        7.0        0.0       -6.0        4.0       -8.0      232.0        3.0        1.0        8.0       -1.0       -8.0        9.0       -4.0       -3.0       -9.0        8.0       -6.0       -2.0       -3.0       -6.0        9.0        2.0        1.0       -5.0        4.0        7.0        3.0 =    -1710.0
       9.0       -6.0       -8.0        9.0       -5.0       -2.0       -8.0       -7.0        9.0       -2.0       -8.0        1.0       -5.0        6.0       -3.0        9.0        4.0       -7.0        3.0       -3.0       -9.0        2.0       -9.0       -9.0        8.0        7.0       -3.0      260.0       -5.0       -4.0      -10.0        1.0       -2.0        6.0        2.0        8.0        2.0       -2.0       -8.0        6.0       -9.0        0.0       -2.0        9.0       -5.0        0.0       -4.0       -5.0 =     1266.0
       8.0       -1.0        7.0        8.0        4.0        0.0       -8.0        9.0       -7.0        6.0       -8.0       -6.0        2.0        9.0        9.0        7.0        2.0        2.0        2.0       -7.0        4.0        3.0        7.0       -2.0        3.0        8.0        1.0        7.0     -237.0       -5.0        4.0       -1.0        5.0        8.0       -7.0       -4.0       -1.0       -3.0       -3.0       -2.0        8.0       -4.0        0.0        5.0        6.0       -8.0        7.0        8.0 =    -1085.0
      -8.0       -7.0       -7.0        7.0       -9.0       10.0       -2.0       -3.0       -1.0        4.0       10.0        9.0        7.0        5.0       -7.0        3.0        2.0        2.0        9.0       -8.0       -1.0       -6.0        7.0        6.0        0.0        6.0        6.0       -3.0       -3.0      263.0       -3.0        5.0       -3.0        7.0        2.0       -7.0        8.0        9.0       -1.0       -1.0        9.0       -3.0        7.0       -8.0       10.0        6.0        8.0        2.0 =     1014.0
       2.0        9.0        1.0        0.0        4.0       -6.0       -5.0        7.0        4.0        7.0        4.0       -6.0       -3.0        1.0       -7.0       -2.0       -1.0       -3.0       -7.0       -2.0        8.0        8.0        7.0        3.0        6.0       -7.0       -6.0        1.0        4.0       -1.0      208.0       -6.0        8.0       -4.0        1.0       -1.0       -3.0        3.0        6.0       -5.0       -9.0        7.0        5.0        6.0        1.0        3.0        0.0        7.0 =     -247.0
      -2.0       -4.0        5.0       10.0        2.0       -5.0       -9.0        2.0      -10.0       10.0       -3.0       -7.0       -2.0        1.0        9.0        6.0        5.0       -7.0       -7.0       -6.0        5.0        8.0       -1.0        5.0        3.0       -6.0       -4.0       -7.0       -6.0       -3.0        7.0      257.0       -4.0       -2.0        2.0        7.0        8.0       -7.0       -4.0       -4.0       -7.0        1.0       -6.0       -7.0       -7.0       -7.0       -8.0        4.0 =    -1025.0
       1.0        9.0        3.0      -10.0        2.0        2.0        9.0       -5.0        8.0       -8.0        1.0        8.0        3.0       -8.0       -5.0        2.0        8.0       -3.0       -9.0       -5.0        0.0        2.0       -9.0       -4.0        1.0       -7.0        3.0       -2.0       -6.0        8.0       -6.0       -7.0     -259.0       -6.0        5.0       -4.0       -9.0        4.0      -10.0        5.0       -9.0        0.0      -10.0       10.0       -1.0        8.0        4.0        3.0 =      879.0
      -4.0        7.0        8.0        9.0        6.0       -1.0        5.0        1.0       -8.0       -4.0        2.0        2.0        6.0        6.0       -6.0        5.0        0.0        0.0        1.0        5.0        2.0        9.0       10.0       -2.0       -2.0        4.0       -7.0       -6.0        6.0       -8.0        9.0       -1.0       -6.0      220.0       -6.0       -6.0        2.0       -3.0       -5.0        1.0       -5.0        6.0       -3.0       -1.0       -5.0       -4.0       10.0        1.0 =    -1500.0
       5.0        4.0       -7.0        1.0        1.0       -1.0       10.0       -6.0        1.0       -7.0        6.0       -7.0       -2.0      -10.0       -1.0       -5.0       -7.0       -8.0       -2.0        1.0        1.0        3.0       -2.0       -8.0        7.0       -3.0        5.0       -4.0        0.0       -9.0       -1.0       -9.0        1.0       -5.0     -226.0        5.0       -6.0       -6.0        5.0        9.0        1.0       -1.0       -8.0        3.0       -5.0        8.0        8.0        2.0 =     -807.0
       1.0       -6.0        9.0       -3.0        9.0        1.0        6.0        9.0        7.0        1.0       -6.0       -1.0        8.0        5.0       -1.0       -1.0       -9.0       -6.0       -2.0       -4.0        9.0        3.0        7.0        3.0       -2.0       -5.0        5.0        8.0        9.0       -2.0      -10.0        9.0       -8.0        3.0       -6.0      246.0       -7.0       -2.0       -6.0        5.0        1.0        4.0        1.0        5.0        6.0        7.0        7.0       -4.0 =     2121.0
       0.0       -1.0        1.0       -9.0       -2.0        8.0        3.0        3.0        1.0       -7.0        2.0       -6.0        7.0        3.0       -7.0        8.0       -4.0       -2.0       -9.0        2.0        0.0       -2.0       -4.0       -3.0       -1.0       -6.0       -6.0       -1.0        3.0       -8.0       -7.0       -4.0       -4.0       -6.0       -1.0       -7.0      200.0       -1.0       -5.0       -3.0       -1.0       -1.0        3.0        5.0       -6.0        8.0       -4.0       -6.0 =     -246.0
       4.0       -3.0        0.0       -8.0       -1.0       -1.0       -5.0       -5.0       -2.0        1.0       -3.0        7.0       -5.0      -10.0        1.0       -6.0       -8.0      -10.0       -5.0        4.0        9.0        1.0       -4.0        4.0       -6.0        6.0        5.0       -7.0        9.0       -7.0        7.0       -5.0        5.0       -8.0       -2.0       -7.0       -9.0      234.0        6.0        3.0       -1.0       -8.0        2.0        4.0        5.0       10.0       -4.0        0.0 =    -1683.0
      -6.0       -8.0       -8.0       -7.0       -5.0        8.0        2.0        6.0       -4.0        7.0        5.0        2.0       -3.0        9.0       10.0       -1.0        3.0       -2.0        0.0        8.0        7.0       10.0        3.0       -7.0       -9.0        3.0       -4.0        8.0        2.0       -6.0        6.0        7.0       -4.0       -1.0        4.0        2.0        9.0        7.0     -249.0        0.0        3.0       -3.0        7.0        0.0       10.0        3.0        8.0       -5.0 =    -1557.0
       6.0       -8.0       10.0        2.0       -1.0      -10.0       -5.0       -5.0        6.0        0.0        0.0        2.0       -3.0        8.0       -7.0       -7.0        3.0        9.0       -6.0       -8.0        2.0       -2.0       -3.0      -10.0        8.0        6.0       -5.0        9.0       -5.0        7.0        8.0        7.0       -8.0       -6.0       -2.0        9.0        3.0       10.0        5.0     -272.0       -7.0        8.0        1.0      -10.0       -6.0        1.0        0.0        8.0 =      774.0
      -2.0       -7.0        7.0       10.0        4.0        6.0       -8.0        2.0       -2.0        1.0        1.0       -4.0        6.0       -8.0        9.0        2.0        4.0        2.0       -2.0       -2.0       -3.0       -7.0       -9.0       -7.0       -2.0       -5.0       -6.0       -1.0        9.0        2.0       -2.0       -4.0        5.0        5.0       -9.0        0.0        0.0        4.0        0.0        9.0      203.0       -3.0       -4.0        0.0       -1.0       -2.0        6.0       -5.0 =     -576.0
       0.0       -4.0       -4.0        6.0       -4.0        2.0        7.0        1.0       -8.0       -2.0        7.0        1.0        0.0        0.0       -2.0        4.0       -3.0       -9.0       -2.0        6.0       -9.0        9.0        9.0       -5.0       -3.0        2.0        2.0        0.0       -8.0        6.0        0.0       -4.0        9.0       -4.0      -10.0       -9.0       -5.0       10.0       -8.0        0.0       -8.0      224.0        2.0       -3.0        5.0       -7.0        5.0       -3.0 =        0.0
       1.0       -3.0       -8.0       -6.0       -1.0        1.0        0.0       -9.0        0.0        7.0        5.0       -2.0       -4.0       -3.0       -2.0      -10.0        2.0        5.0        6.0        3.0       -4.0       -7.0       10.0       -1.0        5.0       -4.0        3.0       -3.0        8.0        4.0        1.0       -9.0       -5.0        7.0        6.0        8.0       -4.0       -6.0       -7.0       -7.0        4.0       -8.0      222.0       -5.0       -5.0       -4.0        4.0        4.0 =     1701.0
      -3.0        6.0       -7.0        2.0        6.0        1.0       -6.0        7.0        4.0       -9.0        5.0        2.0       -6.0        9.0       -7.0        9.0       -8.0        8.0       -6.0       10.0        7.0        3.0        8.0        2.0       -4.0       -5.0        5.0        9.0        2.0        8.0        0.0       -3.0        7.0        2.0       -9.0        1.0       -3.0        4.0        5.0        5.0        9.0       -8.0        0.0     -251.0        7.0       -6.0       -2.0       -2.0 =    -1920.0
      -6.0       -3.0       -4.0        2.0        3.0       -6.0       -2.0        9.0        1.0       -1.0       -4.0       -2.0       -3.0        2.0        3.0       -5.0       -5.0        8.0        8.0       -7.0        4.0       -5.0        7.0        1.0        4.0        8.0        5.0        0.0        5.0       -9.0        7.0       -9.0       -9.0       -5.0        5.0       -5.0       -9.0        9.0        2.0       -5.0        9.0        1.0        0.0      -10.0     -235.0       10.0       -1.0        2.0 =    -1645.0
      -2.0        3.0        1.0        2.0      -10.0        2.0       -4.0       -3.0       -3.0       -2.0       -3.0        2.0        8.0        3.0       -2.0        9.0      -10.0        0.0        9.0        0.0        9.0       -5.0        4.0        1.0        3.0        2.0        3.0        2.0       -4.0        2.0       10.0        1.0        8.0        9.0        0.0        8.0       -6.0        7.0        0.0       -5.0        9.0        9.0      -10.0        8.0       -8.0     -232.0      -10.0        4.0 =    -1086.0
       6.0        8.0       -8.0        9.0       -2.0        4.0        8.0        5.0       -3.0        6.0       -2.0       10.0        1.0        4.0        5.0        8.0       -1.0        2.0       -5.0        0.0        0.0        9.0        4.0       -2.0        4.0       -2.0        2.0        2.0        7.0        5.0        9.0        1.0        9.0       -4.0        6.0        0.0        4.0       -4.0        9.0       -9.0       -7.0       -8.0       -7.0       -2.0       -6.0       10.0      246.0      -10.0 =    -1605.0
      -2.0        5.0       -3.0       -2.0        0.0        3.0       -8.0        8.0        1.0       -5.0       -7.0       -3.0       -9.0      -10.0        4.0      -10.0       -3.0        9.0       -7.0       -6.0        4.0        4.0        6.0       10.0        0.0        2.0       -7.0        0.0       -8.0       -9.0       -8.0       -6.0        7.0       -6.0       -3.0       -5.0        2.0        7.0        3.0        5.0       -6.0       -9.0        0.0        4.0        1.0        4.0        8.0      244.0 =     1592.0

      10.0        1.0        6.0        3.0        9.0        8.0       -3.0       -9.0       -7.0        5.0       -2.0       -2.0       -3.0       -5.0       -2.0        1.0       10.0       -2.0        8.0        4.0       -6.0        5.0        6.0       -9.0       -2.0       -1.0       -9.0        6.0        7.0        3.0       -1.0       -5.0       -3.0       -6.0        3.0        7.0       -2.0       -9.0        9.0       -3.0       -3.0        0.0        9.0       10.0        7.0        6.0       -5.0        8.0
