48
     218.0        8.0        0.0        4.0        4.0       -6.0        6.0        8.0       -1.0       -8.0       -8.0       -6.0       -5.0       -3.0        0.0        9.0        8.0        8.0       -1.0        1.0        1.0       -4.0        9.0       -9.0       -7.0       -5.0       -3.0       -3.0       -6.0        2.0       -5.0       -9.0        2.0        6.0        3.0       -1.0        9.0       -7.0        1.0        4.0        3.0        5.0        0.0       -4.0        4.0        1.0       -9.0       -1.0 =     2130.0
      -4.0      216.0       -4.0       -5.0       -7.0        3.0        3.0        2.0        8.0       -5.0       -1.0       -7.0        2.0       -1.0       -7.0        1.0        0.0        6.0        3.0        4.0        7.0        9.0        2.0        8.0        8.0       -5.0       -4.0        4.0       -5.0       -8.0        1.0        3.0       -5.0       -9.0        9.0       -3.0        1.0       -4.0        5.0       -1.0       -2.0       -9.0       -3.0       -1.0      -10.0        0.0       -5.0        2.0 =    -1920.0
      -8.0        9.0     -234.0       -3.0       -9.0        8.0        1.0        2.0        0.0       -4.0        7.0        7.0        1.0        1.0        2.0       -8.0        2.0        5.0      -10.0       -3.0        9.0        4.0       -3.0        7.0        2.0       -8.0        8.0       -7.0       -8.0        4.0        8.0       -4.0        7.0        2.0       -9.0       -1.0        4.0       -2.0        4.0       -3.0        2.0      -10.0        0.0       -5.0        9.0        0.0        9.0        1.0 =     1712.0
      -7.0        7.0       -1.0     -266.0       -6.0       -5.0        7.0       -6.0        6.0       -8.0        5.0        2.0        3.0        5.0        4.0        7.0        4.0       -2.0        7.0        8.0       -5.0        6.0       -4.0        6.0        6.0       -7.0       -9.0        5.0        7.0      -10.0        5.0        0.0       -4.0        3.0        9.0      -10.0       -5.0       -9.0       -6.0       -5.0       -9.0        1.0        4.0        9.0        0.0        8.0       -5.0        7.0 =     1736.0
      10.0        4.0        8.0       -1.0      235.0       -6.0        1.0       -3.0        8.0       -5.0        4.0        5.0        9.0        2.0       10.0        1.0       -6.0       -8.0       10.0       -5.0        0.0       -1.0        3.0        2.0        5.0        3.0       -3.0        2.0       -8.0        7.0       -6.0        8.0       -9.0        3.0       -7.0       -6.0       -3.0        9.0        1.0        1.0        0.0       -5.0       -7.0       -6.0        0.0        3.0      -10.0       -6.0 =     -243.0
      -6.0       -4.0       -3.0        9.0       -9.0     -250.0       -4.0        6.0       -5.0        8.0       -6.0        4.0       -8.0       -9.0       -2.0        6.0       -4.0        2.0       -7.0        2.0      -10.0       -3.0       -6.0       -7.0        8.0       -9.0        1.0        2.0       -3.0       -4.0        8.0       -3.0       -2.0       -5.0        9.0        6.0       -4.0        3.0       -7.0        8.0       -6.0       -1.0        1.0        3.0        4.0       -4.0       -4.0       10.0 =      590.0
       0.0       -2.0        2.0       -4.0        2.0        9.0      228.0       -9.0       -8.0       -1.0        6.0       -1.0       -1.0        3.0        5.0       -8.0       10.0        6.0       -9.0        1.0       -8.0        7.0        0.0       -9.0      -10.0        1.0        5.0        7.0       -3.0        7.0       -3.0       -4.0        7.0        3.0        0.0       -1.0       -3.0        9.0       -1.0      -10.0        8.0        8.0       -4.0        7.0        1.0        1.0        2.0       -6.0 =     -960.0
      -3.0       -4.0        2.0       -6.0       -8.0        5.0      -10.0      255.0       10.0       -6.0        0.0        5.0        6.0        2.0        5.0        4.0       -7.0        1.0        2.0        1.0       -9.0       -2.0        5.0        4.0       -2.0        5.0       -3.0        9.0        2.0        7.0       -1.0       -4.0       -6.0       10.0       -3.0       -1.0       -3.0       -5.0       10.0       -7.0      -10.0       -9.0        9.0        9.0       -7.0        4.0       -3.0       10.0 =     2367.0
       2.0        2.0        0.0        8.0        6.0       -9.0        4.0       -8.0     -232.0        7.0        0.0        6.0        3.0       -9.0        3.0       -4.0        2.0       -8.0       -5.0       -1.0       10.0        4.0       -5.0        8.0       -2.0        4.0       -7.0        0.0        7.0       -5.0       -7.0       -5.0        0.0        8.0        0.0        6.0        1.0        7.0       -6.0       -8.0       -1.0        6.0       -4.0       -4.0        5.0        8.0        9.0        4.0 =     1000.0
      -4.0        4.0       -5.0        0.0       -7.0        3.0        8.0      -10.0       -7.0      266.0       -4.0       -5.0       -9.0        7.0       -5.0       -1.0       -6.0        2.0        8.0        6.0       -5.0       -7.0       -9.0      -10.0       -6.0       -8.0       -7.0        7.0        7.0        6.0        5.0       -9.0        7.0        2.0        2.0        5.0        8.0        3.0       -2.0       -1.0        5.0        7.0       -7.0       -4.0        1.0       10.0       -8.0        5.0 =     2380.0
       2.0       -3.0        7.0        0.0        5.0       -7.0       -5.0       -6.0       -3.0       -8.0     -225.0        6.0       -1.0        9.0       -3.0        1.0        3.0       -8.0        4.0       -5.0       -7.0        4.0       -9.0        4.0        7.0        1.0        2.0        1.0       -4.0       -1.0       -5.0       -7.0       -9.0        6.0       -3.0        2.0        3.0        1.0       -9.0        6.0       -9.0       -5.0        4.0       -5.0       -4.0       -7.0       -9.0       -1.0 =    -2320.0
       1.0       -7.0        4.0        0.0        2.0       -8.0       -9.0        1.0      -10.0        1.0       -8.0     -209.0       -5.0        3.0        5.0        9.0       -2.0       -9.0      -10.0       -2.0       -5.0       -2.0       -6.0        2.0        6.0        4.0        2.0       10.0       -3.0        6.0        0.0       -2.0       -9.0        7.0       -3.0        0.0        9.0        8.0        2.0        2.0       -6.0       -1.0        2.0        3.0        1.0        3.0        9.0        0.0 =     1926.0
      -4.0        7.0       -7.0        7.0        2.0        1.0        8.0        5.0        7.0        8.0       -9.0       -5.0      255.0        6.0       -3.0        9.0        4.0        9.0        1.0       -1.0        6.0       -3.0       -1.0        5.0       -8.0       -6.0        2.0        9.0        3.0        7.0        7.0       -6.0       -6.0       -6.0       -1.0        3.0        7.0       -2.0       10.0       -1.0      -10.0       -1.0       -8.0        5.0        3.0       -8.0        2.0       -7.0 =     2950.0
       7.0       -6.0       -3.0       -9.0        5.0       -5.0        3.0       -7.0       -6.0        4.0        8.0        1.0        9.0      242.0        5.0        9.0       -9.0       -5.0        4.0        8.0       -7.0        2.0        1.0        6.0        6.0        0.0       -7.0       -5.0       -3.0        7.0        6.0        0.0        7.0        7.0       -2.0       -4.0        6.0       -8.0        6.0        6.0       -8.0        0.0        7.0       -2.0        7.0        1.0        1.0        5.0 =     -870.0
       0.0       -6.0       -2.0       -6.0        5.0       -8.0      -10.0        0.0        4.0        0.0       -5.0        1.0       -6.0       -4.0      226.0        6.0        4.0       -6.0        4.0       -6.0       -7.0        7.0        1.0       -4.0        2.0       -5.0       10.0       -6.0        9.0        5.0       -9.0       -6.0        3.0       -1.0       -1.0       -4.0        5.0        8.0        0.0       -7.0        6.0       -2.0        7.0        1.0        0.0        7.0       -9.0      -10.0 =     -191.0
      -6.0       -7.0        8.0       -6.0        9.0       -9.0       -1.0        3.0       -9.0        7.0       -8.0       -5.0        4.0        8.0        2.0     -258.0      -10.0        3.0       -6.0       -2.0        0.0       -5.0        5.0       -6.0        4.0        3.0        8.0       -5.0      -10.0        4.0       -9.0        6.0       -3.0        5.0        6.0        2.0        3.0       -9.0        0.0       -2.0        4.0        5.0        9.0        7.0        8.0       -2.0        5.0       -5.0 =     -255.0
      -7.0        0.0        7.0        1.0        8.0       -3.0        8.0        2.0       -1.0       10.0       -3.0        5.0       -4.0       -4.0       -7.0        4.0     -246.0        2.0        9.0       -3.0       -9.0       -9.0       -9.0       -7.0       -5.0       -1.0       -6.0       -6.0       -8.0       -3.0        2.0        4.0        7.0       -7.0       -6.0        2.0       -8.0       -3.0        8.0       -2.0       -3.0        7.0      -10.0       -7.0       -1.0       -7.0        2.0        1.0 =      918.0
      -8.0       -6.0        4.0       -2.0      -10.0        1.0       -5.0        0.0        6.0        2.0       -7.0       -7.0       -8.0       -8.0        7.0        0.0        6.0      212.0       -1.0        0.0        2.0        9.0        9.0        4.0       -7.0        8.0        8.0       -2.0        1.0        0.0       -1.0        7.0        7.0        0.0       -4.0        4.0        6.0       -1.0        0.0       -4.0        3.0        6.0        1.0        5.0        3.0       -2.0        9.0        7.0 =     1524.0
       1.0        1.0        7.0        3.0       -5.0        1.0        7.0       -2.0        2.0        9.0       -7.0        4.0        1.0        2.0      -10.0        9.0       -8.0       -9.0     -227.0       -8.0       -8.0        5.0       -6.0        0.0        0.0       -6.0       -2.0       -1.0        5.0       -4.0        3.0       -4.0        2.0        7.0        7.0        9.0       -7.0       -1.0       -5.0       -7.0       -1.0        4.0       -5.0        4.0        5.0       -2.0        8.0        3.0 =      904.0
      -7.0       -4.0       -4.0        9.0        1.0        4.0       -2.0       -8.0        7.0       -9.0        9.0       -9.0        3.0        4.0        1.0        6.0        9.0       -1.0        4.0      254.0        3.0       -1.0       -2.0       -9.0        1.0       -4.0        2.0       -8.0       -1.0        4.0        2.0       -7.0        9.0       -6.0       -8.0        4.0        9.0        7.0        9.0        9.0       -6.0        9.0      -10.0        2.0        5.0       -4.0       -4.0       -6.0 =      532.0
       5.0       -2.0      -10.0       -9.0        2.0       -3.0        4.0        1.0       -3.0       -6.0        4.0       -3.0        6.0       -6.0       -6.0        6.0        7.0       -8.0        4.0       -9.0     -254.0       -4.0       -5.0        4.0        2.0       -6.0       -6.0        3.0       -9.0        8.0       -3.0        5.0       -7.0        9.0        5.0        7.0        7.0        6.0        8.0        2.0        9.0      -10.0        5.0       -6.0       -5.0       -2.0       -1.0        5.0 =     1036.0
      -5.0       -8.0        8.0        8.0        4.0       -3.0      -10.0        9.0       -9.0        9.0        0.0        8.0        0.0       -9.0        2.0       -7.0       -6.0        9.0        1.0       -7.0       -9.0      257.0       -8.0       -8.0        6.0        9.0        5.0        1.0        1.0        1.0        0.0       -6.0        5.0        4.0        9.0        7.0        7.0       -6.0        1.0        2.0       -8.0       -6.0       -5.0        1.0       -2.0       -7.0        7.0        0.0 =    -2016.0
       9.0        6.0        9.0       -7.0       -6.0       -2.0       -8.0       -9.0        0.0        6.0      -10.0        1.0       -8.0        4.0        5.0        9.0        0.0        1.0       -9.0        5.0        0.0        0.0      232.0       -3.0        8.0       -2.0       -8.0        6.0        4.0        6.0       -6.0        5.0        7.0       -4.0        6.0       -2.0        2.0        9.0        0.0        7.0        4.0        6.0       -2.0        1.0        4.0        2.0        3.0       -6.0 =      550.0
      -1.0       -6.0        9.0       10.0        0.0       -2.0       -7.0        5.0       -6.0        2.0       -1.0        5.0       10.0        5.0        3.0        1.0        8.0       -2.0       -7.0        0.0       -8.0        0.0        2.0     -224.0       -7.0       -3.0       -2.0        3.0       -9.0       -3.0       -9.0        0.0        0.0        2.0       -5.0        4.0        8.0       -9.0       -5.0       -2.0       -6.0      -10.0       -8.0        5.0        8.0       -3.0       -1.0        6.0 =     2250.0
       4.0       -9.0        2.0       -2.0        9.0        6.0        1.0        9.0       -9.0       -9.0       -2.0       -2.0        1.0       -5.0       -4.0        6.0        7.0        5.0       -1.0        5.0        6.0        4.0        6.0        9.0     -246.0       -6.0       -1.0       -9.0        4.0       -2.0        7.0        2.0        9.0        3.0       -4.0        1.0       -2.0        6.0       -7.0       -3.0       -8.0        5.0        6.0       -5.0       -7.0       10.0       -3.0        7.0 =     1236.0
       4.0       -9.0        2.0       -7.0        6.0        1.0       -6.0        8.0        5.0        3.0      -10.0        6.0       -2.0       -8.0       -1.0       -3.0       -6.0       -2.0       -7.0       -8.0        9.0        7.0       10.0        7.0        6.0      270.0        3.0       -4.0       -5.0       -7.0        3.0       -1.0        5.0        8.0        9.0       -6.0       10.0        0.0      -10.0       -1.0        1.0        8.0       -9.0       10.0        8.0       -4.0       10.0        0.0 =    -1515.0
      -9.0        7.0       -8.0       -2.0        2.0       -2.0       -1.0       -5.0        9.0        2.0       10.0        1.0       10.0        0.0       -9.0       -9.0       -1.0        6.0       -3.0       -4.0        9.0       -1.0       -9.0        4.0        5.0       -6.0      239.0       -1.0        6.0        1.0        2.0       -6.0        5.0       -8.0        5.0        0.0       -9.0        4.0        1.0        6.0       -8.0        5.0        5.0        7.0       -6.0        3.0       -8.0        1.0 =    -1440.0
      -8.0        8.0        9.0       -8.0       -7.0       -2.0        9.0      -10.0       10.0       -4.0        8.0       -4.0       -3.0        5.0        3.0        9.0       -1.0       -9.0       10.0       10.0       -6.0        2.0        8.0       -1.0       -2.0       -6.0        7.0      288.0        1.0       -5.0        4.0       -7.0       -5.0        7.0        7.0       -5.0       10.0       -9.0       10.0       10.0       -1.0        7.0       -8.0        0.0       -2.0        7.0        4.0        2.0 =     2736.0
      10.0      -10.0        1.0        7.0       -9.0       -5.0       -1.0       -2.0       -5.0        4.0        2.0        3.0       -6.0       -7.0        1.0       -8.0      -10.0        9.0        8.0        0.0        4.0       -9.0       -2.0        3.0       -7.0       -7.0       -8.0       10.0      245.0       -1.0        3.0        3.0        1.0        6.0       -3.0        1.0        5.0       -8.0       -8.0       -1.0        6.0       -6.0       -3.0        7.0        2.0       -4.0        5.0       -7.0 =      836.0
      -3.0        4.0        3.0        2.0        0.0        3.0        5.0       -8.0      -10.0       -4.0        6.0        5.0       -2.0        1.0       -8.0       -8.0       -2.0        8.0       -9.0        3.0        1.0       -9.0       -4.0       -3.0       -5.0        7.0        9.0        2.0        6.0     -227.0       -3.0       -6.0        4.0       -9.0        0.0        5.0        5.0       -3.0        4.0       -9.0       -1.0        9.0       -3.0       -3.0       -4.0        5.0        8.0        5.0 =     1631.0
       2.0        2.0       -8.0      -10.0       -9.0       -3.0       -5.0       -3.0        8.0       -8.0        0.0       -5.0        2.0       -7.0        9.0        3.0        1.0        8.0        5.0       -6.0       -8.0        6.0        1.0        1.0       -4.0        7.0        8.0        6.0       -1.0      -10.0     -257.0        9.0        8.0        4.0        4.0        7.0        0.0        0.0        9.0        9.0        4.0        7.0        5.0        9.0       -4.0        0.0       -6.0        6.0 =     -612.0
       0.0        2.0       -7.0       10.0       -5.0        5.0        2.0       -1.0        2.0       -6.0        8.0        8.0        8.0       -6.0       -4.0        4.0       -3.0       -2.0       -6.0       -4.0       -5.0        6.0       -5.0        2.0        7.0       -3.0        6.0       -6.0        9.0        6.0        8.0     -254.0      -10.0       -3.0       -7.0       -1.0       -8.0        1.0       -5.0        0.0        7.0        8.0       10.0       10.0        9.0       -7.0        8.0        0.0 =     -424.0
       1.0       -7.0       -9.0       -5.0        1.0        6.0        4.0       -4.0        8.0        7.0        5.0        1.0       -2.0       -2.0       -7.0       -9.0       -1.0       -6.0        7.0        4.0        5.0       -4.0        4.0        4.0       10.0      -10.0        0.0       -2.0       -3.0       -7.0       -7.0       -7.0      253.0       -8.0       -9.0       -9.0       -4.0       -8.0        1.0       -7.0        9.0       -2.0       -8.0       -9.0       -3.0       -4.0       -1.0        2.0 =    -1512.0
      -2.0       -9.0        0.0        7.0        2.0        5.0       -8.0        2.0       -5.0        9.0        7.0       -2.0        4.0        8.0        0.0        2.0        0.0        2.0       -5.0        0.0        6.0       -9.0        6.0       -4.0       -9.0        8.0        8.0       -5.0       -3.0        1.0       -8.0       -1.0        0.0      230.0       -9.0       -6.0       -5.0        3.0       -5.0       -6.0       -3.0        6.0        9.0       -4.0       -6.0        9.0       -2.0        9.0 =     -681.0
      -9.0       -4.0        0.0        5.0       -3.0        0.0        6.0       -3.0        6.0        7.0       -3.0        6.0       -7.0        3.0       -2.0        6.0        4.0       -7.0       -4.0        5.0       -6.0        9.0        5.0        7.0        4.0       -2.0        9.0        2.0        4.0      -10.0       -4.0        6.0       -9.0        1.0     -235.0       -7.0       -2.0       -4.0        6.0       -6.0       -8.0        2.0        3.0       -2.0        8.0        3.0       -9.0        6.0 =    -1115.0
     -10.0        7.0       -4.0      -10.0       -5.0       -4.0       -8.0       -6.0        8.0       -7.0        3.0        2.0        4.0        6.0       -2.0       -4.0      -10.0        6.0        6.0        1.0        5.0        1.0       -5.0       -9.0        5.0        1.0        0.0       -3.0       -3.0       -2.0        1.0       -8.0       -9.0        5.0        6.0     -243.0       -4.0       -1.0        8.0        7.0       -5.0        5.0       -6.0       -5.0        1.0       -8.0        1.0        8.0 =     1420.0
       6.0        9.0        6.0        6.0        5.0        3.0        9.0       -2.0        5.0       -3.0        7.0        7.0        7.0       -6.0        0.0       -2.0       -9.0        3.0       -3.0       -1.0       -9.0        0.0       -5.0       -1.0       -6.0       -6.0       -8.0        7.0        9.0       -2.0       -8.0       -9.0        2.0       10.0       -3.0        3.0     -234.0      -10.0        0.0       -6.0        0.0       -6.0        4.0       -5.0       -7.0        3.0       -2.0       -4.0 =     2214.0
      -7.0       -8.0        0.0        7.0        7.0       -7.0        1.0       -2.0       -3.0       -4.0       -6.0       -2.0       -6.0        5.0       -6.0        9.0       -8.0       -1.0       -6.0        1.0        9.0        0.0        7.0       -8.0        1.0       -1.0        6.0       -6.0        4.0       -9.0       -7.0        3.0        9.0       -6.0       -6.0       -5.0       -1.0     -230.0       -5.0       -5.0        1.0       -6.0        9.0        3.0        5.0       -1.0       -4.0        5.0 =      274.0
       9.0        5.0        2.0        8.0       -8.0       -1.0        7.0        7.0       -6.0       -9.0        9.0        3.0        7.0       -3.0       -2.0       -5.0        7.0       -8.0       -5.0        8.0       -7.0      -10.0        7.0        3.0       -1.0       -9.0       -2.0        2.0        9.0       -4.0      -10.0       -9.0        1.0       -9.0       10.0       -1.0       -5.0        4.0      280.0       -2.0        6.0        8.0        9.0       -7.0        8.0        8.0        0.0       -8.0 =     2072.0
      -1.0        8.0       -2.0        6.0        6.0       -3.0      -10.0       -3.0       -9.0        7.0       -5.0       -4.0        7.0       -8.0        2.0        3.0       -3.0       -8.0        4.0       -4.0       -8.0        6.0        7.0       -9.0       -5.0       -2.0        0.0        0.0        0.0       -3.0       -5.0        4.0        3.0       -4.0        3.0       -8.0        4.0       -1.0        7.0      222.0        9.0        4.0        9.0       -3.0        1.0        1.0       -8.0        0.0 =      621.0
      -7.0        5.0        8.0       -7.0       -4.0       10.0        6.0        8.0       -8.0       -7.0       -5.0        1.0        6.0       -8.0        2.0        1.0       -6.0       -1.0       -6.0       -2.0        1.0       -2.0       -9.0       -6.0       -3.0       -2.0       -7.0        1.0        2.0       -2.0        6.0        5.0        2.0        3.0        6.0       -7.0        4.0        4.0       -4.0        5.0     -239.0        1.0       -8.0       -9.0        9.0       -5.0       -9.0       -5.0 =      846.0
       2.0       -2.0       -1.0        2.0        1.0        1.0        3.0        6.0       -8.0       -3.0        0.0        4.0       -3.0       -2.0      -10.0        4.0       -2.0       -6.0       -6.0       -1.0        1.0       -9.0       -2.0       -2.0        0.0       -8.0       -1.0        0.0        2.0       10.0       -1.0       -9.0       -6.0       10.0        7.0       -4.0        5.0        7.0       -6.0        8.0       10.0     -221.0       -5.0       -6.0        6.0       -9.0       -5.0        8.0 =     1446.0
      -3.0       -1.0        2.0       -4.0       -4.0        0.0       -8.0       -4.0        8.0        1.0       -5.0        4.0        8.0        2.0        1.0       -5.0        1.0       10.0        7.0        9.0       -5.0        3.0       -5.0       -1.0       -9.0        5.0        6.0       -2.0       -4.0       -5.0        2.0        3.0        0.0        1.0        0.0       -4.0       -9.0        3.0       -8.0        9.0       10.0       -4.0     -210.0       -1.0       -6.0       -8.0       -5.0       -5.0 =      460.0
       7.0        6.0        0.0        7.0        6.0        1.0        8.0        4.0       -1.0        2.0       -4.0       -9.0       -1.0       -9.0       -6.0        9.0       -9.0        9.0       -1.0        0.0        0.0        7.0        6.0        6.0        0.0        2.0       -3.0        6.0        5.0      -10.0       -2.0        7.0        8.0       10.0        2.0        7.0        3.0        5.0        1.0       -6.0      -10.0        2.0        3.0      240.0       -9.0       -5.0        4.0        6.0 =        0.0
      -8.0       -7.0        3.0        5.0       -6.0      -10.0        5.0       -9.0       10.0        8.0       -1.0        2.0        4.0        0.0      -10.0        2.0       -2.0       -2.0        8.0       -3.0        3.0       10.0       -8.0        5.0       -9.0       -1.0       -4.0        7.0       10.0        2.0        6.0        0.0        1.0       -8.0        2.0        3.0        9.0       -7.0       -5.0        3.0       -4.0        1.0       10.0        4.0     -257.0        9.0        4.0        8.0 =    -1736.0
       7.0        3.0       -8.0       -2.0        5.0       -5.0       -6.0       -8.0        8.0        9.0        1.0       -2.0       -3.0        6.0        0.0       -3.0       -9.0       -4.0       -3.0        4.0       -8.0       -7.0        1.0       -4.0      -10.0        3.0       -7.0       10.0        0.0       -4.0        6.0       -8.0       -9.0        3.0      -10.0       -7.0       -1.0       -4.0       -6.0       -7.0        7.0       -8.0      -10.0        6.0        1.0     -255.0        4.0        5.0 =    -1974.0
       5.0        5.0        8.0       -6.0      -10.0        6.0        6.0        4.0        2.0        2.0        1.0       -7.0        4.0        3.0       -7.0        8.0        8.0        1.0        6.0       -4.0       -1.0        4.0       -1.0        5.0        0.0        4.0       -1.0        7.0       -8.0      -10.0       -6.0        2.0       -8.0        6.0        4.0        5.0        6.0        5.0        9.0        7.0        1.0       -1.0        6.0       -1.0       -2.0       -9.0     -233.0        3.0 =     -516.0
      -9.0       -3.0        6.0       -3.0       -2.0        4.0      -10.0        6.0       -1.0        4.0       -8.0        5.0       -1.0       -3.0        3.0        8.0        1.0       -1.0        9.0      -10.0        4.0       -5.0       -8.0        8.0       -7.0       -6.0        0.0       -7.0       10.0       -7.0        9.0       -6.0       -1.0        8.0        8.0        2.0       -2.0       -4.0        8.0        7.0       -1.0       10.0        3.0        9.0       -5.0       -6.0        7.0     -264.0 =     1446.0

      10.0      -10.0       -8.0       -7.0       -1.0       -2.0       -4.0        9.0       -5.0       10.0        8.0       -9.0       10.0       -3.0       -1.0        1.0       -3.0        6.0       -4.0        2.0       -4.0       -8.0        2.0       -9.0       -6.0       -5.0       -6.0        8.0        4.0       -7.0        3.0        2.0       -9.0       -3.0        5.0       -5.0       -9.0       -1.0        7.0        3.0       -3.0       -6.0       -2.0        0.0        8.0        6.0        3.0       -6.0
