48
    -236.0       -5.0        3.0        4.0       -5.0        1.0       -2.0        6.0       -7.0        1.0       -3.0       -2.0       -4.0        1.0       -7.0        5.0        1.0       -7.0        6.0        3.0       -5.0        2.0       -7.0      -10.0        9.0        2.0        3.0        5.0       -8.0       -4.0        3.0       -7.0       -3.0       -5.0       -5.0       -8.0       -9.0        6.0        5.0        9.0        8.0        0.0       -8.0       -8.0       -7.0        9.0        2.0        5.0 =    -2457.0
      -1.0     -233.0        9.0       -4.0        2.0       -9.0       10.0        2.0       -6.0        4.0        6.0        8.0        8.0        5.0        5.0        0.0       -5.0        4.0       -7.0       -8.0        6.0        5.0        7.0       -9.0       -7.0       -1.0        3.0        0.0        0.0        0.0       -4.0       -5.0       -9.0        0.0       -3.0       -9.0        0.0        8.0       -3.0        1.0        3.0      -10.0        4.0        7.0        5.0       -1.0       -8.0        7.0 =    -1561.0
      -5.0       -8.0     -219.0        1.0        6.0       -1.0       -6.0        4.0        9.0       -4.0       -3.0       -9.0        0.0       -4.0       -5.0        6.0        5.0       -2.0       -1.0       -9.0       -7.0       -8.0        6.0       -1.0       -6.0        2.0       -1.0        3.0        0.0        3.0       -8.0        1.0       -8.0        9.0        0.0       -5.0       -3.0       -9.0        8.0        6.0        7.0       -6.0       -7.0       -6.0       -4.0        3.0        3.0        0.0 =     1365.0
       3.0        9.0        6.0      236.0       -5.0        2.0       -9.0      -10.0        3.0        7.0        1.0        6.0       10.0       -3.0      -10.0        3.0        0.0       -4.0        0.0       -7.0       -5.0       -9.0       -8.0       -3.0       -1.0        3.0        0.0       -1.0       -2.0       -1.0        6.0        1.0       -6.0       -3.0       -7.0       -8.0       10.0        3.0        9.0       -7.0        2.0       -2.0        2.0       -9.0       -8.0       -6.0       -3.0        5.0 =      760.0
      -7.0        8.0        5.0        0.0      221.0       -9.0        4.0        1.0        2.0        6.0      -10.0        0.0        4.0       -1.0        7.0        8.0        7.0       -4.0       -6.0       -3.0        6.0        3.0        7.0       -3.0        5.0        9.0        2.0        2.0        5.0      -10.0        0.0       -2.0       -8.0        8.0        2.0        2.0        8.0        1.0        5.0        6.0        8.0        2.0       -8.0       -3.0        3.0       -5.0        0.0        5.0 =      566.0
       5.0        7.0        0.0        5.0        0.0      224.0       -6.0        7.0        7.0        6.0        2.0        8.0        2.0        6.0       -5.0       -8.0        9.0        5.0        4.0       -1.0       -6.0      -10.0        7.0       -8.0        6.0        3.0        2.0        1.0        0.0       -4.0       -2.0        6.0       -3.0       -9.0       -5.0        4.0        2.0        6.0       -3.0       -5.0       -1.0        5.0        7.0       -6.0       -8.0        2.0        2.0        2.0 =     2358.0
      -5.0        4.0       -3.0        2.0       -1.0       -6.0      211.0        3.0        3.0        7.0       -8.0       -6.0        3.0      -10.0        0.0       -5.0       -1.0        1.0       -3.0       -1.0        6.0        4.0       -7.0        5.0       -3.0        6.0        1.0       -2.0      -10.0        3.0       -5.0        4.0       -8.0        2.0       -3.0       10.0       -7.0       -5.0       -2.0        9.0       -8.0       -1.0        7.0        2.0       -1.0        0.0        6.0       -3.0 =        0.0
      -8.0       10.0       -6.0       -8.0       -1.0        7.0        6.0      280.0        2.0       -8.0        8.0        2.0      -10.0       -6.0        3.0        8.0       -7.0        6.0       10.0        6.0       -9.0        1.0        8.0       -5.0       -9.0       -5.0        3.0        7.0        4.0       -6.0        4.0       -3.0        8.0        2.0        4.0        4.0        6.0       -7.0       -8.0       -7.0        7.0       -8.0       -5.0        5.0        3.0        9.0        5.0       -4.0 =    -1788.0
      -7.0        3.0       -6.0       -2.0       -3.0       -6.0        7.0       -9.0      224.0        9.0        7.0      -10.0       -5.0        7.0        1.0        8.0        0.0       -1.0        1.0        5.0        2.0        6.0        4.0       -4.0        8.0        2.0       -2.0       -5.0        0.0        0.0       -3.0       -9.0        0.0       -4.0       -6.0        9.0        1.0       -2.0        5.0      -10.0       -1.0        0.0        3.0       10.0       -3.0       -3.0       -9.0        7.0 =    -1314.0
      10.0       -7.0        3.0        0.0       -4.0       -3.0       -5.0       -8.0        1.0     -207.0       -2.0       -4.0       -5.0        1.0        8.0        6.0        5.0        6.0        8.0       -6.0        2.0       -9.0        2.0        6.0        3.0        2.0        8.0       -4.0       -1.0       -5.0        5.0       -1.0        1.0       -2.0        7.0        9.0       -5.0        1.0        0.0        3.0       -8.0        6.0       -1.0        0.0       -6.0        7.0        8.0        2.0 =      173.0
       9.0        6.0       -3.0       -7.0        4.0       -2.0        6.0       -6.0       -5.0       -7.0     -244.0       10.0        3.0       -3.0       -3.0        2.0        4.0        9.0       -5.0       -2.0        6.0        0.0        1.0        8.0       -6.0        2.0       -7.0      -10.0        2.0       -6.0        4.0        5.0       -9.0       -1.0       -7.0       -1.0        4.0       -5.0        2.0       -9.0       -1.0       -8.0        4.0       -4.0       -2.0        8.0       -8.0       10.0 =     2096.0
      -2.0        8.0      -10.0        3.0      -10.0       -8.0       -8.0        3.0        6.0       -6.0       -3.0      288.0        5.0        9.0       -7.0        6.0       -9.0        7.0        8.0      -10.0       -6.0        1.0       -7.0       -4.0        5.0        8.0       -2.0       -4.0        3.0        2.0        0.0        9.0        1.0       10.0        4.0       -6.0      -10.0       -9.0      -10.0       -4.0        9.0        8.0        9.0       -8.0       -8.0       -7.0        1.0        3.0 =     -774.0
      -5.0        8.0       -6.0        5.0        0.0       -8.0       -5.0        1.0        4.0        5.0       -7.0       -8.0      251.0       -2.0       10.0        7.0       -4.0       -3.0       -2.0        9.0      -10.0        7.0       -2.0        3.0        5.0        6.0        5.0        4.0        6.0       -4.0        4.0       -6.0        5.0        4.0        1.0        5.0        7.0        5.0      -10.0       -2.0       -1.0       -9.0       -9.0        6.0        6.0       10.0       -5.0        4.0 =    -1425.0
      -1.0        7.0       -7.0        1.0        0.0       -9.0        2.0       -3.0        9.0       -9.0       -2.0        0.0       -2.0     -242.0        9.0        2.0       -4.0        9.0       -5.0       -5.0       -6.0        3.0        9.0       -6.0       -6.0        6.0       -4.0       -1.0        9.0       -1.0       -8.0       10.0       -4.0        2.0       -4.0        7.0        0.0       -2.0       10.0       -3.0       -9.0        1.0        1.0        3.0       -7.0        9.0        9.0      -10.0 =     1210.0
       3.0        0.0       10.0       -2.0       -5.0       -7.0       -9.0       -3.0       -2.0       -4.0        4.0       -1.0        4.0        9.0      240.0        3.0        2.0       -6.0       10.0        5.0        3.0        9.0        5.0      -10.0        2.0       10.0        8.0        3.0        6.0       -3.0       -2.0       -2.0        6.0        6.0        8.0       -7.0        6.0       -6.0        3.0       -2.0       -7.0       -1.0       -7.0       -6.0        5.0        4.0       -2.0       -6.0 =      274.0
       3.0       -9.0       10.0       -8.0       -7.0        4.0        9.0       -5.0        7.0      -10.0       -7.0       -7.0       -4.0        4.0       -5.0     -265.0       -6.0      -10.0       -7.0        7.0       -3.0       -2.0       -5.0       -7.0        1.0        5.0        2.0       -5.0       -7.0       -6.0       -1.0        2.0        1.0       -8.0        9.0        6.0        3.0       -7.0        7.0       -8.0       -8.0        2.0        1.0       10.0        6.0        1.0        7.0        6.0 =     2736.0
       5.0        6.0        7.0       -1.0       -1.0       -9.0       -1.0       -8.0        4.0       -6.0        7.0       -7.0       -7.0       -8.0        8.0        1.0      243.0        2.0        8.0       -1.0       -8.0        8.0       -6.0        2.0        4.0        6.0       -3.0      -10.0        1.0        2.0       -2.0        3.0       -7.0       -5.0       -2.0       -2.0       -1.0       -7.0       -8.0       -3.0       -6.0       -4.0       -7.0        7.0        8.0       -8.0        0.0        9.0 =     -812.0
       3.0       -6.0       -1.0        4.0       -7.0       -1.0       -7.0       -3.0        1.0        2.0        0.0        7.0        6.0       10.0        7.0        1.0        8.0      217.0        6.0        2.0        1.0       -1.0       -8.0       -9.0        5.0       -8.0       -2.0       -1.0        7.0        1.0       -4.0       -8.0        8.0        5.0        4.0        9.0        1.0       -3.0       -7.0        1.0       -4.0        3.0        0.0       -1.0        3.0        8.0       -9.0        7.0 =    -1729.0
       4.0        0.0      -10.0        5.0       -6.0       -5.0        1.0       -8.0       -7.0        2.0        5.0        7.0        5.0       -4.0        6.0       -5.0       -6.0       -9.0     -281.0        7.0        6.0       -9.0       -6.0        7.0        8.0       -7.0       10.0        1.0        4.0        8.0       -6.0       10.0        5.0        9.0       -1.0        7.0        1.0       -4.0        6.0        8.0       -4.0        7.0        9.0       -4.0       -7.0       -7.0        9.0        0.0 =     -478.0
      -9.0       -2.0        6.0        9.0       -9.0       -8.0        5.0        3.0        3.0        2.0       -7.0        1.0      -10.0       -5.0        4.0        0.0      -10.0       -2.0       -8.0     -243.0       -8.0       -8.0        9.0       -3.0        1.0       -8.0       -3.0        5.0        6.0        4.0       -2.0        7.0       -1.0        5.0       -4.0        3.0        7.0        6.0        6.0       -2.0       10.0       -1.0       -1.0        3.0        6.0        0.0        5.0        6.0 =      232.0
       6.0        6.0        6.0        7.0       -1.0       -5.0        3.0       -3.0        0.0        5.0       -8.0       -2.0       -1.0       -6.0       -3.0        4.0      -10.0        6.0       -3.0      -10.0      242.0        4.0        8.0      -10.0        5.0        3.0        8.0       -5.0       -4.0        5.0        5.0       -4.0        3.0        0.0       -7.0        7.0        3.0       -5.0        8.0        4.0      -10.0        5.0        5.0       -6.0       -5.0        6.0       -5.0        0.0 =      502.0
       6.0        4.0       -1.0        8.0        5.0        3.0        9.0       -8.0       -6.0       -6.0       -1.0        2.0       10.0       -2.0       -8.0       -9.0        2.0        6.0        7.0        5.0        6.0      252.0       -2.0        4.0        1.0       -3.0      -10.0       -8.0       -7.0        3.0        1.0       -2.0        5.0        1.0        1.0       -8.0        6.0        9.0       -9.0       -4.0       -9.0        4.0       -9.0        1.0       -7.0       -9.0       -4.0       -8.0 =    -1326.0
      -2.0        1.0        0.0       -5.0        2.0        4.0        8.0       -6.0        5.0        1.0       -6.0       -8.0        3.0        1.0        9.0       -9.0        1.0        7.0        8.0        9.0        5.0       -8.0      252.0        4.0       -7.0        3.0        8.0        2.0       -5.0        0.0        8.0        0.0       -8.0        2.0       -7.0       -7.0       -8.0        8.0       -8.0       10.0        9.0        0.0        0.0       -1.0       -9.0       -6.0      -10.0        5.0 =      510.0
      -9.0        9.0       -2.0        6.0       -9.0        2.0        8.0       -1.0        3.0        7.0       -3.0        7.0        1.0        2.0        8.0       -4.0       -8.0        2.0       -1.0       -4.0       -9.0       -1.0       -1.0     -246.0       -8.0       -8.0       -4.0       -8.0       -7.0        9.0        4.0       -1.0      -10.0       -4.0        7.0       -5.0       -3.0        0.0        5.0      -10.0        8.0        3.0        5.0       -1.0       -1.0       10.0       -5.0       -9.0 =     1932.0
      -3.0        3.0        9.0       -4.0        6.0       -2.0        2.0        6.0       -6.0        2.0       -3.0       -8.0       -9.0       -1.0       -6.0       -1.0       -4.0       -3.0       -7.0        6.0        5.0        8.0       -6.0       -5.0      213.0       -1.0       -5.0        6.0        1.0        3.0        0.0        3.0        0.0       -6.0       -5.0        7.0        5.0      -10.0        3.0       -8.0        6.0       -1.0       -2.0       -9.0        3.0       -3.0       -4.0       -1.0 =     1218.0
      -2.0        7.0        8.0        9.0        1.0        0.0       -1.0       -5.0        8.0        7.0        5.0       10.0        0.0       -5.0        1.0       -5.0       -1.0        4.0       -8.0       -3.0       -2.0       -4.0        3.0        9.0       -3.0     -233.0        4.0        1.0        3.0        7.0        5.0        6.0        1.0       -9.0       -9.0       -1.0       -2.0        8.0       -5.0        9.0       -9.0       -2.0        8.0        4.0       -9.0        9.0       -2.0       -2.0 =     -370.0
       9.0       -5.0       -4.0        6.0        1.0       -9.0        6.0        6.0        8.0       -6.0       -2.0       -8.0        8.0        7.0        3.0        3.0       -7.0       -6.0        2.0       -8.0       -7.0        6.0        3.0       -4.0        2.0        1.0      250.0        5.0        7.0        6.0        1.0       -5.0        2.0       -8.0       -6.0        4.0       -1.0       -1.0       10.0       -9.0        5.0       -8.0        0.0        9.0       -5.0        8.0        9.0       -2.0 =    -2208.0
      -1.0        5.0       -3.0        6.0        1.0        4.0        3.0       -8.0       -1.0       -3.0       -4.0       -1.0        7.0       -1.0        7.0       -2.0       -6.0        5.0        7.0        3.0        6.0        2.0       -9.0       -9.0       -6.0        7.0       -5.0     -223.0       -5.0       -2.0        2.0       -5.0        9.0       -9.0       -7.0        6.0       -8.0        8.0        9.0       -3.0        1.0        0.0       -7.0        4.0       -3.0       -1.0        6.0       -1.0 =      675.0
       9.0       -1.0       -2.0       -8.0       -5.0       -7.0        2.0       -5.0       -8.0        0.0       -2.0       -8.0        9.0        4.0      -10.0       10.0        5.0        1.0        1.0       -3.0        0.0       10.0       -8.0       -3.0        2.0       -7.0       -2.0       -7.0      251.0        2.0       -1.0        3.0        6.0       -6.0        5.0      -10.0        9.0        9.0        9.0        3.0       -6.0       -9.0        5.0       -8.0        4.0        5.0       -3.0        1.0 =      472.0
       1.0       -8.0        4.0        0.0        1.0       -8.0        4.0       -4.0       -3.0       -3.0       -1.0        0.0        4.0       -6.0        9.0       -5.0       -6.0       10.0       -3.0       10.0       -5.0       -9.0        2.0        6.0       -9.0        9.0       -1.0       -7.0       -9.0      236.0        6.0       -4.0        7.0        0.0        3.0        8.0        1.0       -3.0       -5.0       -6.0       -7.0        8.0        0.0        8.0       -9.0        2.0       -1.0        7.0 =    -1568.0
     -10.0       -7.0       -6.0       -9.0       -1.0       -3.0        5.0       -5.0       -2.0        6.0       -1.0        0.0        0.0        5.0       -5.0        2.0        4.0        2.0        1.0       -2.0       -4.0        3.0        9.0        7.0        4.0        2.0        7.0        6.0        7.0        6.0     -227.0        2.0       -6.0       -7.0       -6.0       -6.0       -1.0        3.0        6.0       -2.0        9.0        9.0        3.0       -9.0       -6.0       -7.0       -3.0        7.0 =     1100.0
       3.0       -6.0        0.0        9.0        0.0        3.0        2.0        0.0        0.0        3.0        0.0       -9.0        2.0        7.0       -3.0       -1.0        3.0        5.0       -4.0        8.0        8.0       -9.0       -8.0       -2.0        7.0        7.0       -5.0       -6.0      -10.0        4.0       -1.0      219.0       -8.0       -2.0       -8.0        2.0       -5.0        1.0       -7.0       -2.0        2.0       -5.0       -7.0       10.0       -1.0      -10.0        3.0        9.0 =    -1584.0
      -5.0        7.0       -1.0        6.0       -6.0        8.0        9.0       -1.0       -4.0       -5.0       -8.0       -7.0       -3.0       -6.0      -10.0        8.0        2.0       10.0        7.0        4.0      -10.0       -6.0        9.0       -8.0        9.0       -6.0      -10.0      -10.0       -9.0        6.0        5.0        4.0      265.0        1.0        0.0        2.0       -4.0       -5.0        0.0        5.0       -8.0       -9.0        1.0        1.0        4.0       -8.0        6.0        1.0 =     -462.0
       0.0        9.0       -3.0        4.0      -10.0        3.0        6.0        7.0       -7.0       10.0        6.0        4.0       -4.0       -3.0       10.0      -10.0      -10.0       -6.0        2.0        7.0        3.0        6.0        5.0      -10.0        2.0        3.0        0.0       -7.0       -4.0       -4.0        2.0       -4.0       -3.0      236.0       -6.0       -4.0       10.0       -6.0       -9.0        0.0       -4.0        9.0       -2.0        7.0        0.0        0.0       -2.0        0.0 =     1631.0
       2.0        3.0       -7.0       -5.0        4.0        0.0       -1.0        4.0        3.0       -4.0       -6.0        1.0        9.0       -7.0       -9.0      -10.0        5.0       -8.0        2.0        2.0        9.0       -3.0       -6.0       -5.0        9.0      -10.0        8.0       10.0        2.0        1.0       -8.0       -6.0       -7.0        3.0     -247.0       -7.0       -5.0        5.0       -8.0       10.0        1.0        6.0        1.0        5.0       -3.0        7.0        4.0       -6.0 =    -2620.0
      -4.0        9.0       -5.0        2.0        0.0        9.0        2.0        7.0       -6.0       -2.0       -8.0        7.0        4.0       -4.0        7.0        6.0        4.0       -2.0       -8.0       -1.0       -4.0        7.0       -5.0        7.0       -9.0       -2.0        6.0       -5.0       -6.0        4.0        5.0       -3.0        1.0        0.0       -3.0      228.0        3.0        3.0       -6.0       -8.0        6.0       -8.0       -7.0       -8.0        3.0        1.0       -1.0       -9.0 =    -1035.0
       9.0        0.0        0.0        9.0       -2.0        2.0       -8.0       -8.0       -8.0        3.0      -10.0        0.0        6.0       -6.0        0.0      -10.0        4.0        1.0       -4.0        5.0        6.0        0.0        4.0        2.0        0.0        4.0       -7.0       -7.0       -5.0       -9.0        9.0       -9.0        8.0        2.0       -9.0       -2.0      231.0        7.0       -5.0        0.0       -9.0       -8.0       -3.0        0.0        2.0       -5.0       -7.0        4.0 =     1239.0
       0.0       -1.0       -3.0       -7.0        4.0        4.0        1.0        9.0        6.0        1.0        5.0       -5.0        0.0       -5.0        9.0       -5.0       -8.0        2.0        5.0       -9.0        5.0        5.0        9.0        9.0       -3.0        2.0        5.0        2.0        9.0       -7.0        8.0        0.0        2.0        0.0        1.0        3.0       -6.0      218.0        3.0       -5.0       -5.0       -6.0        3.0       -3.0        2.0        7.0       -5.0        7.0 =    -2367.0
      -6.0       -3.0       -4.0       -6.0        7.0       -3.0       -8.0        0.0       -6.0       -2.0       -2.0       -1.0       -9.0       -7.0        3.0       -6.0       -9.0        6.0        6.0       -3.0        4.0       -5.0        7.0        3.0       -3.0        4.0        8.0       -2.0       -1.0        8.0       -4.0        1.0        1.0       -3.0       -1.0        3.0        4.0       -5.0      213.0        7.0        0.0        4.0       -9.0        4.0       -1.0        6.0        9.0        8.0 =      828.0
      -8.0       -1.0        4.0        7.0       -6.0      -10.0       -1.0       -7.0        6.0        5.0       -1.0        9.0        7.0        9.0        5.0        1.0        6.0        0.0       -9.0        5.0       -9.0       -8.0       -9.0        5.0      -10.0       -3.0       -3.0        0.0       -2.0       -2.0        5.0        9.0       -5.0       -1.0        0.0       -9.0       -2.0        5.0       -3.0      245.0       -1.0       -2.0        4.0        8.0       -8.0       -4.0      -10.0       -2.0 =      209.0
       7.0        5.0        0.0        6.0        0.0        5.0       -9.0       -2.0       -4.0        3.0        7.0        6.0        1.0        2.0       -2.0        3.0        7.0       -3.0       -7.0       -3.0        7.0        9.0        8.0       -7.0        5.0       -8.0        8.0       -7.0        2.0        6.0       -8.0       -9.0        0.0       -9.0        4.0       -9.0       -1.0        9.0        1.0       10.0      244.0        3.0       -7.0        8.0        0.0      -10.0        1.0       -5.0 =    -1068.0
      -4.0       -4.0        5.0       -8.0        7.0        7.0        7.0        5.0        9.0       -8.0       -9.0       -2.0       -9.0       -5.0       -4.0       -9.0        7.0       -2.0       -1.0       -8.0        5.0       -7.0        2.0       -6.0        9.0        4.0       -5.0        0.0        6.0       -1.0        8.0        6.0       -4.0       -2.0       -7.0        7.0       -4.0       -8.0       -4.0       -6.0       -1.0     -260.0       -8.0       -4.0       -7.0       -1.0       -5.0      -10.0 =     -658.0
       8.0       -6.0       -2.0        8.0       -6.0        0.0       -7.0        9.0        1.0       -2.0       -7.0        6.0       -6.0        6.0       -2.0        5.0        1.0       -4.0        0.0        7.0      -10.0        2.0       -1.0       -9.0       -7.0        8.0       -9.0        4.0        5.0        8.0        2.0       -9.0       -9.0        1.0       -6.0       -9.0        6.0       -3.0       -4.0        2.0        7.0       -1.0      242.0        2.0        2.0        2.0        8.0        3.0 =    -1416.0
      -4.0        6.0       -1.0        5.0        8.0        9.0        9.0       -3.0       -8.0        2.0        6.0       -1.0       -9.0        8.0       -9.0       -3.0        2.0       -9.0       -3.0       -7.0       -2.0       -9.0        5.0        0.0        0.0        1.0        4.0        8.0       -4.0        7.0        6.0        2.0       -6.0       -1.0        7.0        4.0        6.0       -9.0        1.0       -1.0        8.0       -4.0        1.0     -229.0        2.0       -3.0        0.0       -8.0 =      864.0
      -4.0       -4.0        8.0      -10.0        9.0        2.0       -9.0        0.0        5.0       -8.0       -6.0       -5.0        2.0        0.0       -5.0       -1.0        7.0        5.0        0.0       -5.0        4.0        1.0        3.0       -6.0        9.0       -7.0       -1.0       -5.0       -8.0       -5.0       -4.0        3.0      -10.0       -5.0       -8.0        4.0        1.0        6.0        5.0        8.0        3.0       -5.0       -8.0       -9.0      254.0       -6.0        7.0        9.0 =    -1688.0
      -1.0       -8.0       -7.0        8.0        2.0        6.0       -9.0      -10.0        6.0       -9.0        6.0       -9.0       -7.0        9.0       -1.0        1.0        3.0        3.0       -4.0        3.0        3.0       -7.0       -8.0       -8.0        9.0       -5.0        4.0       -5.0        0.0       -6.0       -7.0       -2.0       -8.0        2.0        9.0       -9.0        6.0        4.0       -7.0       -8.0       -9.0        4.0        9.0       -7.0        6.0     -281.0      -10.0       -2.0 =    -2457.0
       5.0       -2.0        7.0        5.0       -1.0       -8.0       -7.0       -6.0        1.0        6.0        5.0        5.0        8.0       -4.0       -4.0        4.0        3.0        4.0        4.0       -8.0        7.0       -9.0        5.0        8.0       -6.0       -9.0        8.0       -2.0        4.0       -4.0       -5.0       -3.0       -4.0       -5.0       -2.0       -9.0        1.0       -3.0        8.0       -9.0       -7.0       -6.0        0.0       -9.0       -1.0        0.0      248.0       -9.0 =    -1632.0
       0.0        4.0       -9.0        6.0       10.0        8.0       -4.0       -1.0       -2.0       -8.0       -2.0        4.0        2.0       -4.0        5.0       -9.0        8.0       -5.0        7.0        5.0       -4.0        6.0       -5.0       -1.0        6.0        4.0        8.0        6.0        2.0       -2.0        7.0        5.0        5.0       -8.0        6.0        4.0       -5.0       -8.0       -1.0        3.0        4.0       -3.0       -3.0       10.0       -6.0        1.0        1.0     -232.0 =      555.0

       9.0        7.0       -5.0        4.0        2.0        9.0        0.0       -6.0       -6.0       -1.0       -8.0       -3.0       -5.0       -5.0        1.0       -9.0       -4.0       -7.0        2.0       -1.0        2.0       -6.0        2.0       -7.0        7.0        2.0       -8.0       -3.0        2.0       -7.0       -5.0       -8.0       -2.0        7.0       10.0       -5.0        7.0       -9.0        4.0        1.0       -4.0        2.0       -6.0       -4.0       -8.0        7.0       -8.0       -3.0
