48
    -240.0       -5.0       -6.0       -1.0        3.0       -9.0        1.0        2.0        6.0        5.0        8.0        6.0        0.0        6.0        9.0      -10.0       -1.0       -3.0        5.0        5.0       -2.0      -10.0        0.0       -3.0       -5.0        1.0        1.0       -1.0       -3.0        3.0       -2.0       -3.0        7.0       -5.0       10.0        9.0       -4.0       -6.0        9.0       -5.0       -8.0        7.0       -9.0        1.0        4.0       -9.0        6.0       -6.0 =     1452.0
      10.0      249.0       10.0       -3.0        4.0        3.0        8.0        7.0       -7.0       -1.0       -7.0       -6.0        0.0       -9.0       -5.0       -8.0        4.0        5.0        1.0       -3.0       -9.0       -6.0        6.0       -1.0       -9.0        2.0       -3.0       -2.0        8.0        7.0       -2.0       10.0       -3.0       -4.0        7.0       -6.0       -4.0       -3.0       -4.0       -3.0        7.0        0.0       -7.0        9.0       -6.0       -7.0       -7.0        2.0 =     -224.0
       0.0        8.0     -226.0       -8.0        3.0        5.0       -8.0       -6.0       -8.0       -3.0        7.0       -7.0       -4.0        3.0       -5.0        0.0       -1.0       -7.0       -9.0        2.0        1.0        0.0       -4.0       -2.0        6.0        4.0       -3.0        5.0        4.0       -5.0       10.0        4.0       -7.0       -3.0        7.0        4.0       -2.0        2.0       -7.0        2.0        7.0       -5.0        7.0        7.0       -6.0       -1.0       10.0        7.0 =      444.0
      -7.0        3.0        6.0      203.0        0.0       -6.0        6.0       -9.0       -1.0        4.0        1.0        6.0        7.0       -7.0        0.0       -5.0       -5.0        0.0       -3.0       -1.0        3.0       -4.0        6.0        3.0       -8.0        4.0       -8.0        1.0       -9.0       -1.0       -1.0        1.0        4.0        6.0       -8.0        7.0       -3.0       -2.0       -3.0        8.0       -7.0       -4.0       -5.0       -3.0        2.0       -2.0       -2.0        9.0 =     1584.0
       2.0        2.0       -9.0       -3.0      249.0       -7.0        6.0        1.0       -4.0        5.0        8.0        9.0        7.0        1.0      -10.0        8.0       -5.0        0.0        3.0        2.0        7.0        2.0        8.0       -5.0        0.0        4.0       -3.0        1.0        8.0       -6.0       -8.0        2.0        0.0        8.0       -9.0        7.0        9.0       -7.0        6.0        7.0        7.0       -2.0       -8.0        4.0        5.0       -6.0        9.0        7.0 =    -2184.0
       1.0       -9.0       -2.0       -4.0        3.0     -240.0        7.0        6.0        5.0        7.0       -7.0       -1.0       -8.0        3.0       -1.0        3.0       -9.0        3.0        3.0        7.0        4.0        2.0        7.0        7.0       -3.0       -4.0       -7.0        6.0        3.0        8.0       -4.0       -1.0        3.0        9.0        5.0       -5.0        9.0       -7.0       -8.0        1.0       -8.0        8.0        1.0       -6.0        2.0      -10.0        2.0       -2.0 =    -2210.0
      -7.0        0.0       -7.0       -9.0       -8.0       -9.0     -246.0       -9.0        1.0       -9.0       -7.0       -5.0       -8.0        9.0        2.0       -2.0       -6.0        7.0        8.0        7.0        3.0       -2.0        8.0       -8.0       -8.0       -4.0        2.0        2.0       -1.0       -4.0        9.0       -5.0        7.0       -6.0        0.0        3.0       -7.0       -4.0        0.0       -5.0       -7.0        2.0       -6.0        1.0        4.0       -2.0        6.0       -2.0 =    -1932.0
       3.0        1.0        9.0        5.0        8.0       -8.0       -9.0     -262.0       -2.0       -5.0        5.0       -6.0       -7.0      -10.0       -5.0       -4.0       -4.0        8.0        3.0        8.0       -4.0        2.0        4.0       -5.0       -2.0      -10.0        9.0       -2.0       -7.0        3.0       -9.0       -3.0       -6.0       -5.0        4.0        5.0       -6.0       -5.0       -2.0        8.0        0.0        8.0      -10.0       -8.0        9.0       -2.0       -5.0        2.0 =    -1854.0
      -2.0       -5.0       -3.0        9.0       -7.0       -5.0        0.0        3.0     -243.0        2.0       -9.0       -4.0       -9.0        9.0       -5.0        1.0        2.0        7.0        3.0        0.0        1.0        5.0       -4.0        3.0        4.0      -10.0        9.0        4.0       -5.0        3.0       -4.0       -9.0       -8.0        2.0        6.0        3.0        4.0       -9.0        0.0        5.0        7.0        5.0       -9.0      -10.0        9.0       -5.0       -4.0        4.0 =        0.0
      -3.0       -7.0       -6.0       -6.0       -9.0       -4.0        7.0        0.0        3.0     -220.0       -3.0        0.0        5.0        3.0       -1.0       -2.0       -9.0       10.0        0.0        8.0        0.0       10.0        7.0        0.0        1.0        9.0        8.0        1.0       -2.0       -4.0        0.0        5.0        9.0        5.0       -7.0       -4.0        8.0        0.0        0.0       -7.0        2.0        5.0        9.0       -6.0        1.0       -1.0       -9.0        4.0 =    -1900.0
      -5.0        4.0        7.0       -1.0        8.0      -10.0       -8.0        5.0       -1.0        5.0      243.0       -9.0       -7.0        4.0        7.0       -7.0        0.0        6.0        9.0        2.0       -2.0        2.0        6.0        4.0       -2.0       -7.0       -4.0        9.0      -10.0       -9.0        1.0        2.0        1.0       -3.0       -4.0        3.0        5.0        0.0       -2.0        1.0       10.0        7.0       10.0       -7.0       -6.0        6.0        2.0       -5.0 =      520.0
      -2.0        2.0       -1.0       -2.0       -9.0       -7.0        5.0        8.0        3.0        1.0       -4.0     -221.0       -9.0        8.0        1.0        2.0        7.0       -1.0        1.0        7.0        5.0       -6.0       -2.0       -3.0       -1.0       -6.0        4.0        7.0       10.0        7.0        0.0        0.0        7.0        7.0       -6.0        7.0       -3.0        5.0        5.0       -8.0       -3.0        2.0        8.0       -5.0      -10.0       -4.0        2.0        0.0 =      384.0
       9.0       -3.0       -2.0        4.0       -4.0       -2.0        3.0        4.0       -1.0        5.0       -1.0       10.0     -239.0       -3.0        8.0       -1.0       -4.0        6.0        2.0        8.0       -5.0        6.0       -1.0       -9.0       -4.0        7.0       10.0      -10.0       -4.0        2.0       -4.0        5.0        9.0       -7.0      -10.0       -5.0       -9.0      -10.0        2.0        8.0       -1.0        3.0        0.0        7.0        6.0       -2.0       -8.0        5.0 =      660.0
      -3.0        5.0        6.0        4.0        1.0        7.0       -5.0        8.0        4.0       -2.0        5.0       -6.0        2.0     -250.0       -1.0       -7.0        5.0        7.0        8.0       -4.0       10.0      -10.0       -3.0       -2.0        4.0       -6.0       -3.0       -7.0        6.0       -5.0        7.0        2.0       -2.0        2.0        9.0        7.0       -4.0       10.0        8.0       -8.0        3.0       -6.0        0.0        3.0       -2.0        7.0       -9.0        7.0 =      990.0
       3.0        5.0        3.0        9.0       -9.0       -5.0        4.0       -1.0       10.0        9.0        7.0       -3.0        5.0        7.0     -258.0        8.0       -6.0        1.0        7.0        3.0      -10.0       10.0        0.0       -4.0        9.0        5.0       -8.0       -7.0        6.0        5.0       -5.0       -3.0        0.0        8.0        0.0        6.0       -9.0       -4.0       -1.0        7.0       -9.0        9.0        1.0       -1.0        0.0       10.0       -3.0        8.0 =    -1448.0
      -4.0        9.0        4.0        6.0       -2.0        4.0       -5.0        6.0       -4.0        8.0       -6.0       -8.0       -7.0       -9.0        8.0      261.0        0.0        8.0       -9.0       -2.0       -1.0        1.0        0.0       -6.0      -10.0       -5.0       -4.0        2.0       10.0       -8.0       -6.0       10.0        6.0        4.0        7.0       -8.0       -5.0        5.0       -7.0       -1.0       -3.0        4.0        9.0       -6.0       -5.0       -7.0       -2.0        3.0 =    -2350.0
       0.0        0.0       -8.0        3.0        2.0       -6.0        2.0        6.0       -9.0        2.0       -3.0       -9.0       -9.0       -3.0       -9.0        5.0     -249.0       -6.0        0.0        8.0        1.0        9.0        3.0        0.0        7.0        5.0       -1.0        8.0       -4.0        4.0       -4.0       -7.0       -8.0       10.0        2.0       -3.0        9.0        5.0       -8.0       -2.0       -5.0       -8.0        7.0       -1.0        9.0        5.0       -8.0       -7.0 =      530.0
      -8.0       -9.0        5.0       -5.0        2.0        3.0       -8.0       -4.0       -5.0       -8.0        2.0       -9.0       -2.0       -8.0       -1.0       -1.0       -5.0     -204.0        2.0       -3.0        5.0       -6.0        9.0        5.0        6.0        4.0        0.0       -7.0        7.0       -2.0       -2.0       -5.0       -5.0        1.0       -1.0        1.0        7.0       -2.0       -8.0       -1.0       -6.0       -2.0       -1.0       -5.0       -4.0       -4.0        1.0        7.0 =    -1096.0
      -7.0       -7.0       -4.0        2.0       -8.0       -5.0       -9.0       -1.0       -6.0       -1.0       -3.0        4.0        2.0        0.0       -6.0        5.0        2.0        9.0     -246.0       -2.0       -2.0        8.0        6.0        8.0       -6.0        5.0       -9.0        4.0       10.0        3.0       -2.0       -9.0       -8.0        4.0        1.0       -7.0        5.0       -2.0        3.0        5.0      -10.0       -1.0       -2.0       -9.0        7.0      -10.0       -7.0        7.0 =    -1734.0
      -8.0        0.0        7.0        5.0       -8.0       -8.0       -9.0        1.0        1.0        0.0        0.0       -8.0        5.0        3.0       -8.0      -10.0       -3.0       -3.0        9.0      208.0        3.0       -8.0        1.0       -6.0        4.0        1.0        4.0       -5.0        9.0       -8.0       -5.0       -1.0        3.0       -1.0       -3.0        5.0       -5.0       -1.0       -4.0        2.0       -3.0       -6.0        2.0       -1.0        6.0       -3.0        1.0       10.0 =    -1320.0
      -6.0       -2.0       -1.0        0.0       10.0        1.0       -2.0      -10.0        6.0       -4.0       -7.0        3.0        0.0       -6.0        2.0       -1.0        7.0        0.0        3.0       -9.0     -230.0        9.0       -7.0       -9.0        1.0        6.0        5.0        4.0        1.0        4.0       -7.0        2.0        1.0        5.0        7.0       10.0       -9.0       -6.0        7.0        6.0        6.0        2.0        9.0        4.0        1.0       -7.0       -4.0       -2.0 =      207.0
       7.0        7.0        0.0       -9.0        2.0        0.0        7.0        8.0        8.0       -4.0       -5.0        9.0       -9.0        1.0        8.0       -9.0        2.0       -3.0       -4.0        2.0       -6.0     -268.0        5.0        5.0        9.0        8.0        8.0        3.0       -6.0        9.0        9.0        1.0        5.0        0.0        8.0        3.0        9.0       -9.0        8.0        5.0        8.0       -6.0       -2.0      -10.0       -2.0        8.0       -6.0        4.0 =     -546.0
       8.0        0.0        0.0        1.0        9.0        8.0        6.0       -6.0       -5.0        8.0        0.0        4.0        1.0       -5.0       -9.0        0.0        6.0       -6.0       -3.0       -1.0        2.0       -7.0     -230.0       -6.0        0.0        8.0       -9.0        6.0        7.0        3.0        6.0        4.0       -3.0        6.0        0.0       -4.0        8.0        4.0        9.0        9.0        7.0        8.0       -2.0        2.0        1.0        2.0       -9.0        7.0 =    -1240.0
       2.0       -8.0       -7.0       -1.0        5.0       -8.0        6.0        8.0        5.0        9.0        0.0        3.0        4.0       -5.0        3.0       -8.0        7.0        0.0        2.0        4.0        0.0        3.0        3.0      228.0        6.0       -8.0       -2.0        7.0        4.0        0.0       -8.0        1.0       -7.0        6.0       10.0       -2.0       -8.0       -6.0       -3.0        5.0       -8.0        3.0       -9.0       -2.0       -3.0       -4.0       -4.0        5.0 =     1140.0
       1.0        5.0        9.0       -9.0       -3.0       -9.0        6.0        4.0       10.0       -5.0        9.0       -5.0       -1.0       -8.0       -7.0       -6.0       -2.0        3.0        3.0      -10.0        2.0        0.0       -4.0       -1.0      244.0       -9.0       10.0        0.0       -2.0        1.0       -7.0        2.0       -9.0        3.0       -8.0       -6.0        9.0        7.0       -6.0       -5.0       -5.0       -7.0       -4.0       -3.0        3.0        0.0        2.0        4.0 =     1176.0
       1.0        4.0       -2.0       -5.0       -3.0        2.0      -10.0        3.0       -1.0        5.0        5.0        1.0        6.0       -4.0        5.0        3.0        9.0        6.0        8.0        9.0       -7.0        3.0       10.0        3.0       -8.0      252.0      -10.0       -6.0        8.0       -6.0        1.0        6.0       -9.0        7.0       -6.0        0.0        4.0      -10.0        2.0       -6.0       -2.0       -5.0       -8.0       -7.0       -4.0       -5.0        6.0        5.0 =     -500.0
       5.0        6.0       10.0        2.0       -4.0       -6.0        7.0        3.0       -8.0        3.0        9.0       -3.0        5.0       -5.0        3.0      -10.0       -6.0        5.0        0.0        6.0       -4.0        1.0       -2.0       -9.0       -7.0       -6.0     -242.0       -4.0       -8.0        2.0       -1.0        0.0        1.0        1.0        3.0      -10.0        7.0      -10.0        8.0        7.0       -5.0       -2.0        3.0       -8.0       -2.0       -9.0        6.0        4.0 =    -1320.0
       1.0       -3.0       -4.0       -2.0       -4.0        7.0      -10.0        2.0       -5.0       10.0        2.0        4.0        5.0        1.0        4.0        1.0        5.0       -1.0        2.0      -10.0        1.0        3.0      -10.0       -3.0        2.0       -9.0       -4.0     -228.0       10.0        9.0       -3.0        0.0        6.0        6.0       -2.0       -3.0        1.0        2.0        8.0        3.0        8.0        2.0       -9.0       -9.0        7.0       -5.0        6.0        9.0 =    -1576.0
      -4.0        3.0       -6.0       -5.0        5.0       -4.0        7.0        7.0       10.0       -2.0       -8.0       -4.0       -7.0       -1.0       -6.0        7.0        1.0       -1.0        3.0       -9.0       -1.0       -6.0       -1.0       -7.0       -8.0       -4.0       -9.0       -3.0     -252.0       -2.0        1.0        4.0        7.0        5.0       -8.0       -8.0       -7.0       -7.0        4.0        3.0        3.0       -5.0        1.0      -10.0        7.0       10.0       -9.0        8.0 =    -2772.0
       7.0        0.0       -1.0       -5.0      -10.0        6.0        9.0        7.0      -10.0        0.0        4.0       -4.0       -3.0      -10.0       -4.0        9.0        2.0        8.0        1.0        1.0       -6.0        8.0       -6.0       -5.0       -3.0        8.0        6.0        2.0        1.0     -252.0       10.0       -8.0        6.0        3.0       -9.0        9.0        4.0        4.0        1.0        3.0       -5.0       -2.0        3.0        2.0        5.0       10.0       10.0        8.0 =     -558.0
      -7.0       -1.0       -7.0       -6.0       -1.0        1.0        0.0        5.0        9.0        9.0        6.0       -5.0       -9.0        7.0        4.0       -1.0        9.0       -9.0       -8.0       -3.0       -8.0       -3.0        5.0       -6.0       -4.0        8.0      -10.0        8.0       -6.0        2.0      273.0        8.0       -6.0       -1.0       -2.0       -1.0       10.0        9.0        6.0        5.0       -3.0        9.0        8.0        9.0        7.0       -7.0       -8.0       -4.0 =    -1746.0
       3.0       -5.0       -2.0       -4.0        9.0        2.0        9.0        9.0       -3.0       -3.0        9.0        2.0        1.0       -1.0       -9.0       -1.0        3.0        7.0        1.0       -8.0        7.0       -9.0        2.0        5.0        1.0        7.0      -10.0        6.0        3.0        3.0        5.0     -233.0        4.0       -6.0       -4.0        4.0      -10.0        7.0        5.0        8.0       -6.0        3.0        8.0       -1.0        3.0       -9.0       -3.0        0.0 =     1337.0
       9.0        7.0        9.0        8.0        3.0        1.0        1.0       -4.0       -7.0        5.0        3.0        8.0       -5.0        3.0       -8.0      -10.0       -9.0        9.0        5.0       -7.0       -2.0        1.0       -2.0       -5.0        8.0        6.0       -4.0        5.0       -8.0       -2.0       -8.0        9.0     -251.0        0.0       -7.0       -2.0        6.0        3.0       -5.0        7.0        6.0       -7.0       -1.0       -3.0        4.0        4.0       -3.0       -6.0 =    -2124.0
      -1.0       -6.0        6.0       -4.0       -8.0       -9.0       -6.0      -10.0       -7.0       -5.0       -6.0        2.0        9.0       -9.0       -3.0        1.0        0.0       -1.0      -10.0        7.0        6.0       -7.0       -9.0        4.0        7.0       -5.0        5.0       -6.0       -8.0        3.0       10.0       -7.0       -4.0     -267.0        6.0       -5.0       10.0       -2.0        7.0       10.0        1.0      -10.0       -3.0       -3.0        6.0       -4.0        3.0        1.0 =    -2568.0
      -8.0        1.0       -8.0        7.0       -2.0       -3.0       -6.0        4.0        9.0       -3.0        4.0       -5.0      -10.0        5.0        1.0        5.0        0.0       -6.0        6.0        7.0        2.0       -6.0       -5.0        4.0       -8.0        8.0       -6.0        8.0        9.0        4.0       -8.0        7.0       -9.0       -2.0      257.0       -8.0        6.0        4.0        6.0       -2.0        6.0        6.0        2.0       -3.0        6.0       -3.0       -6.0       -9.0 =     -258.0
       5.0       -9.0        5.0        8.0       10.0       -5.0       -2.0       -4.0       -1.0       -8.0       -8.0       -1.0        7.0        3.0        4.0       -7.0       10.0        7.0       -4.0       -5.0        9.0        9.0       -7.0        4.0        9.0        3.0        2.0        4.0       -2.0        8.0       -5.0        5.0        6.0       -9.0        6.0     -265.0       -7.0        8.0       -4.0       10.0      -10.0        6.0        6.0        3.0        3.0        2.0        2.0        2.0 =     1182.0
      10.0       -7.0        4.0       -5.0       -9.0       -7.0        1.0        9.0        1.0       -7.0       -9.0        6.0        1.0        6.0        1.0        4.0        3.0        9.0        9.0        5.0        3.0       -2.0       -2.0       -3.0       -4.0        4.0        4.0        0.0       -7.0        4.0       -5.0       -6.0       -5.0       10.0       -4.0       -4.0      235.0       -8.0        6.0        1.0        4.0       -2.0       -7.0        7.0        2.0        7.0       -3.0       -6.0 =     1708.0
      -7.0       -3.0        1.0        3.0        4.0       -1.0       -9.0       -6.0       -4.0        5.0        2.0       -1.0      -10.0        1.0       -8.0       10.0       10.0        8.0       -6.0       -6.0       -4.0        7.0      -10.0       -7.0       -6.0       -8.0        4.0       -5.0       -1.0       -3.0        9.0       -7.0        5.0        6.0        1.0       -3.0       -4.0      264.0       -8.0       -7.0       -4.0        7.0       -4.0        3.0        7.0       -9.0       -9.0        6.0 =    -1218.0
       2.0        9.0        8.0        3.0        6.0        3.0       -3.0        9.0      -10.0        2.0       -1.0        9.0        5.0        8.0        2.0        1.0        2.0        7.0        3.0        4.0       -7.0       -2.0        8.0       -6.0        8.0        4.0        8.0        7.0       -6.0       -1.0       -4.0        2.0        4.0       -4.0       -8.0       -5.0        5.0       -1.0      236.0       -8.0       -9.0        0.0       -4.0        2.0       -4.0       -6.0        7.0       -2.0 =    -1132.0
       8.0       -7.0       -1.0        4.0       10.0        0.0        3.0        7.0        6.0       -9.0       -5.0        0.0        6.0       -1.0        4.0        5.0       -2.0       -5.0        2.0       -7.0       -6.0        3.0       -6.0       -6.0        9.0       -2.0        6.0       -6.0       -5.0       -4.0        7.0       -1.0       -4.0        7.0       -4.0        0.0        2.0       -6.0        8.0     -231.0       -7.0        7.0       -9.0        8.0       -6.0        3.0       -5.0        1.0 =      458.0
       7.0        8.0        9.0        6.0       -1.0        8.0        7.0        8.0       -9.0       -6.0       -6.0        7.0       -3.0        0.0       -2.0        3.0       -3.0        3.0        5.0        6.0        9.0       -2.0       -2.0       -4.0        6.0        8.0        9.0        4.0        0.0        3.0        3.0       -1.0        2.0       -9.0       10.0       10.0       -9.0       -2.0       -6.0       -3.0     -243.0        2.0        4.0        2.0        4.0       -3.0       -5.0       -9.0 =    -1225.0
       8.0        2.0        9.0        5.0       -1.0       -6.0       -1.0       -4.0        7.0        3.0        5.0       -2.0        9.0       -5.0      -10.0       -8.0        7.0       -2.0       -4.0        3.0       -8.0        2.0       -1.0        4.0       -7.0        3.0        7.0       -3.0        5.0        0.0       -5.0       -9.0        9.0       -6.0       -8.0       -5.0       -3.0        8.0       -4.0       -2.0        4.0      236.0       -3.0        9.0        3.0       -2.0       -8.0        6.0 =      237.0
       9.0        0.0       -5.0        5.0        6.0       -7.0        0.0       -3.0       -3.0        2.0        2.0        2.0        9.0        6.0       -8.0       -7.0        8.0       -3.0        5.0        9.0        7.0        9.0        5.0       -4.0       -2.0       -7.0       -6.0       -4.0       -4.0       -1.0       -9.0        1.0       -9.0        3.0        3.0       -3.0       -6.0        6.0       -9.0       -9.0       -8.0       10.0     -237.0        0.0       -2.0        4.0        3.0        4.0 =      476.0
       7.0        2.0       -5.0       -8.0        5.0       -6.0       -4.0        1.0       -6.0      -10.0        0.0       -2.0        3.0        2.0       -3.0        9.0        7.0       -5.0        3.0       -8.0       -1.0      -10.0       -4.0       -6.0       -5.0       -6.0       -2.0        1.0       -4.0       -4.0        8.0        2.0       10.0      -10.0       -8.0        7.0       -5.0       -4.0       -7.0        0.0       -3.0       -3.0        4.0     -245.0       -6.0       -1.0      -10.0        9.0 =      642.0
       9.0       -8.0        0.0      -10.0       -7.0       -1.0        0.0       -2.0       -6.0        1.0        9.0       -8.0       -9.0       -1.0       -9.0       -7.0        3.0        8.0        4.0        0.0        5.0       10.0       10.0       -7.0       -8.0        9.0       -7.0       -1.0       10.0        4.0       -3.0       -3.0        6.0        9.0        2.0        2.0      -10.0        8.0        3.0       -1.0       -3.0       -4.0       -5.0        8.0     -260.0        7.0       -2.0       -1.0 =    -2304.0
       8.0        8.0        3.0       -4.0        5.0        1.0        5.0       -4.0       -3.0       -2.0        3.0        2.0        9.0       -7.0       -8.0       -3.0       -3.0        6.0       -4.0      -10.0        5.0       -6.0       -5.0       -9.0       -6.0       -6.0        2.0       -9.0       -2.0       -4.0        0.0        5.0        5.0       -8.0        5.0        4.0        2.0       -6.0        6.0       -7.0        9.0        5.0       10.0        7.0       -6.0     -250.0        6.0        0.0 =    -1506.0
       9.0       -8.0        0.0       -9.0        8.0       -3.0       -7.0       -2.0        7.0       -1.0       -8.0       -3.0       -7.0        0.0       -8.0        5.0        7.0        5.0       -4.0        7.0        8.0        0.0      -10.0       -6.0       -2.0        5.0        5.0       -5.0       -8.0        0.0       -3.0       -1.0        4.0       -9.0       -3.0        8.0        6.0       -1.0        9.0       -1.0       -5.0        7.0        6.0       -4.0        8.0        3.0     -248.0       10.0 =     1673.0
       8.0       -1.0        2.0       -3.0       -8.0        9.0       -8.0      -10.0        8.0       -4.0        4.0        1.0        6.0        1.0        5.0       -5.0        3.0        2.0       -3.0        9.0       -1.0       -9.0        0.0       -7.0       -5.0       -6.0       -4.0       -8.0       -6.0        5.0        6.0       -3.0       -7.0       -2.0       -6.0       -5.0       -6.0       -6.0       -4.0       -4.0       -1.0        9.0        8.0       -7.0        9.0       -5.0       -4.0     -244.0 =     1782.0

      -6.0       -1.0       -2.0        9.0       -7.0       10.0        6.0        6.0        0.0       10.0        2.0       -2.0       -3.0       -5.0        8.0      -10.0       -2.0        4.0        6.0       -8.0       -1.0        3.0        8.0        5.0        6.0       -2.0        5.0        8.0        9.0        3.0       -6.0       -7.0        9.0        8.0       -1.0       -6.0        7.0       -6.0       -4.0       -2.0        7.0        1.0       -2.0       -2.0        9.0        6.0       -7.0       -6.0
