50
    -256.0       -6.0        6.0       10.0        4.0        1.0       -3.0        8.0        7.0        7.0        3.0        5.0        4.0        9.0        7.0       -2.0        1.0        6.0       -1.0        1.0       -7.0       -5.0        0.0        3.0       -7.0      -10.0        8.0       -2.0      -10.0       -7.0       -5.0        1.0        7.0       -8.0       -1.0        6.0       -2.0        1.0       -5.0        9.0      -10.0        8.0       -9.0        3.0        7.0        2.0       -6.0       -5.0       -3.0       -6.0 =     -242.0
       7.0      213.0        1.0       -8.0       -3.0       -2.0        4.0        1.0       -4.0        9.0       -4.0       10.0       -2.0       -6.0        0.0        5.0        4.0        5.0       -7.0        0.0       -7.0       -6.0       -4.0        9.0       -3.0       -1.0        3.0       -3.0       -1.0        2.0        1.0       -1.0        5.0       -8.0        0.0       -7.0       -7.0        3.0       -3.0        8.0       -5.0        4.0        9.0       -7.0        5.0        5.0        4.0        1.0       -7.0        1.0 =    -1065.0
      -9.0        0.0     -248.0       -7.0        6.0       10.0        9.0        5.0        9.0        0.0       -1.0        6.0        9.0       -7.0       -2.0        8.0        1.0        1.0        7.0        4.0       -1.0       -5.0       -2.0        2.0       -8.0        9.0       -2.0        2.0       -7.0       -1.0        4.0        7.0        3.0        5.0        8.0      -10.0       -1.0        0.0        1.0       -5.0       -5.0       -2.0       -9.0       -6.0        3.0       -2.0        8.0       -5.0       -9.0        8.0 =    -1752.0
       6.0       -1.0        3.0     -272.0      -10.0        5.0        2.0       -8.0        9.0       -5.0        5.0       -5.0        2.0        5.0       -4.0       -8.0        5.0       -9.0       -6.0       -5.0       -5.0        0.0       -7.0        9.0       10.0        8.0       -6.0       -8.0        3.0       -2.0       -1.0       -7.0       -9.0       -6.0       -6.0       -9.0        0.0       -7.0      -10.0        5.0        1.0       -7.0       10.0        0.0        6.0        0.0       -5.0        5.0        0.0       -7.0 =    -2016.0
      -9.0       -2.0        2.0        9.0      251.0       10.0        9.0        5.0       -7.0       -6.0       -3.0        2.0        2.0        8.0       10.0       -4.0        8.0       -4.0        2.0       10.0        2.0        7.0        2.0      -10.0        1.0        0.0        6.0        3.0        6.0       -4.0        2.0        8.0       -2.0        6.0       -7.0        1.0        9.0       -7.0        6.0        5.0       -6.0       -8.0        4.0       -1.0        2.0       -2.0        2.0        7.0        4.0        1.0 =     1980.0
      -8.0       -6.0       -9.0       -7.0       -6.0      252.0        9.0       -1.0        1.0       -5.0        2.0        6.0        0.0       -8.0       -1.0        5.0        3.0       -1.0       -7.0       -8.0       -8.0        9.0        0.0        5.0       -6.0        0.0        2.0        9.0        7.0        2.0       10.0       -5.0        6.0        9.0       -2.0       -6.0        3.0       -3.0       -5.0       10.0       -2.0       -9.0       -1.0       -8.0        5.0        2.0        5.0       -6.0        4.0        5.0 =    -1458.0
       3.0        3.0        2.0       -3.0       -9.0      -10.0      260.0       -7.0       -7.0       -7.0        1.0       -2.0       -8.0       -7.0       -4.0       -6.0        6.0       -1.0       -4.0        7.0        7.0       -9.0        4.0        1.0        8.0        3.0       -3.0        0.0       -6.0        8.0       -4.0        4.0       -3.0        8.0       -5.0       -8.0       10.0       -8.0        6.0       -7.0        1.0       -8.0       -5.0        5.0        4.0        9.0       -5.0       -2.0       -2.0        1.0 =     -633.0
      -2.0        8.0       -3.0      -10.0       -1.0        4.0       -8.0      272.0       -8.0        8.0        8.0       -2.0        9.0        2.0        0.0        2.0        5.0       -6.0        4.0       -9.0       -1.0        3.0       -6.0       -9.0       -7.0        7.0        3.0        0.0       -7.0       -9.0       -8.0       -5.0        8.0        6.0       -4.0       -8.0        9.0       -4.0       -9.0        9.0        1.0       -8.0       -4.0        8.0        8.0       -3.0        2.0       -2.0       -4.0       -6.0 =     1631.0
       9.0        9.0        1.0      -10.0        3.0        2.0        9.0        0.0     -251.0       -6.0       -6.0       -6.0        8.0       -9.0       -2.0       -8.0        4.0        5.0        7.0       -4.0        8.0       -6.0        1.0       -5.0       -2.0        7.0        3.0        2.0        5.0       -1.0        9.0        5.0        9.0       -5.0       -6.0        0.0        1.0       -4.0       -4.0        0.0        1.0        5.0       -8.0        2.0        1.0       -9.0       -8.0        1.0        9.0        9.0 =      450.0
      -5.0       -4.0       -1.0        0.0        3.0       -8.0        6.0       -7.0        3.0     -247.0       -1.0       -8.0        3.0       -7.0        2.0        5.0        7.0       -8.0        7.0        1.0       -7.0       -2.0       -2.0       -5.0        6.0      -10.0        9.0        1.0        0.0       -4.0       -5.0        8.0        7.0       -3.0       -2.0       -2.0        2.0       -6.0        7.0        9.0       -3.0       -9.0       -1.0        0.0      -10.0        8.0        9.0       -4.0       -8.0        7.0 =      269.0
      -5.0        4.0       -5.0       -8.0        3.0        4.0        3.0       -1.0        7.0        0.0      247.0        6.0        9.0        9.0      -10.0       -5.0        1.0       -5.0        8.0        2.0        7.0       -6.0        5.0        4.0        7.0        5.0        8.0        0.0        7.0        7.0       -3.0        1.0        5.0       -9.0        1.0        2.0       -8.0        2.0       -1.0       -8.0        4.0        8.0        8.0        3.0        2.0        3.0       -1.0        9.0        6.0       -9.0 =     3230.0
      -7.0       -1.0       -7.0       -4.0        4.0        5.0        1.0       -7.0        7.0        8.0        1.0     -212.0       -6.0        4.0        5.0       -9.0       -2.0        9.0        6.0        0.0       -4.0       -5.0        1.0        0.0        2.0        3.0       -1.0       -7.0        8.0        0.0        2.0       -9.0       -3.0        5.0       -1.0       -1.0        8.0       -3.0        8.0        3.0        3.0        2.0        9.0        6.0        0.0       -3.0        0.0       -3.0       -2.0       -9.0 =     -980.0
      -9.0       -6.0       -6.0        1.0       -3.0       -4.0       -1.0        2.0        5.0       -6.0       -4.0        3.0      227.0       -3.0       -4.0       -2.0        9.0       -9.0        0.0       -5.0        5.0        1.0       -7.0       -7.0        4.0       -8.0        3.0        0.0        9.0       -6.0       -4.0        0.0        1.0        0.0        4.0       -3.0        1.0       -3.0        2.0        8.0       -6.0       -8.0        6.0       -6.0       -4.0        5.0       -6.0        8.0        7.0       -6.0 =     1050.0
      -4.0        2.0        7.0       -2.0       -6.0       -7.0       -3.0       -9.0       -6.0        9.0       -8.0        2.0        8.0     -270.0       -6.0        0.0       -9.0       10.0        8.0        8.0        4.0        8.0       -4.0       -9.0        1.0        4.0       -4.0        4.0        1.0       -8.0        9.0      -10.0        8.0        7.0        1.0      -10.0       -3.0       -3.0       -6.0       -3.0        6.0        7.0        5.0        4.0        0.0       -2.0       -9.0        5.0        7.0        3.0 =    -1578.0
      -6.0       -7.0       -3.0        1.0       -7.0        7.0        2.0        0.0       -5.0       -3.0       -5.0        3.0       -8.0        4.0     -240.0       10.0       -9.0       -7.0        9.0        2.0       -1.0       -4.0        4.0       -9.0        3.0        0.0        0.0        7.0       -4.0        0.0       -6.0        2.0       -6.0       -9.0       -9.0        5.0       10.0       -4.0       -2.0        3.0        3.0        7.0        1.0        1.0       -9.0       -8.0        3.0       -6.0        4.0        4.0 =    -1410.0
      -3.0       -5.0       -3.0       10.0       -1.0       -9.0        3.0       -8.0        2.0       -2.0       -5.0       -9.0        2.0        4.0        0.0      206.0        2.0        9.0        2.0       -4.0        6.0       -1.0        0.0       -8.0        1.0       -6.0       -1.0        3.0        8.0        4.0       -7.0        8.0      -10.0       -1.0       10.0       -4.0       -4.0        2.0       -5.0        2.0        5.0        5.0       -2.0        6.0        3.0        2.0        1.0       -3.0       -2.0        1.0 =      816.0
       9.0        8.0        5.0       -5.0       -9.0        8.0       -4.0       10.0        4.0       -7.0        1.0       -6.0       -5.0       -9.0        1.0       -6.0      251.0        1.0        7.0        3.0        3.0        1.0       -3.0       -6.0        0.0       -8.0        8.0        6.0       -7.0       -6.0       -1.0        3.0       -1.0       -3.0       -6.0       -8.0        2.0        4.0       -6.0       -3.0        7.0        2.0        8.0        8.0       -8.0       -1.0        4.0       -5.0       -2.0       -4.0 =      940.0
       8.0       -1.0       -4.0        0.0        5.0       -4.0        1.0       -6.0       -5.0        3.0       -1.0      -10.0        9.0        3.0       -3.0        2.0        1.0      255.0        9.0       -9.0       -1.0        5.0       -3.0        9.0       -3.0        1.0        9.0      -10.0       10.0        5.0       -9.0        8.0        3.0        4.0        9.0       -5.0       -9.0        4.0        9.0        4.0        8.0        5.0        5.0        6.0        3.0       -5.0       -3.0       -7.0       -2.0        1.0 =     2128.0
      -1.0       -3.0       10.0       -4.0       -2.0       -7.0       -7.0       -1.0        6.0      -10.0        0.0        9.0       -7.0       -9.0       -9.0        5.0       -5.0       -8.0      238.0      -10.0       -3.0       -3.0        6.0       -1.0        5.0        1.0       -6.0        5.0       -6.0        5.0        2.0        0.0        0.0        4.0        4.0       -7.0       -1.0       -8.0       -6.0        9.0       -6.0       -3.0       -1.0       -2.0        2.0       -7.0       -5.0       10.0       -2.0       -3.0 =     1176.0
      -3.0       -3.0       10.0       -2.0       -4.0        4.0        2.0       -5.0       10.0        4.0       -4.0       -8.0        9.0       -4.0        7.0        6.0        8.0        1.0       -2.0      255.0       -5.0       -5.0      -10.0        1.0       -9.0        3.0       -7.0       -8.0       -4.0       -6.0        6.0        0.0        2.0        5.0        4.0       -7.0        0.0       -8.0        8.0        1.0       -3.0       -9.0        5.0        6.0       -6.0        3.0       -9.0       -2.0        4.0       -8.0 =    -1784.0
       6.0        7.0       -6.0        8.0        5.0       -4.0       -4.0        1.0        0.0        3.0        1.0       -4.0       -5.0        7.0       -6.0        3.0        7.0       -4.0       -1.0        5.0      218.0        0.0        9.0       -5.0        1.0        5.0       -2.0        6.0        4.0       -1.0       -4.0        1.0        5.0        1.0       -3.0       -9.0        2.0       -6.0        0.0        5.0       -1.0       -9.0        7.0       -3.0        4.0        5.0        7.0       -9.0       -9.0       -3.0 =    -1175.0
      -6.0       -3.0        4.0       -8.0        8.0       -4.0       -7.0       -5.0        6.0        5.0       -4.0        8.0       -3.0        2.0       -5.0       -7.0       -1.0        9.0       -8.0       -7.0       -5.0     -242.0        4.0      -10.0        5.0        9.0       -5.0        3.0       -6.0       -5.0       -9.0       -2.0        0.0        5.0       -7.0       -2.0       -2.0       -4.0        1.0        3.0        5.0        7.0       -9.0        1.0       -7.0       -1.0       -3.0        1.0        4.0       -1.0 =     1788.0
       9.0       -2.0       -2.0       -2.0       -7.0        5.0       10.0       -7.0        9.0        3.0        7.0        4.0        0.0       -7.0        5.0        6.0       -8.0        0.0       -2.0       -2.0        6.0        0.0      235.0        1.0       -5.0       -9.0        3.0        7.0       -4.0        5.0       -6.0        7.0        2.0        1.0        1.0       -6.0       -1.0       -8.0        3.0        2.0        4.0        9.0        1.0        6.0       -6.0       -5.0       -8.0        5.0       -1.0        8.0 =        0.0
      -7.0       -2.0        7.0       -6.0       -6.0        3.0       -2.0        4.0       -3.0        6.0        9.0       -2.0        7.0       -7.0       -8.0        0.0       -6.0       -6.0       -9.0       -8.0        2.0       -4.0        8.0      220.0       -6.0        4.0        7.0       -9.0        1.0        6.0        3.0        0.0        2.0       -8.0        4.0       -3.0       -6.0       -3.0        3.0       -3.0       -1.0        4.0        0.0       -2.0        2.0        2.0       -6.0       -4.0       -1.0        7.0 =     1464.0
      -2.0       -4.0        7.0       -6.0       -6.0       -4.0        9.0       -1.0       -8.0        5.0        1.0        5.0       -5.0        9.0       -6.0       -9.0        2.0      -10.0        8.0       -5.0        2.0       -1.0        8.0       -2.0      260.0       -9.0        6.0        9.0       -5.0        6.0        4.0       -5.0        1.0       -3.0       -5.0       -7.0        1.0        1.0        8.0       -6.0       -4.0        5.0       -2.0       -8.0        8.0        1.0        4.0        7.0       -2.0       -9.0 =     -486.0
      -3.0        9.0        4.0        1.0       -4.0       -3.0        3.0       -3.0       -6.0        6.0       -2.0        1.0       -5.0       -3.0        0.0        8.0        1.0        5.0        9.0        0.0        5.0       -5.0      -10.0        9.0        0.0     -232.0       -4.0       -8.0        2.0        1.0       -7.0       -6.0       10.0        4.0       -2.0       -5.0       -6.0        4.0       10.0        9.0        9.0       -3.0       -3.0       -8.0        1.0        2.0        9.0       -2.0        2.0       -4.0 =     1680.0
       8.0       -8.0      -10.0       -6.0      -10.0       -8.0        6.0       10.0       -7.0       10.0        4.0        4.0       -1.0       -1.0        6.0        2.0        2.0      -10.0      -10.0       -4.0        1.0        1.0        4.0       -4.0        9.0       -2.0     -265.0       -8.0        0.0       -1.0       10.0        6.0        2.0       -5.0       -7.0        7.0       -1.0       -6.0       -6.0       -4.0       -5.0        7.0       -5.0       -4.0       -4.0       -8.0       -5.0       -9.0        0.0       -2.0 =      981.0
       7.0        0.0        3.0      -10.0        4.0       -2.0       -5.0       -8.0        3.0       -2.0        2.0        5.0       -1.0        3.0       -1.0        4.0        9.0        7.0        2.0       -9.0        3.0       -7.0        7.0       -2.0       -6.0       -7.0       -4.0      224.0        5.0       -6.0        3.0        9.0       -6.0       -9.0        3.0        2.0       -4.0       -4.0        4.0        7.0        0.0       -1.0        8.0        6.0        2.0       -3.0        4.0       -6.0        2.0        0.0 =      470.0
      -4.0       -7.0        6.0        6.0       -4.0       -2.0       -4.0       -5.0       -2.0        3.0       -6.0        8.0       -2.0        4.0        0.0       -4.0        6.0        4.0       -3.0       -7.0       -1.0       -6.0      -10.0        1.0        1.0       -4.0       -6.0       -7.0     -215.0        9.0       -2.0        2.0        9.0        0.0       -7.0        9.0        3.0        3.0       -1.0       -2.0        3.0       -9.0        3.0        8.0       -1.0       -7.0        2.0        0.0        3.0        1.0 =    -2340.0
      -3.0        1.0       -8.0        0.0       -2.0        1.0        8.0        1.0      -10.0       -7.0        4.0        8.0        4.0        2.0       10.0        0.0      -10.0       -7.0       -1.0        5.0       -6.0       -1.0       -6.0        8.0        7.0        6.0        7.0      -10.0       -2.0      234.0        1.0        5.0        1.0       -6.0       -7.0        2.0       -7.0        0.0        5.0        9.0        6.0       -2.0        7.0       -8.0        6.0       -4.0        3.0        1.0       -1.0       -6.0 =      714.0
       7.0        6.0        9.0        2.0       -1.0        9.0       -7.0        5.0        9.0        3.0       -2.0        4.0        6.0       -3.0        5.0       -3.0      -10.0        6.0       -9.0       -4.0       -4.0        6.0       -8.0       -8.0       -4.0        3.0       -8.0       -4.0      -10.0       -2.0      286.0       -2.0        4.0        1.0       -8.0       -8.0        6.0        0.0       -2.0      -10.0       -9.0       10.0        9.0       -4.0       -8.0       -7.0      -10.0        2.0        5.0        5.0 =     1265.0
      -5.0       -1.0        4.0       -2.0        5.0       10.0        7.0       -2.0       -4.0        1.0       -9.0       -8.0       -8.0       -5.0       -5.0        6.0       -8.0        7.0        0.0        1.0      -10.0        7.0      -10.0        8.0       -8.0       -6.0       -9.0        8.0       -5.0        6.0        9.0      282.0       -8.0       -3.0        7.0        9.0       -3.0        7.0       -1.0        8.0       -7.0        5.0       -5.0        9.0        7.0        3.0        5.0        0.0        5.0        4.0 =     1490.0
     -10.0        2.0        8.0        3.0        7.0       -9.0       -9.0       -5.0       -6.0        8.0        4.0        0.0        2.0       -8.0        5.0       -5.0        1.0       -3.0        6.0       -2.0        6.0        7.0        6.0        8.0       -7.0       -8.0        5.0       -6.0       -7.0       -5.0        9.0       -4.0      275.0        8.0        9.0        8.0       -9.0       -4.0        1.0       -4.0        2.0        0.0        9.0       10.0       -5.0        1.0       -1.0       10.0       -3.0        2.0 =    -1812.0
     -10.0        5.0        0.0       -9.0        8.0        3.0        1.0        6.0        9.0       -2.0        6.0       -6.0       -1.0        7.0        8.0        3.0        8.0       -7.0       -9.0        5.0        5.0       -8.0       -6.0       -9.0       -4.0       -7.0        5.0       -2.0        8.0        2.0       -7.0       -7.0       -5.0      274.0       -7.0       -3.0       -4.0        8.0        3.0        9.0        3.0        6.0       -3.0        2.0        8.0       -1.0       -7.0        4.0        5.0       -5.0 =     1410.0
      -6.0       -1.0       -8.0        2.0        5.0        8.0       -2.0        6.0        4.0       -4.0        1.0        6.0        8.0        1.0        2.0        2.0        1.0        5.0       -5.0       -3.0       -2.0        0.0        9.0       -8.0       -9.0        5.0        9.0      -10.0        1.0        7.0       -6.0        9.0        0.0       -7.0     -246.0        5.0        3.0       -3.0        6.0       -7.0       -5.0       -8.0       -1.0        4.0       -2.0        7.0        4.0        8.0        6.0        8.0 =      804.0
      -9.0        3.0       -8.0       -5.0       -4.0        7.0       -2.0       -9.0        1.0       -6.0       -2.0       -2.0       -8.0        8.0       -3.0        1.0       -5.0        1.0        3.0       -7.0       -2.0       -5.0       -9.0        6.0        5.0        7.0        0.0        1.0       -7.0        2.0        8.0       -6.0        4.0       -1.0        1.0      229.0       -2.0        7.0        4.0       -5.0        4.0        6.0        4.0        3.0       -6.0       -4.0        1.0        3.0       -9.0        3.0 =     -784.0
      -5.0        9.0       -1.0        7.0        6.0       -7.0       -2.0        0.0        5.0      -10.0       -6.0       -8.0       -3.0       -4.0       -7.0        3.0        1.0       -8.0        1.0        2.0       -7.0       -1.0        8.0       -6.0        6.0        4.0        0.0        0.0        2.0       -3.0        2.0        8.0       -2.0        1.0        8.0       -4.0     -217.0        4.0        1.0       -6.0       -2.0        2.0        9.0       -6.0       -7.0       -5.0       -1.0        6.0       -1.0       -5.0 =     1673.0
       4.0        9.0       -3.0        6.0        8.0       -3.0        0.0        0.0        7.0       -2.0      -10.0        6.0        7.0       -8.0       -9.0       -2.0       -3.0       10.0       -7.0       -9.0       -2.0        1.0       -2.0       -4.0       -3.0        3.0       -8.0        0.0       -3.0        3.0       -5.0        6.0       -9.0        9.0        2.0       -9.0       -4.0      242.0       -6.0       -2.0        3.0       -5.0        8.0        5.0       -4.0        5.0        7.0       -4.0       -3.0        3.0 =     -675.0
     -10.0        2.0      -10.0       -5.0       -9.0       -2.0       -7.0       -8.0       -8.0       -4.0        2.0       -3.0       -3.0       -3.0       -6.0       -8.0        7.0       -1.0       -7.0        8.0        5.0       -4.0       -1.0       -5.0        5.0       -6.0       -2.0       -6.0        4.0       10.0        8.0       -5.0        9.0       -6.0       -1.0       -7.0       -5.0        2.0      257.0        4.0        1.0       -3.0       -4.0       -2.0        0.0        3.0       -6.0       -6.0        8.0        6.0 =    -1780.0
      -8.0       -5.0        9.0        9.0       -9.0       10.0        2.0       -3.0        4.0        0.0        3.0        1.0       -9.0       -7.0        1.0       -3.0        3.0       -7.0        3.0        7.0        9.0       -9.0        7.0       -6.0        0.0        6.0        5.0        2.0       -2.0        0.0       -5.0       -2.0       -5.0       -6.0        1.0       -6.0        5.0       -3.0       -1.0      218.0       -9.0        2.0       -1.0        2.0        1.0        1.0       -8.0        0.0        6.0        4.0 =    -1863.0
       4.0        7.0        0.0       -1.0       -4.0        3.0       -5.0        3.0        5.0       -7.0        6.0        9.0        8.0        2.0        4.0        4.0       -8.0        9.0       -5.0       -9.0        7.0        9.0        5.0       -4.0        4.0       -8.0        8.0      -10.0       -4.0        1.0       -4.0       -4.0        0.0        0.0       -6.0       -7.0       -3.0        4.0        8.0       -2.0     -261.0      -10.0        1.0        7.0        8.0       -7.0        8.0       -1.0        4.0       -5.0 =      474.0
      -5.0       -7.0       -4.0       -1.0       -1.0       -3.0        6.0        1.0       -5.0       -2.0        5.0        8.0        4.0       -1.0       -5.0       -9.0        2.0        3.0        4.0       -6.0        7.0        5.0       -4.0        6.0       -9.0        6.0      -10.0        3.0       -8.0        7.0        1.0        2.0        2.0       -1.0        5.0        3.0       -7.0       -9.0       -2.0        1.0        1.0     -208.0       -9.0       -1.0        1.0        0.0       -1.0        2.0       -4.0       -3.0 =     1680.0
       5.0        5.0       -9.0       -4.0        3.0        6.0        5.0      -10.0        6.0       -3.0        3.0       -3.0       -1.0        3.0        8.0        2.0       -8.0       -8.0       -7.0        6.0      -10.0        6.0       -8.0        8.0       -3.0       -8.0        1.0        6.0       -5.0       -9.0       -3.0        9.0       -8.0       -9.0       -1.0        5.0       -8.0       -4.0        8.0       10.0       -1.0       -8.0      265.0        0.0        1.0        7.0       -1.0        1.0        6.0       -2.0 =      732.0
      -9.0        4.0       -3.0        9.0       -6.0        6.0        1.0       -5.0        6.0        8.0        0.0       -1.0       -4.0        3.0        7.0       10.0        7.0       -8.0        1.0        7.0        8.0       -2.0       -4.0        6.0       -1.0        4.0        4.0        5.0       -7.0        3.0       -5.0        0.0       -4.0        1.0        2.0       -3.0        0.0       -3.0       -9.0       -2.0       -5.0        8.0       -3.0     -238.0      -10.0        4.0       -8.0       -9.0       -1.0        6.0 =     -920.0
       8.0        8.0        5.0        6.0       -1.0        1.0        8.0       -3.0        4.0        2.0       -3.0        3.0        3.0        5.0       -7.0       -5.0        6.0       -6.0       -1.0        4.0        7.0        5.0        7.0       -2.0        3.0        9.0        5.0       -9.0        9.0       -1.0       -3.0       -9.0        1.0       -1.0        7.0       -5.0        6.0       -5.0        8.0       -2.0       -1.0       -1.0        4.0       -3.0     -233.0       -5.0        2.0        9.0        6.0        7.0 =      740.0
      -5.0       -8.0        0.0        5.0       -8.0       -8.0       -7.0       -3.0       -9.0       -6.0        6.0       -4.0        3.0       -5.0       -8.0        2.0       -8.0       -7.0        7.0        6.0        3.0       -5.0       -3.0       -6.0        6.0       -5.0       -7.0        2.0        1.0        8.0        7.0       -3.0        5.0       -9.0       -3.0       -8.0        9.0        6.0       -6.0       -9.0        0.0       -2.0        9.0        8.0        9.0     -280.0       -1.0       10.0        7.0       -5.0 =    -1595.0
       5.0        4.0        7.0        3.0        9.0       -3.0        8.0        4.0        7.0       -9.0       -3.0       -5.0        5.0       -8.0        1.0       -7.0        8.0        0.0        1.0       -8.0       -6.0        0.0       -9.0       10.0       -1.0        3.0       -3.0       -7.0        2.0        7.0       -9.0        2.0        0.0       -9.0        9.0       -3.0        2.0        9.0        2.0       -9.0       -6.0       -2.0      -10.0       -1.0        0.0        7.0      258.0       -8.0       -7.0       -2.0 =     1190.0
      -4.0        3.0        1.0        8.0        3.0       -7.0        2.0      -10.0        6.0       -7.0       -2.0        2.0        4.0        5.0       -9.0        2.0        7.0       -1.0       -6.0        7.0       10.0       -9.0        8.0        5.0        7.0       -3.0       -7.0       -8.0        4.0       -2.0       -7.0       -6.0      -10.0       -7.0       -7.0        7.0        4.0        5.0       -1.0       10.0       -7.0       10.0       -4.0        6.0       -5.0       -3.0       -4.0     -284.0        9.0        4.0 =    -2529.0
       8.0       -5.0       10.0       -9.0        2.0       -2.0       -4.0        0.0       -8.0       -3.0       -8.0       -7.0       -5.0        7.0        8.0        0.0       -8.0       -7.0        2.0        6.0        5.0        0.0        5.0        2.0        9.0        4.0        1.0        7.0        2.0       -1.0       -8.0        3.0        0.0        6.0        5.0        4.0       -2.0       -4.0       -2.0        0.0       -2.0        8.0       -8.0        5.0       -3.0        2.0       -5.0        6.0      235.0        9.0 =    -1560.0
       1.0       -2.0        3.0       -1.0       -1.0        5.0       -3.0       -9.0        0.0        1.0        3.0        9.0       -9.0       -1.0        3.0        4.0       -3.0       -1.0       -6.0       -2.0        2.0       -1.0        7.0        4.0        5.0       -8.0       -3.0        4.0        0.0       -2.0        1.0       -3.0       -1.0       -4.0        0.0        6.0       -8.0        9.0       -3.0        4.0        7.0        8.0       -9.0       -8.0       -7.0        3.0        7.0       -5.0       -4.0     -202.0 =    -1890.0

       1.0       -5.0        8.0        6.0        6.0       -6.0       -3.0        7.0       -2.0       -1.0       10.0        5.0        6.0        6.0        5.0        4.0        4.0        7.0        7.0       -8.0       -5.0       -6.0        0.0        8.0       -2.0       -8.0       -3.0        2.0       10.0        3.0        5.0        5.0       -6.0        5.0       -4.0       -4.0       -7.0       -3.0      -10.0       -9.0       -2.0       -7.0        3.0        4.0       -5.0        5.0        5.0        9.0       -6.0        9.0
