50
    -254.0        7.0        6.0        6.0        3.0        7.0       -3.0       -5.0        6.0       -7.0        1.0        2.0        4.0      -10.0       -4.0        9.0       -4.0        4.0       -1.0        9.0        4.0        7.0       -9.0        0.0        9.0       -6.0       -1.0        7.0       -3.0       -7.0        1.0       -6.0       -1.0        5.0        0.0       -3.0       -9.0       -5.0        2.0       -2.0        4.0       -6.0      -10.0        8.0       -3.0        5.0        7.0        1.0       -6.0       -9.0 =        0.0
       6.0      238.0        5.0       -5.0        8.0        8.0       -6.0       -8.0        7.0        1.0        7.0        7.0        5.0       -3.0       -2.0       -9.0        7.0       -6.0        3.0       -5.0        3.0        9.0        0.0        8.0       -2.0       -6.0       -1.0       -9.0        1.0        1.0        2.0        0.0       -5.0        1.0        4.0       -1.0        5.0        9.0       -9.0        4.0        3.0       -1.0       -6.0       -6.0        5.0        8.0       -1.0        5.0        9.0        0.0 =    -1152.0
       4.0        3.0     -236.0       -4.0      -10.0        5.0        5.0       -7.0       -1.0        9.0       -5.0       -7.0       -7.0       -2.0        1.0       -8.0        5.0        4.0        3.0       -6.0       -2.0       -3.0        5.0        0.0       -4.0       -2.0        2.0       -1.0        6.0        9.0       -1.0       -9.0        4.0        2.0       -4.0       -3.0      -10.0        7.0       -7.0        8.0       -8.0        4.0        8.0        4.0        1.0        5.0        2.0        0.0       -7.0        8.0 =     2160.0
       4.0        1.0       10.0     -253.0        5.0        7.0        0.0       -8.0       -5.0        2.0       -9.0        0.0       -5.0        8.0       10.0        5.0       -1.0        9.0       -3.0        8.0        2.0       -8.0       -7.0        3.0        3.0        3.0       -9.0       10.0       -4.0       -6.0       -1.0       -9.0       -4.0       -3.0        8.0       -9.0       -7.0       -3.0       -6.0        2.0        4.0       -8.0       -6.0        1.0        2.0        0.0        6.0      -10.0        5.0        3.0 =    -1578.0
      -4.0        0.0        8.0       -2.0      278.0        6.0        9.0        1.0        6.0        8.0       -6.0       -6.0        8.0        9.0        5.0       10.0       -1.0        6.0        9.0        5.0        4.0       -8.0        8.0        8.0       -1.0       -4.0       -2.0       -2.0      -10.0        7.0       10.0        4.0       -1.0       -2.0        0.0        4.0       -8.0       -7.0       -5.0        7.0        9.0        8.0        9.0       -8.0        9.0        4.0        2.0       -7.0        6.0        0.0 =     1532.0
       9.0        8.0        4.0       -9.0       -4.0     -232.0        5.0        9.0        2.0        4.0       10.0        5.0        9.0        0.0        4.0        2.0       -3.0        0.0        2.0       -4.0        3.0       -7.0        1.0      -10.0        1.0        8.0        4.0       -1.0       -8.0       -5.0        0.0       -1.0        0.0        5.0       -7.0       -5.0       -8.0       -6.0        2.0       -7.0       -3.0       -6.0       -2.0        5.0       -7.0        7.0        5.0        5.0        3.0        3.0 =    -1470.0
      -7.0        9.0        1.0       -3.0        1.0        8.0      282.0        6.0        9.0       -1.0       -4.0       -9.0       -2.0        7.0        2.0        9.0        7.0        6.0       -4.0       -6.0       -8.0       -2.0        3.0        7.0       -7.0       -5.0       -7.0        9.0       -4.0       10.0        7.0      -10.0        5.0       -6.0        2.0        8.0        2.0        6.0       -7.0       -5.0        8.0       -7.0        0.0       -3.0       -6.0       -2.0        0.0       -9.0       10.0        9.0 =     -309.0
       8.0       10.0        4.0       -2.0        6.0      -10.0        2.0      258.0       -2.0       -9.0        2.0       -8.0       -4.0        6.0        4.0       -3.0       -1.0       -1.0        1.0        8.0        2.0        7.0       -9.0        1.0       -4.0       -5.0        6.0        7.0        0.0      -10.0        9.0        3.0       -7.0       -8.0        1.0       -4.0        8.0        4.0       -2.0       -7.0       -9.0        9.0        5.0       10.0       -2.0       -8.0        5.0        3.0       -6.0        2.0 =    -1350.0
      -2.0       -1.0       -3.0       -6.0       -8.0        2.0       -4.0       -8.0      273.0        6.0        5.0       -1.0      -10.0        3.0        6.0       -8.0       -8.0        6.0       -4.0       -4.0       -9.0        4.0       -9.0       -8.0        8.0        3.0        3.0       -8.0        4.0        7.0       -9.0        3.0       -8.0        1.0        1.0       -8.0        4.0       -7.0       -2.0       -5.0        8.0       -3.0        8.0        1.0       -6.0        9.0       -5.0       -9.0        6.0        3.0 =    -1266.0
       9.0       -6.0       -1.0        8.0       -2.0       -2.0        6.0       -5.0        5.0      256.0        6.0       -8.0        9.0        8.0        9.0        0.0        7.0        3.0       -8.0        5.0       10.0       -3.0       -2.0        2.0       -2.0        5.0       -2.0       -1.0       -8.0       -6.0        9.0       -5.0        6.0        1.0        0.0        3.0       -8.0       -4.0       -5.0        8.0       -3.0       -4.0        7.0       10.0        9.0        4.0        4.0       -3.0        1.0       -9.0 =     2817.0
      -8.0        1.0        9.0        5.0        6.0        4.0       -2.0       -6.0       10.0       10.0     -267.0       -4.0      -10.0       -8.0       -7.0       -1.0        9.0       -8.0       -1.0        4.0       -8.0        1.0       -3.0        7.0        3.0        5.0       -8.0       -7.0       -2.0       -9.0        4.0       -7.0       -4.0       -4.0       -5.0       -1.0        0.0        6.0        7.0       -6.0      -10.0        7.0       -6.0       -7.0        2.0       10.0        4.0        6.0        0.0        4.0 =    -2280.0
      -5.0      -10.0        6.0       -8.0        5.0       -4.0        9.0       -9.0       -1.0       -7.0       -1.0      288.0        2.0       -9.0       -4.0       -4.0        2.0        8.0        4.0        7.0        8.0       -6.0       -1.0        6.0        9.0        9.0        8.0       -9.0        3.0        2.0       -8.0        5.0       10.0        3.0       -1.0        5.0       -2.0        9.0       -5.0        8.0       -4.0        5.0       -6.0       -5.0        3.0       -8.0        8.0       -6.0       -8.0       10.0 =    -3110.0
       3.0       -9.0        5.0        8.0        3.0        3.0        3.0        2.0        7.0       -5.0       -4.0       -3.0     -247.0      -10.0        2.0      -10.0        3.0        8.0        0.0       -7.0       -1.0       -1.0       -4.0        1.0        2.0       -6.0       -7.0        6.0       -8.0        3.0        9.0       -5.0       -7.0       10.0       -1.0      -10.0        0.0        8.0       -3.0       -1.0       -7.0        9.0        8.0       -7.0        3.0       -3.0       -8.0       -6.0       -7.0        1.0 =    -1680.0
       4.0       -3.0       -4.0        5.0        7.0       -9.0       -5.0        0.0       -2.0        6.0        4.0       -4.0       -3.0     -247.0        2.0        1.0       -2.0        4.0       -4.0        7.0        5.0       -6.0        1.0       -8.0       -1.0        4.0       -1.0        7.0        8.0        7.0        5.0        8.0        8.0       -5.0        8.0        5.0        3.0        4.0        6.0        9.0        9.0        4.0       -4.0       -4.0        6.0        9.0       -8.0        7.0       -7.0        2.0 =     -324.0
      -4.0        0.0        8.0       -6.0       -8.0       -7.0       -9.0        4.0        7.0        1.0       -4.0       -6.0       -7.0       -4.0      224.0        7.0       -8.0        2.0        2.0       -7.0       -8.0        2.0        0.0       -7.0       -4.0        0.0       -8.0        4.0       -1.0        0.0       -9.0       -5.0       -6.0        4.0        4.0        8.0        4.0       -4.0        1.0        0.0        1.0       10.0       -3.0       -7.0        7.0        4.0       -9.0       -2.0        0.0        0.0 =     -483.0
      -8.0       -6.0        6.0       -4.0        3.0       -7.0        5.0        2.0        0.0       -4.0       -2.0        9.0        3.0       -6.0       -3.0     -223.0       -8.0        4.0        8.0       -5.0       -5.0        1.0       -3.0        8.0        1.0       -7.0        6.0        1.0       -8.0        0.0       -8.0        8.0        0.0        8.0       -1.0        2.0        8.0       -5.0       -1.0       -7.0        3.0       -4.0        4.0       -6.0       -4.0       -6.0       -4.0       -2.0       -4.0       -4.0 =    -2120.0
       7.0        9.0        9.0       -1.0       -2.0        2.0       -5.0       -8.0        4.0        1.0        6.0       -3.0       -9.0       -3.0       -5.0        2.0      263.0        6.0       -6.0       -7.0        2.0        9.0        1.0       -2.0        2.0       10.0       -6.0       -3.0        9.0        0.0        5.0       -6.0       -9.0        2.0        0.0        5.0       -9.0        8.0        5.0        9.0        7.0        8.0        0.0        2.0      -10.0       -2.0       10.0        6.0       -9.0        6.0 =     1550.0
       1.0       -6.0        3.0       -8.0       -1.0       -7.0       -1.0       -7.0        9.0       -1.0       -2.0        0.0        0.0        2.0        4.0        6.0        5.0      236.0        5.0        2.0      -10.0        8.0        8.0        5.0       -3.0       -5.0       -7.0       -7.0        5.0       -6.0        7.0       -1.0        6.0       -1.0       -8.0        3.0       -5.0       -6.0       -3.0        0.0       -8.0       -4.0        2.0       -8.0       -7.0       -5.0        6.0        8.0        1.0        9.0 =    -2140.0
       9.0       -8.0      -10.0       -5.0        7.0        1.0       10.0        6.0        6.0        1.0        4.0        3.0       -8.0       -6.0       -5.0        2.0       -4.0       -4.0     -235.0        0.0       -7.0        1.0        8.0        2.0        0.0        7.0        6.0        3.0       -5.0       -8.0        6.0        2.0       -1.0        0.0        6.0        0.0       -9.0        2.0       -7.0        1.0        5.0        3.0       -3.0       -7.0       -9.0       -4.0       -9.0       -1.0       -7.0       -4.0 =     -795.0
      -9.0        4.0        3.0        8.0        6.0       -9.0       -8.0        4.0       -4.0       -8.0       -8.0        6.0       -2.0       -9.0      -10.0       -4.0       10.0        9.0       -1.0     -283.0        7.0      -10.0        1.0        2.0       -1.0        4.0        4.0       -3.0        5.0       -9.0        5.0       -6.0        0.0       -8.0       -8.0        3.0      -10.0       -8.0       -7.0       -4.0       -9.0        7.0       -6.0       -5.0        1.0        1.0        0.0       -4.0       -6.0        7.0 =    -1086.0
       1.0        5.0        4.0       -6.0       -9.0      -10.0       -2.0        1.0       -2.0        3.0       -2.0       -7.0        1.0       -5.0       -2.0       -7.0        1.0       -4.0       -5.0       -5.0      245.0       -4.0        1.0        2.0       -7.0      -10.0       -8.0        7.0       -5.0        0.0        7.0       -5.0        8.0        7.0       -3.0       -8.0        9.0        2.0       -3.0       -6.0        7.0       10.0       -3.0       -8.0        3.0        6.0        2.0       -6.0        7.0        5.0 =    -2020.0
       2.0       -3.0        7.0        4.0       10.0        0.0        3.0        0.0        8.0        5.0        7.0      -10.0       -1.0       -1.0       10.0        9.0       -6.0        3.0       -4.0        5.0       -3.0     -252.0        2.0        9.0        7.0       -7.0       -5.0        6.0        8.0        0.0      -10.0       -3.0        6.0        6.0       -2.0       -6.0       -9.0        1.0        8.0       -8.0        6.0        5.0       -6.0        2.0       -4.0        1.0        2.0       -7.0        5.0       -5.0 =     1640.0
       7.0       -3.0        2.0        2.0        1.0       -9.0       -4.0       -9.0        7.0       -2.0       -5.0       -7.0        8.0       -2.0        0.0        9.0       -4.0        6.0        2.0        6.0       -3.0       -1.0      238.0        2.0        6.0      -10.0       -9.0        0.0        3.0        6.0        7.0        6.0        6.0       -3.0       -3.0        0.0       -6.0       -3.0        6.0        2.0        8.0        5.0        7.0       -6.0        7.0       -3.0       -6.0        3.0        8.0        5.0 =      554.0
       4.0        4.0        2.0        4.0        7.0        6.0        8.0       -7.0       -9.0        1.0        0.0       -3.0        1.0        2.0       -1.0        9.0       -7.0       -4.0       -4.0        0.0        5.0        9.0       -8.0     -258.0       10.0        2.0        9.0        8.0       -8.0       -3.0        2.0        7.0       -1.0        3.0        4.0        3.0       -8.0        8.0        8.0       -8.0        0.0        5.0        4.0       -2.0      -10.0        5.0       -2.0        7.0        9.0       -7.0 =     1940.0
       1.0       -3.0        7.0       -2.0       -2.0       -5.0        6.0       -9.0       -9.0        4.0       -4.0       10.0       -5.0       -1.0        3.0       -8.0        6.0        3.0       -8.0      -10.0        3.0        0.0        2.0       -8.0     -250.0        6.0        0.0       -9.0        2.0        0.0        4.0       -3.0        4.0       -8.0        6.0       -4.0       10.0       -9.0       -5.0        7.0        2.0       -7.0        0.0        4.0        4.0       -8.0       -6.0        8.0        6.0        9.0 =    -1596.0
       0.0        1.0        3.0        4.0        9.0       -2.0        6.0        5.0        8.0       -8.0        9.0       10.0        6.0       -3.0        2.0        4.0        0.0       -1.0       -1.0        9.0        9.0        5.0       -2.0        3.0        0.0     -235.0        8.0       -7.0        6.0       -5.0       -5.0        4.0        3.0        5.0        5.0        1.0       -7.0        4.0        8.0       -9.0        1.0       -1.0      -10.0       -2.0       -8.0       -6.0        6.0       -8.0       -1.0        2.0 =     1225.0
       6.0       -5.0        8.0        0.0        8.0       10.0       -6.0        6.0       -9.0        6.0       -8.0       -2.0       -6.0       -3.0        7.0       -7.0        3.0       -1.0       -8.0        8.0       -4.0       -8.0        1.0       -8.0        4.0       -4.0      241.0       -6.0      -10.0       -5.0        0.0        4.0       -2.0       -4.0        6.0       -2.0        2.0       -8.0       -4.0       -4.0        3.0       -3.0       -4.0       -3.0        1.0        1.0        1.0       -7.0       -3.0       -4.0 =     -534.0
      -5.0       -5.0       -6.0       -3.0       -7.0        3.0        5.0       -9.0       10.0       -7.0        8.0       -7.0       -2.0        8.0        0.0       -6.0       10.0        5.0        8.0       -1.0       -6.0       -5.0       -4.0       -8.0        8.0        8.0        4.0     -287.0       -1.0        7.0        5.0        0.0        7.0       -5.0        2.0       -7.0       -8.0        0.0        8.0       10.0       -2.0        7.0        4.0        7.0       -6.0       10.0        8.0       -7.0      -10.0        0.0 =     2358.0
      -5.0       -3.0        2.0        9.0       -9.0       -7.0        1.0        1.0        2.0       -4.0       -7.0        3.0        6.0       -8.0       -1.0       -4.0        0.0       -1.0        5.0       10.0       -7.0      -10.0        2.0       -9.0       -8.0       -6.0        5.0       -8.0      243.0       -6.0       -9.0        1.0        1.0       -3.0       -3.0       -6.0      -10.0       -6.0        1.0       -5.0        0.0       -5.0        6.0        6.0       -9.0        5.0        5.0        2.0        0.0        5.0 =     -972.0
      10.0       -8.0        1.0       -2.0        3.0        7.0        4.0        9.0       -1.0        2.0        9.0        0.0        3.0        9.0        6.0        0.0        0.0       -6.0      -10.0        4.0       10.0        4.0        5.0       -1.0        5.0       -3.0        0.0        4.0        7.0      214.0        4.0      -10.0       -1.0       -9.0        2.0        1.0       -4.0       -8.0        3.0       -1.0       -2.0       -3.0        0.0       -4.0       -6.0       -2.0        3.0       -8.0       -7.0       -1.0 =      928.0
       4.0        9.0       -1.0       -1.0       -2.0       -8.0        3.0       -1.0       -7.0       -8.0       -9.0       -7.0       -5.0        1.0       10.0       -5.0        0.0        7.0       -9.0       -3.0        5.0       -3.0       -8.0        4.0        7.0        8.0        7.0        1.0        1.0        1.0      242.0       -6.0       -3.0        6.0        5.0       -4.0        0.0       -5.0        7.0      -10.0       -2.0        3.0        6.0       -7.0       -4.0        8.0        5.0       -7.0        6.0        1.0 =    -1392.0
       5.0        5.0       -4.0       -6.0       -8.0        2.0        4.0        3.0       -1.0        9.0       -4.0       -8.0        4.0        2.0       -5.0        5.0      -10.0       -9.0        5.0       -9.0       -9.0       -1.0        8.0        0.0       -7.0        1.0      -10.0        7.0        8.0        3.0       -1.0     -267.0        5.0        6.0       -2.0       -9.0        3.0       -9.0       -9.0        5.0       -4.0       -6.0        8.0       -9.0       -7.0        1.0        2.0       -2.0        4.0        5.0 =    -1530.0
     -10.0        8.0        7.0        0.0       -6.0       -5.0       -4.0       10.0       -3.0       -8.0       -8.0        2.0       -5.0        7.0        2.0        3.0       -9.0       -2.0       -4.0        7.0        4.0       -9.0        3.0       -8.0        0.0       -4.0       -1.0        2.0       -4.0        1.0        6.0       -5.0      246.0        1.0       -8.0       -7.0        6.0        7.0       -6.0        2.0        7.0        7.0       -5.0        6.0        2.0        3.0       -6.0       -8.0        0.0        0.0 =     1926.0
       9.0        9.0        3.0        4.0        4.0        9.0       -2.0       -8.0        5.0       -8.0        5.0       -8.0        0.0        5.0        3.0        5.0        0.0       -7.0        6.0        0.0        9.0      -10.0        9.0        9.0        9.0       -3.0        8.0       -6.0       -3.0       -6.0        3.0        1.0        6.0      238.0        8.0        0.0       -3.0       -2.0       -7.0        2.0       -4.0        1.0        1.0       -1.0       -4.0        1.0        6.0        2.0       -5.0       -7.0 =     2288.0
      -3.0        2.0        7.0       -4.0       10.0       -6.0       -1.0       -1.0        3.0      -10.0       -8.0       -8.0        8.0       -2.0       -7.0       10.0        7.0       -2.0       -1.0       -6.0       -6.0       -5.0        8.0       -4.0       -2.0        8.0       -9.0       -2.0        9.0       -5.0       -7.0       10.0        8.0       -2.0      273.0        3.0       -2.0        1.0       -3.0        0.0        5.0       -9.0        1.0        4.0       -9.0       -9.0       -7.0       10.0       -7.0       10.0 =    -1250.0
      -7.0       -7.0      -10.0       -3.0        6.0       -9.0       -7.0        1.0       -8.0       -8.0       -3.0        2.0       -3.0       -5.0       -7.0        0.0        8.0       -7.0       -4.0        0.0        8.0       -8.0        9.0       -2.0       -7.0        7.0       -3.0        1.0        7.0       -1.0       -8.0        7.0       -7.0        6.0        5.0     -251.0       -6.0       -8.0        5.0        5.0        1.0        6.0        8.0        2.0        4.0        1.0        1.0        3.0       -1.0       -2.0 =     2312.0
       7.0       -3.0       10.0       -5.0        7.0        7.0       -1.0       -4.0       -5.0        2.0        6.0        6.0      -10.0       -8.0       -6.0       -9.0       -6.0       -5.0        3.0        4.0        8.0        2.0        3.0       -5.0        2.0        3.0       -8.0        2.0       -4.0        0.0       -6.0        4.0       -8.0       -9.0       10.0       -3.0     -243.0        2.0       -4.0        3.0        4.0        5.0        2.0       -6.0        1.0        3.0       -1.0       10.0        5.0        6.0 =      232.0
       4.0       -7.0        0.0        4.0        8.0       -4.0        1.0       -4.0       -6.0        5.0       -7.0       -1.0       -9.0       -3.0        4.0       -1.0        7.0       -7.0       -6.0       -8.0        1.0       -2.0        8.0        5.0        5.0        2.0        1.0       -1.0       -9.0       -3.0       -1.0       -4.0        9.0       -1.0        3.0       -1.0        7.0     -225.0       -5.0        9.0       -2.0       -8.0        3.0       -6.0       -3.0        2.0       -8.0       -7.0       -5.0       -3.0 =      538.0
      -2.0        2.0       -5.0       -6.0        9.0        9.0        8.0       -3.0        5.0        8.0       -9.0        9.0        0.0        0.0       -8.0        6.0        3.0       -8.0        4.0        4.0        1.0        8.0       -8.0       -9.0        4.0        8.0       -7.0        5.0        3.0      -10.0        3.0       -4.0        2.0      -10.0      -10.0       -8.0        9.0        8.0      286.0       -9.0        3.0        0.0       -8.0       -1.0       -5.0       -3.0      -10.0        7.0       -4.0        2.0 =    -2690.0
       0.0        8.0        9.0        9.0        9.0       10.0        8.0       -5.0       -6.0       -5.0        7.0       -3.0        6.0        9.0       -9.0        0.0        4.0        8.0       -6.0        5.0        0.0        0.0        9.0       -6.0       -7.0        1.0        0.0        9.0       -7.0        0.0        3.0      -10.0        9.0       -4.0       -4.0       -7.0        6.0       -7.0        0.0      270.0       -8.0      -10.0        3.0       -9.0       -1.0       -6.0       -2.0       -4.0       -2.0       -9.0 =    -1855.0
      -4.0       -9.0       -5.0        4.0        3.0       -4.0        5.0       -9.0        7.0       -9.0       -6.0       -7.0        0.0       -5.0       -5.0        2.0        1.0        5.0       -2.0       -7.0       -6.0       -2.0       -5.0       10.0       -1.0       -7.0        4.0       -6.0       -4.0        1.0        5.0        0.0      -10.0       -5.0       -1.0        3.0       -6.0       -5.0        0.0       -3.0      244.0       -4.0        0.0       -9.0        9.0       -6.0        4.0       -7.0        7.0        9.0 =    -1312.0
       5.0        6.0        0.0        3.0        4.0        6.0       -6.0        1.0       -3.0        0.0       -4.0       -3.0        3.0       -6.0       -6.0       10.0        4.0        1.0       -3.0        6.0        5.0        0.0       10.0       -1.0        6.0       -8.0        1.0        3.0       -4.0        8.0        6.0        5.0        1.0        2.0       -8.0       -2.0        3.0        6.0       -4.0       -4.0       -3.0     -214.0        8.0       -6.0       -7.0        3.0        1.0        2.0        9.0        8.0 =      936.0
      -2.0        5.0        2.0       -6.0        7.0       -4.0        1.0        6.0        8.0        0.0       -4.0        6.0        3.0        4.0       -9.0       -2.0        8.0        6.0        2.0       -9.0       -6.0       -7.0       -5.0        9.0        8.0      -10.0        6.0       -8.0        7.0       -1.0        3.0       -1.0        1.0       -3.0       -6.0       -7.0       -7.0       -6.0        5.0       -2.0       -4.0       -3.0     -246.0        9.0       -6.0       -2.0        3.0       -2.0        4.0        8.0 =    -1729.0
       6.0       -8.0        1.0       -6.0        3.0        3.0       -4.0       -9.0       -1.0        9.0        1.0       -7.0        5.0        4.0        8.0        9.0        7.0       -1.0        1.0       -5.0        7.0       -5.0       -2.0       -9.0       -4.0        0.0        8.0       -6.0       -2.0        5.0       -5.0       -1.0       -2.0        1.0        5.0        7.0       -6.0      -10.0       -2.0       -2.0       -4.0       -7.0       -8.0      243.0        1.0       -1.0       -4.0        7.0        7.0        9.0 =    -1888.0
       9.0       -6.0        1.0        3.0       -1.0        5.0        2.0        0.0        5.0       10.0       -1.0        2.0       -6.0       -8.0        8.0       -2.0        5.0       -2.0       -9.0       -9.0        0.0       -2.0        6.0        0.0        7.0       -3.0       -7.0        6.0       -2.0        8.0        3.0        9.0        6.0        7.0        9.0        8.0        4.0       -5.0       -1.0        6.0       -2.0       -3.0       -6.0       -2.0      253.0       -6.0       -8.0       10.0        9.0       -7.0 =     2424.0
       2.0        1.0        6.0        7.0        2.0        6.0       -4.0       -5.0        6.0       -9.0       -4.0       -5.0       -5.0       -6.0       -1.0       -6.0       -8.0       -9.0        1.0        9.0        7.0        9.0        5.0       -6.0       -5.0        7.0        4.0       -5.0        5.0        2.0       -9.0        6.0        0.0        2.0        1.0        7.0       -5.0       -1.0       -8.0       -8.0        6.0       -8.0        8.0        1.0      -10.0      262.0        6.0       -4.0       -8.0        2.0 =      482.0
       7.0       -4.0        4.0        0.0        1.0       -6.0       -1.0       -8.0       -9.0       -7.0       -9.0       10.0        5.0        0.0        8.0        0.0        3.0       -7.0        1.0       -8.0       -4.0        1.0        4.0       -7.0       -9.0        4.0        3.0        0.0       -4.0       -5.0        2.0        3.0       -7.0        7.0       -9.0        0.0        5.0        4.0        9.0        7.0        7.0       -3.0       -3.0       -9.0        3.0        9.0     -249.0        7.0        7.0        1.0 =     -246.0
       4.0        5.0        7.0       -5.0       -2.0        4.0       -8.0        1.0       -8.0       -5.0        4.0       -6.0        2.0       -3.0      -10.0        7.0        6.0        8.0       -8.0        9.0       -3.0        4.0       -9.0        8.0        6.0       -6.0        7.0        9.0        6.0       10.0        9.0      -10.0        5.0        5.0        9.0        7.0        1.0       -6.0       10.0       -5.0       -6.0        4.0       -6.0        1.0        3.0        3.0       -2.0     -280.0        0.0        2.0 =      444.0
      -7.0        6.0        6.0       -6.0        1.0        2.0        4.0      -10.0       -6.0       -9.0      -10.0        2.0        3.0       -6.0       -2.0       -8.0       -1.0        2.0        1.0       -8.0        2.0       -9.0        1.0        8.0        3.0       -2.0       -4.0        9.0       -6.0       -1.0        2.0       10.0       -5.0       -2.0       -8.0        5.0       -9.0       -2.0        3.0        1.0       -5.0       -2.0        8.0       -4.0        7.0        3.0        0.0       -6.0      238.0       -1.0 =     1504.0
      -9.0       -1.0       -5.0       -8.0       -6.0       -9.0        1.0        4.0        0.0        0.0        5.0       -6.0       -9.0       -2.0       -1.0       -4.0        5.0        1.0        5.0       -6.0       -4.0        7.0        7.0       -8.0        4.0       -5.0       -3.0        1.0       -1.0       -7.0       -4.0        2.0       -1.0       -5.0      -10.0       -6.0        0.0        7.0       -8.0       -4.0       -9.0       -7.0       -4.0       -5.0        9.0        2.0       -5.0        1.0        1.0     -228.0 =      984.0

       0.0       -4.0       -9.0        6.0        4.0        7.0       -1.0       -5.0       -6.0        9.0        8.0      -10.0        6.0        2.0       -3.0        8.0        5.0      -10.0        3.0        3.0      -10.0       -8.0        2.0      -10.0        6.0       -7.0       -3.0       -9.0       -6.0        4.0       -6.0        5.0        9.0        8.0       -5.0       -8.0       -1.0       -2.0      -10.0       -7.0       -8.0       -6.0        7.0       -8.0        8.0        2.0        1.0       -2.0        8.0       -3.0
