50
    -279.0       10.0       -8.0       -8.0       -8.0       -2.0       -3.0       -3.0       10.0       -8.0       -9.0       -8.0        9.0        6.0        7.0       -6.0        2.0       -3.0       -8.0       -6.0      -10.0       -8.0        3.0        0.0        1.0        2.0       -9.0       -3.0        2.0       -2.0       -7.0        0.0        4.0       -9.0       -3.0       -5.0       -6.0        9.0        9.0       10.0       10.0       -7.0       -2.0       -2.0        2.0       -9.0       -4.0       -4.0       -7.0       -3.0 =    -2178.0
      -3.0     -243.0        5.0        6.0       -5.0        5.0        3.0        0.0      -10.0       -3.0      -10.0        3.0       -3.0       10.0        9.0        2.0        6.0        1.0        4.0        6.0        7.0       -5.0       -2.0        8.0        2.0        2.0       -2.0       -3.0        7.0       -4.0        2.0        5.0        7.0        9.0       -9.0        5.0        4.0        4.0        8.0       -7.0        2.0        0.0        3.0        7.0       -8.0       -2.0       -7.0        2.0       -9.0       -6.0 =     -591.0
       5.0        5.0     -256.0        5.0        5.0        6.0       -7.0        2.0       -2.0       -5.0       -6.0       -6.0        3.0        6.0        5.0       -7.0        5.0       -4.0        8.0        7.0       -7.0       -2.0       -3.0       -9.0        6.0       -8.0        8.0        1.0        5.0       -1.0       -2.0       -5.0       -9.0        8.0       -2.0       -8.0        8.0       -8.0        2.0       -1.0       -9.0       -4.0       -4.0       -5.0        5.0        6.0        7.0        1.0       -2.0        3.0 =     -260.0
       8.0        1.0        0.0     -256.0       -5.0       -5.0        3.0        1.0       10.0       -3.0        5.0       -2.0       -6.0        0.0        1.0        7.0        6.0        6.0       -3.0        9.0        3.0        8.0        8.0        6.0       -8.0       -2.0        3.0       -5.0        9.0        6.0        9.0        2.0        8.0       -2.0        6.0        6.0        6.0       -6.0       -4.0        7.0        4.0       -8.0      -10.0        2.0       -5.0       -7.0        3.0        4.0        7.0       -2.0 =     -875.0
       8.0        9.0      -10.0       -1.0     -279.0        2.0       -8.0        4.0       -3.0       -9.0       -9.0        1.0        8.0       -1.0      -10.0       -5.0        7.0       -9.0        0.0        6.0        7.0        2.0       -9.0       -5.0        7.0       -3.0       -1.0        1.0       -6.0       10.0        8.0        8.0        6.0       10.0        6.0       -4.0        1.0        6.0       -3.0        5.0        6.0       -5.0        5.0        7.0       -4.0        7.0        7.0        7.0        8.0        5.0 =      630.0
      -4.0       -9.0       -7.0        0.0        9.0     -251.0        5.0        4.0       10.0       -3.0        3.0        3.0        8.0       -9.0        6.0        3.0       -1.0        3.0       -9.0        3.0        0.0       -7.0       -2.0       -6.0       -8.0       -9.0       -6.0       -6.0        9.0       -3.0        3.0       -9.0        3.0       -9.0        2.0       -2.0        3.0       -7.0        5.0        9.0       -1.0       -7.0       -1.0       -2.0        6.0        7.0       -2.0       -4.0        4.0        3.0 =     -273.0
      -8.0        2.0        1.0       -3.0       -4.0       -5.0     -241.0       -7.0       -2.0       -2.0       -3.0        4.0       -3.0       10.0       -4.0        5.0       -4.0       -1.0        6.0        5.0       -5.0       -9.0        5.0       -9.0        2.0        0.0        9.0        4.0        0.0        2.0        8.0       -8.0        5.0        6.0       -6.0       -4.0       -4.0       -6.0       -8.0       -4.0        4.0        0.0       -7.0        7.0        6.0      -10.0       -2.0       -3.0       -7.0        5.0 =     1415.0
       9.0       -9.0       -6.0       -5.0       -9.0        3.0        6.0     -239.0        0.0        6.0        7.0      -10.0        2.0       -4.0       -5.0       -6.0        8.0        1.0        2.0       -6.0        0.0       -4.0        0.0       -4.0        1.0       -9.0        0.0       -2.0       -1.0        9.0        4.0        0.0       10.0        3.0       -2.0       -7.0        7.0       -7.0       -4.0        2.0        0.0       -6.0       -5.0        9.0        3.0       -7.0        0.0       10.0        5.0        9.0 =     -723.0
       6.0       10.0       -2.0       -7.0       10.0        1.0        2.0        8.0      244.0        1.0       10.0       -3.0       -2.0        0.0       -4.0      -10.0      -10.0        4.0       -8.0       -2.0        7.0       -7.0        0.0       -5.0        7.0        6.0       -6.0       -4.0       -4.0        9.0       -4.0       -5.0        1.0       -4.0        7.0        8.0        1.0       -6.0        6.0       -3.0        3.0        1.0        2.0       -2.0        0.0        2.0       -4.0        8.0       -5.0       10.0 =    -2403.0
       2.0        3.0       -8.0        6.0        3.0       -4.0       -7.0        6.0       -9.0     -278.0        9.0       -5.0        7.0       -9.0        5.0       -5.0        1.0        6.0       -8.0        6.0        8.0       -9.0       -9.0       -4.0       -3.0        8.0       -5.0       -8.0        2.0        8.0        8.0        7.0        2.0        7.0        6.0       -5.0      -10.0       -2.0        0.0       -4.0        0.0       -9.0       -7.0        0.0        5.0        3.0        3.0       -8.0       -7.0        7.0 =      885.0
      -9.0       -3.0       -7.0       -5.0       -9.0        3.0       -2.0        4.0       10.0        2.0      265.0        7.0      -10.0       -3.0        5.0       -4.0       -5.0        1.0        2.0       -8.0        5.0        2.0       -8.0       -9.0      -10.0       -1.0        5.0        0.0       -1.0        8.0       -8.0        4.0       -5.0       -3.0       -7.0        6.0        7.0        4.0        1.0        3.0        3.0       -3.0        8.0        7.0       -5.0       -6.0        0.0      -10.0       -9.0       -9.0 =     1421.0
       3.0        9.0        1.0       -9.0       -9.0        0.0        4.0        3.0       -6.0        5.0        3.0     -248.0        1.0       -5.0       -8.0      -10.0       -6.0       -8.0       -5.0        5.0        9.0        9.0       -4.0        8.0       -1.0        3.0        9.0       -7.0       -2.0        8.0       -9.0       -6.0        3.0        0.0       -2.0        3.0        1.0        6.0        7.0       -7.0        2.0       10.0       -2.0       -6.0       -6.0        0.0        1.0       -2.0       -6.0       -2.0 =     -526.0
      -7.0        9.0       -6.0        6.0        3.0        1.0        9.0       -6.0        2.0        9.0        8.0       -1.0      257.0       -8.0       -7.0        6.0       -3.0       -4.0       -7.0       -3.0       -9.0       -6.0       -7.0       -8.0        1.0       -2.0        0.0       -4.0       -4.0      -10.0       -1.0       -4.0        3.0        5.0       -1.0        4.0        1.0      -10.0        8.0       -2.0        1.0        8.0        9.0        1.0       -7.0       -7.0        2.0        7.0       -6.0      -10.0 =    -1470.0
      -6.0       -7.0        2.0       -8.0       -9.0        2.0        9.0       -4.0        7.0        1.0        9.0        8.0        4.0      238.0        1.0       -6.0        7.0       -7.0        1.0       -1.0        4.0        0.0       -7.0        4.0       -8.0        5.0        1.0       10.0       -2.0        0.0       -2.0        1.0       -8.0        7.0       -7.0       -3.0       -6.0       -6.0        7.0       -2.0       -1.0       10.0        3.0        4.0        6.0       -1.0        8.0        2.0       -2.0        8.0 =    -1064.0
      -9.0       -7.0        5.0        9.0        5.0        9.0       -5.0       -8.0       -3.0       -5.0        3.0       -2.0       -3.0       -9.0      258.0        4.0        6.0        8.0       -2.0       -5.0        3.0        6.0       -5.0        7.0        5.0       -3.0       -3.0       -2.0        2.0        7.0       -7.0        0.0      -10.0       -3.0        8.0       -6.0       -7.0       -6.0        6.0        1.0       -7.0       10.0        5.0       -3.0       -3.0        3.0       -5.0       -3.0        4.0        5.0 =      248.0
      -6.0        6.0        7.0       -9.0        2.0       -9.0        7.0        5.0       10.0       -9.0        6.0        4.0       10.0       -8.0      -10.0      252.0       -2.0        4.0        7.0       -3.0       -4.0        6.0        1.0        0.0        5.0        5.0        5.0        4.0       -2.0       -8.0       -5.0        2.0       -3.0        9.0       -2.0       -8.0       -5.0       -3.0       -1.0        0.0       -3.0       -9.0        7.0        3.0        7.0        0.0        3.0        0.0        9.0        3.0 =     1400.0
       4.0        4.0       -9.0       -6.0        1.0       -6.0        7.0        8.0        4.0        2.0        5.0        3.0        5.0       -8.0        0.0        2.0      228.0       -1.0       -2.0        0.0       -6.0       -9.0        5.0       -8.0        2.0       -9.0        5.0       -5.0        0.0        7.0        0.0        1.0       -1.0       10.0       -2.0       -1.0       -9.0       -6.0       -1.0       -3.0        7.0       -1.0       -5.0       -3.0        7.0       -3.0        8.0       -6.0       -8.0       -8.0 =    -1592.0
      -4.0       -9.0       -9.0        6.0       -9.0       -5.0       -7.0       -7.0        3.0       10.0       -3.0        0.0        0.0       10.0        3.0        3.0        0.0     -251.0        3.0        0.0        9.0        2.0        4.0        4.0        4.0        6.0       -5.0       -7.0        7.0        7.0       -4.0       -3.0        5.0        8.0        3.0        4.0       -2.0        8.0        3.0       -6.0       -5.0        9.0        7.0       -1.0       -8.0        3.0       -2.0        7.0      -10.0        7.0 =     2120.0
      -8.0        3.0        0.0       -7.0       -4.0       -8.0        7.0        4.0        4.0       -2.0       -2.0       -8.0        3.0        6.0       -5.0       -1.0        7.0       -7.0      239.0       -1.0       -3.0       -1.0       -6.0        5.0       -9.0       -2.0       -4.0        3.0       -3.0       -3.0        1.0       -3.0       -8.0        8.0       -7.0       -7.0       -3.0        7.0        3.0       -6.0        7.0        6.0       -8.0       -1.0        5.0        3.0       -1.0       10.0       -9.0       -7.0 =     -374.0
      -6.0        9.0        3.0        3.0       -1.0        5.0       -7.0        6.0       -4.0        4.0       -4.0       -5.0        6.0        9.0       -1.0        3.0       -4.0        9.0       -4.0      242.0        0.0        7.0        5.0       -2.0        2.0       -6.0        9.0      -10.0       -8.0       -6.0       -1.0        8.0       -5.0        8.0        4.0        6.0        3.0        1.0        9.0       -6.0       -5.0        1.0       10.0        5.0       -7.0       -5.0        3.0        0.0        2.0       -2.0 =     1132.0
       0.0        7.0        7.0        8.0        9.0       10.0       -5.0       -2.0       -4.0        9.0        3.0        8.0        7.0       -8.0       -6.0        3.0        6.0       -9.0       -9.0       10.0     -271.0        5.0       -5.0        3.0       -2.0       -4.0        7.0        9.0        3.0        8.0        9.0       -9.0       -1.0       -9.0       -8.0       -6.0       -1.0        2.0       -6.0       -1.0        0.0        4.0       -3.0        9.0       -5.0       -8.0       -1.0        1.0       -3.0       -7.0 =      738.0
       7.0        3.0        2.0        9.0       -5.0       -4.0       -7.0        7.0        4.0        8.0        6.0       -2.0        4.0        9.0       10.0        6.0        9.0        7.0        1.0        4.0        0.0     -244.0        4.0        0.0       -4.0       -3.0        7.0       -5.0        1.0        2.0        5.0        8.0        8.0       -2.0        4.0      -10.0        7.0       -3.0       -6.0        8.0       -5.0       -7.0        1.0        1.0        8.0        0.0        1.0        5.0        6.0       -4.0 =     -139.0
      10.0       -4.0       10.0        3.0        3.0        0.0        9.0        8.0        4.0       10.0       -1.0        0.0        2.0       -3.0        4.0       -6.0        4.0        7.0        1.0       -6.0        1.0        8.0      241.0        7.0       -1.0        2.0        2.0       -2.0       -4.0       10.0       -7.0        2.0        3.0        8.0        1.0       -9.0        8.0       -9.0       -6.0       -5.0       -1.0        9.0        6.0        4.0       -5.0       -6.0       -2.0        6.0        2.0        4.0 =     2898.0
      -3.0        1.0       10.0       -2.0        9.0        4.0       -3.0        5.0       -2.0       -7.0        7.0        4.0      -10.0        0.0       -8.0       -7.0       -4.0       10.0       -4.0        8.0       -8.0        7.0        2.0      256.0        6.0        5.0       -5.0        0.0        7.0       -8.0        4.0       -1.0        4.0       -8.0        8.0       -9.0       -5.0        8.0       -2.0       -2.0        2.0       -2.0       -5.0       -6.0        8.0        5.0        1.0        2.0       -1.0       -9.0 =     1048.0
       2.0        9.0       -1.0        0.0       -4.0        7.0        9.0        7.0        9.0      -10.0       -3.0       -4.0        6.0        8.0        7.0        9.0       -8.0       -6.0        5.0        0.0        3.0       -7.0       -9.0        1.0      242.0        8.0       -2.0        7.0        1.0       -3.0        2.0       -8.0       -5.0        3.0        3.0        4.0        1.0        4.0       -4.0      -10.0       -3.0       -5.0       -8.0        1.0       -8.0        3.0       -5.0       -1.0       -5.0        3.0 =    -1715.0
      -1.0       -8.0       -7.0        0.0        7.0        6.0        6.0        2.0        6.0        2.0       -8.0        2.0        3.0       -8.0        5.0       -2.0       10.0        0.0        8.0       -4.0        9.0        7.0        5.0       -3.0        8.0      264.0        8.0        9.0       -7.0        5.0       -2.0       -2.0       10.0        8.0        0.0        5.0       -6.0       10.0        5.0       -9.0       -1.0        6.0       -6.0       -3.0       -5.0      -10.0        0.0        3.0       -2.0       -7.0 =    -2862.0
       5.0       -1.0        2.0       -7.0        4.0       -8.0       -3.0       -9.0       -2.0        8.0        6.0        8.0       -4.0        8.0       -4.0       -1.0        0.0        3.0        1.0       -3.0        0.0       -2.0        3.0        9.0        9.0        8.0     -227.0        7.0       -5.0       -1.0        4.0        8.0       -1.0       -5.0        4.0       -3.0       -4.0        8.0       10.0       -1.0        1.0       -2.0        6.0       -7.0        7.0       -5.0       -9.0       -6.0       -2.0       -1.0 =     -776.0
       7.0       -7.0       -8.0        6.0       -3.0        8.0       -7.0        3.0       -8.0        7.0       -7.0       -2.0       -5.0        8.0       -2.0        8.0        5.0       -4.0        9.0        3.0        4.0        4.0        6.0      -10.0        8.0        2.0       -7.0     -264.0       -7.0        4.0        2.0        4.0       -1.0        7.0        6.0       -5.0        4.0        9.0        7.0        1.0       -5.0        8.0        0.0       -7.0        7.0        5.0        6.0       -1.0       -1.0        3.0 =    -1200.0
      -5.0        1.0       10.0        8.0        7.0       -8.0       -4.0       -5.0       -9.0        2.0        4.0        4.0       -2.0       -2.0      -10.0       -6.0       -2.0        6.0        9.0       -4.0       -6.0        5.0        4.0       -7.0       -6.0        3.0        1.0       -9.0     -233.0       -2.0       -7.0       -6.0       -2.0        9.0        0.0       -8.0       -6.0        9.0       -2.0       -4.0        3.0       -1.0        5.0       -4.0        0.0       -3.0       -1.0        2.0        1.0        3.0 =     -804.0
       4.0       -6.0       -6.0       -5.0        3.0        1.0        5.0        0.0       -7.0       10.0       -6.0        0.0       -4.0       -4.0        9.0       -8.0       -4.0       10.0       -2.0        4.0      -10.0       -3.0        3.0        0.0       -7.0       -5.0      -10.0      -10.0       -6.0     -268.0        1.0        7.0        3.0       -6.0       -7.0        6.0        7.0       10.0      -10.0       -8.0       -6.0       -7.0       -3.0        3.0       -3.0        8.0       -9.0        2.0        3.0       -5.0 =    -1008.0
       3.0        2.0        9.0        2.0       -5.0       -3.0       -6.0       -2.0       -9.0       -7.0       -1.0        0.0       -3.0        4.0       -2.0       -4.0        8.0        9.0        3.0        1.0       -4.0       -9.0        6.0        2.0        7.0       -2.0        9.0       -1.0        4.0        2.0     -238.0       -2.0       -9.0       -9.0        2.0       -2.0       -9.0       -7.0       -6.0        4.0        2.0        9.0       -5.0       -8.0       -5.0      -10.0       10.0       -1.0        1.0        4.0 =     1330.0
      -7.0        3.0        5.0        1.0       -1.0        0.0        2.0       -2.0       -2.0        1.0        2.0        7.0        8.0       -3.0       -3.0        4.0        0.0        6.0       -3.0      -10.0       -1.0        7.0       -4.0        8.0      -10.0       -7.0        5.0       -1.0        0.0       -3.0        8.0     -205.0       -3.0       -7.0        4.0        5.0        7.0        6.0        7.0        1.0        4.0        3.0        1.0        2.0        6.0        1.0       -3.0        0.0        8.0        7.0 =     -730.0
      -2.0        7.0        5.0        8.0       -9.0       -3.0       -1.0        2.0       -4.0        6.0        2.0       -8.0        9.0       -3.0        1.0        6.0        7.0      -10.0        7.0        8.0       -8.0       -3.0        8.0        7.0        4.0       -3.0        7.0        8.0       -2.0        4.0        9.0       -2.0      232.0        0.0        6.0       -4.0       -7.0       -8.0       -2.0        4.0        4.0       -1.0        0.0        5.0       -3.0        1.0        0.0        3.0       -3.0        0.0 =     1420.0
      -3.0        6.0       -2.0        2.0       -4.0        7.0        9.0       -3.0       -4.0       -2.0        6.0       -9.0        9.0        4.0        8.0        5.0        2.0        7.0        0.0       -2.0        0.0       -8.0        1.0        5.0       10.0       -5.0       -8.0        0.0        1.0       -9.0        2.0       -6.0       -8.0      249.0       10.0       -6.0       -7.0        2.0       -2.0        1.0        6.0        5.0      -10.0        8.0        3.0        7.0        9.0        1.0       -1.0        9.0 =     1475.0
       7.0        8.0        2.0       -3.0        0.0        4.0       -1.0        2.0       -4.0       -2.0        6.0        0.0       -3.0       10.0       -7.0       -5.0       -5.0       -9.0        1.0        2.0       -7.0        0.0        9.0       -2.0       -6.0        0.0       -2.0       -6.0        9.0       -6.0        2.0       -4.0       -4.0       -8.0     -246.0       -4.0        9.0        9.0       10.0        5.0       -9.0       -9.0        6.0       -4.0       -4.0       -9.0       -3.0        3.0       -1.0        6.0 =    -1315.0
      -1.0        3.0        9.0       -4.0        8.0       -2.0        3.0       -9.0       -8.0        8.0       -3.0        4.0       -6.0        9.0        3.0        9.0       -7.0        3.0       -6.0       -2.0      -10.0        7.0        6.0       -1.0        6.0       -1.0       -4.0       -4.0        3.0        9.0       -3.0        1.0        0.0       -2.0       -3.0     -245.0        0.0        9.0       -7.0       10.0        6.0        1.0       -7.0        7.0       -1.0        5.0        0.0        3.0       10.0       -5.0 =     -398.0
      -5.0        4.0       -7.0        4.0       -1.0        8.0       10.0        4.0        4.0        5.0        4.0        3.0        7.0        1.0        1.0       -4.0       -5.0       -9.0        5.0        3.0        6.0       -6.0       -1.0       -5.0       -8.0        6.0        6.0       -4.0       -7.0      -10.0        4.0       -3.0        5.0        9.0       -5.0       -5.0     -258.0        0.0       -9.0       -1.0       -5.0        6.0       -3.0       -1.0       -9.0       -9.0        4.0       -5.0      -10.0       -3.0 =      578.0
      -2.0        2.0        1.0       10.0        5.0        0.0       -7.0        9.0       -1.0       -1.0       -4.0        5.0        3.0        1.0        1.0        5.0       -6.0        0.0        8.0       -1.0       10.0        2.0        0.0       -5.0        4.0        2.0       -9.0       -4.0       -3.0        3.0       -8.0       -3.0        3.0        5.0        6.0        3.0       -4.0     -226.0        6.0        1.0       -5.0       -5.0      -10.0        9.0       10.0       -9.0        8.0       -5.0       -2.0       -4.0 =    -1010.0
      -6.0       -6.0        8.0       -5.0        4.0        7.0       -1.0        7.0       -8.0       -3.0        5.0        0.0        6.0       -8.0        0.0       10.0       -6.0       -8.0        3.0        4.0        9.0       -5.0        2.0        8.0       -6.0       -1.0       -7.0       -4.0       -5.0        1.0       -5.0        9.0        6.0       -1.0       -2.0        2.0        6.0       -4.0     -245.0       -4.0        0.0        9.0        8.0       -1.0        2.0        5.0        0.0        6.0       -7.0       -5.0 =     2034.0
       0.0       -6.0       -8.0       -8.0        8.0        9.0       -6.0       -3.0        1.0       -1.0        9.0        7.0        4.0        5.0        8.0        4.0       -5.0       -9.0       -5.0       -9.0        4.0        9.0        9.0        5.0        6.0       -5.0        4.0        6.0        6.0       -4.0       -4.0        4.0       -9.0        2.0        5.0        7.0       -1.0        3.0        2.0     -267.0       -8.0       -8.0        0.0       10.0        3.0        0.0       -3.0       -9.0       -5.0       -2.0 =    -1715.0
       2.0       -3.0       -9.0        5.0        2.0       -7.0       -2.0       -3.0      -10.0      -10.0        6.0       -9.0       10.0       -2.0        5.0       -6.0        0.0        6.0       -3.0       -3.0        6.0       -4.0       -5.0       -1.0        4.0        2.0        2.0       -8.0        8.0       -2.0        6.0       -2.0       -4.0        1.0       -7.0        7.0        5.0       -9.0        7.0        5.0     -243.0       -5.0        4.0       -3.0        5.0       -3.0        9.0       -1.0       -4.0        4.0 =    -1799.0
       6.0       -1.0       -8.0       -8.0        1.0        4.0       -6.0      -10.0        6.0       -1.0       -1.0        4.0       -1.0        9.0       -9.0       -3.0       -8.0        1.0       -7.0       -1.0       -7.0        4.0        1.0      -10.0       -5.0       -4.0       -5.0        6.0        5.0        4.0        6.0       -4.0        1.0       -4.0       -8.0        4.0       -6.0        3.0       -6.0        7.0       -4.0      245.0       -9.0       -2.0       -9.0        8.0        1.0       -5.0       -2.0       -3.0 =     1183.0
      -9.0       -4.0       -4.0        9.0        3.0        9.0        6.0        3.0        9.0       -5.0       -1.0        8.0        1.0       -1.0        4.0      -10.0       -9.0        3.0       -4.0        4.0        4.0       -3.0        7.0       -3.0        8.0       -4.0        5.0        9.0       -2.0       -5.0        0.0       -8.0        2.0        1.0       -3.0        6.0       -5.0        2.0        1.0       -1.0       -1.0       -2.0     -240.0       -6.0       -7.0        3.0        7.0        7.0       -9.0       -3.0 =    -1140.0
      -2.0        1.0       -9.0        0.0       -3.0       -1.0        9.0       -8.0       -7.0       -2.0        5.0       -8.0       -5.0        5.0       -7.0        3.0        5.0        7.0        0.0       -2.0       -6.0        5.0        9.0       -8.0       -8.0        5.0        4.0        2.0       -9.0       -5.0        3.0       -3.0       -3.0        9.0        1.0       -5.0        9.0       -8.0       -6.0       -7.0       -5.0       -3.0        3.0      260.0       -6.0        7.0       -8.0        8.0        5.0       -7.0 =    -2140.0
      -9.0        0.0        4.0        9.0       -5.0       -3.0       -7.0       10.0      -10.0       -9.0       -8.0       -1.0       -7.0        4.0       -3.0        6.0       -4.0       -2.0       -3.0        5.0       -3.0        1.0       -3.0       -5.0       -5.0        7.0        8.0      -10.0       -2.0       -3.0        2.0       -5.0       -5.0        6.0      -10.0       -4.0        5.0       -4.0       -8.0       -2.0        1.0        3.0        5.0       -8.0      254.0       -3.0        3.0        8.0        0.0       10.0 =      600.0
       1.0       -5.0       -5.0       -9.0        9.0       -4.0        1.0       -4.0       -5.0        1.0        0.0        1.0       -9.0        5.0        3.0       -1.0       -9.0       -3.0        6.0      -10.0       -8.0        9.0       -5.0       -7.0       -9.0        8.0        9.0       -6.0        4.0       -6.0        4.0       -1.0       -3.0       -9.0       -5.0       -5.0       -7.0       -4.0       -6.0       -1.0        0.0        0.0       10.0        5.0        5.0      242.0        3.0       -1.0       -4.0        0.0 =     -350.0
       1.0        4.0        3.0        0.0        7.0       -6.0       -8.0        5.0       -2.0       -5.0       -9.0       -8.0        5.0       10.0        7.0        5.0       -4.0        4.0       -7.0        5.0        2.0       -3.0        6.0        4.0       -6.0       -6.0        1.0       -4.0       -1.0       -7.0       -4.0       -1.0        3.0       -4.0       -3.0        8.0        5.0        7.0        5.0        2.0        1.0        9.0        3.0       -8.0       -3.0       -4.0     -232.0       -1.0       -7.0       -7.0 =    -2142.0
       2.0        3.0       -7.0       -4.0        9.0       -5.0        0.0        0.0       -8.0       -1.0       -1.0       -3.0        4.0       -5.0       -3.0       -1.0       -2.0       -6.0       -3.0        8.0       -7.0       -1.0        5.0       -3.0       -8.0       -3.0        0.0        9.0       -2.0        0.0        9.0       -8.0        2.0        4.0       -3.0        6.0        1.0        2.0        9.0       -9.0       -3.0        0.0       -6.0       -9.0       -8.0       -2.0        3.0     -215.0       -9.0        3.0 =    -2660.0
       0.0       -7.0       -1.0        5.0       -1.0        0.0        0.0       -7.0        9.0       -8.0        7.0       10.0       -2.0       -3.0       -5.0        8.0       -6.0       -9.0       -5.0       -6.0       10.0        2.0       -2.0       -5.0        6.0       -4.0        7.0        9.0       -9.0        2.0        4.0       -3.0      -10.0        6.0        8.0        2.0       -5.0        1.0       10.0        3.0        7.0        8.0       -4.0       -9.0        9.0       -1.0       10.0        1.0     -267.0       -1.0 =    -1416.0
       4.0        4.0       -8.0        5.0       -1.0       -1.0        3.0        3.0        3.0       10.0        9.0       -3.0        0.0       -5.0        2.0        4.0       -5.0        9.0        8.0       -3.0       -5.0       -3.0        0.0       -2.0       -6.0        2.0       -4.0        1.0        6.0        2.0        7.0        4.0       -2.0        9.0        1.0       -7.0        1.0       -9.0       -8.0        4.0        5.0        9.0        2.0       -3.0        9.0        7.0       -7.0       -3.0        5.0     -230.0 =    -1062.0

       6.0        3.0        1.0        5.0       -3.0        1.0       -5.0        3.0       -9.0       -3.0        7.0        2.0       -7.0       -4.0        1.0        5.0       -8.0      -10.0       -2.0        4.0       -3.0        1.0        9.0        4.0       -7.0       -9.0        4.0        6.0        3.0        3.0       -5.0        5.0        5.0        5.0        5.0        2.0       -2.0        5.0       -9.0        7.0        7.0        7.0        5.0      -10.0        3.0       -2.0        9.0       10.0        6.0        6.0
