50
    -222.0       -5.0        2.0       -5.0        4.0        6.0        2.0        8.0      -10.0       -2.0        3.0        1.0        4.0        8.0        0.0       -9.0        4.0       -8.0       -5.0       -4.0       -8.0        8.0        7.0       -2.0       -2.0        2.0        1.0        3.0       -6.0       -8.0        1.0       -9.0       -7.0        0.0       -6.0        2.0       -3.0        5.0       -2.0        2.0       -3.0        0.0       -4.0       -5.0        9.0        7.0        4.0       -5.0        4.0       -2.0 =    -1470.0
      -8.0      261.0       -6.0        5.0        1.0        2.0        1.0       -1.0       10.0       -9.0       -6.0        3.0       -9.0       -9.0        2.0       -4.0        0.0       -7.0        9.0        6.0        1.0       -9.0       -2.0       -9.0       -4.0       10.0       -6.0        9.0       -1.0        5.0        3.0       -3.0       -2.0       -7.0       -3.0        5.0        5.0        0.0       10.0       -6.0       -8.0        1.0       -2.0        8.0       -8.0        5.0        8.0        8.0       -6.0        0.0 =     1215.0
       6.0        4.0      240.0       -8.0       -2.0       -8.0       -3.0        2.0        1.0       -8.0       -4.0        9.0       -2.0       -5.0       -1.0       -9.0        0.0       -1.0      -10.0        5.0        5.0       -5.0       -7.0        7.0       -4.0        3.0        7.0       -9.0        1.0        8.0       -2.0       -8.0        9.0        7.0        5.0        0.0      -10.0       -9.0       10.0        1.0       10.0        8.0        1.0        1.0        0.0        3.0        0.0       -3.0        1.0       -5.0 =     -231.0
       1.0       -4.0       -6.0     -258.0       -9.0       -8.0       -6.0       -1.0       -2.0       -2.0        7.0        8.0      -10.0        2.0       -9.0       -7.0       -2.0       -1.0       -2.0        1.0       -2.0        0.0        3.0       -7.0       -6.0        1.0        0.0        9.0       -9.0       10.0        3.0       -7.0       10.0       -5.0        8.0       -8.0        1.0       -8.0        7.0        4.0        7.0       -3.0        1.0        5.0        4.0        6.0       -7.0        8.0       -6.0        6.0 =    -2547.0
       2.0        9.0       -2.0       -8.0     -216.0       -2.0        3.0       -2.0        9.0        2.0       -6.0        7.0       -5.0       -2.0        7.0        6.0        1.0        8.0       -4.0       -1.0       -2.0        0.0       -2.0       -2.0        6.0       -4.0        1.0        2.0       -9.0       -4.0       10.0       -2.0       10.0      -10.0        1.0        0.0        0.0       -8.0        0.0        7.0       -6.0        6.0        9.0        2.0      -10.0        5.0       -1.0       -4.0        4.0        1.0 =     -582.0
       6.0        4.0       -7.0        8.0       -7.0     -280.0       -6.0        3.0       -6.0        7.0        8.0       -8.0       -1.0       -2.0        6.0        8.0       -9.0        7.0        1.0       -2.0      -10.0        1.0        9.0      -10.0       -4.0        2.0        3.0       -4.0       -3.0        3.0       -8.0        6.0       -9.0        8.0        2.0        6.0        6.0       -6.0       -6.0       -5.0        2.0       -8.0        9.0       -9.0       -9.0       -2.0        8.0       -7.0       -5.0        0.0 =     -930.0
       2.0        8.0       -5.0        6.0       -9.0        4.0     -220.0       -4.0       -3.0       -6.0       10.0       -4.0      -10.0       -5.0        3.0        9.0        6.0        1.0       -1.0        2.0       -7.0        5.0       -1.0        5.0        0.0        1.0        7.0        7.0        3.0        2.0       -2.0       -3.0        6.0       -1.0       -2.0       -5.0        3.0        4.0       -8.0       -9.0       -1.0        4.0       -1.0       -6.0       -2.0        9.0       -5.0        3.0        1.0        4.0 =    -1640.0
       5.0        7.0       -1.0        9.0       -3.0       -1.0       -9.0     -255.0        2.0       -4.0        9.0       -9.0        5.0        0.0       -7.0       -2.0        8.0       -3.0        2.0       -8.0       -4.0       -2.0        3.0       -9.0        0.0        1.0       -8.0        7.0       -7.0       -9.0        4.0       -6.0        0.0        3.0        3.0       -7.0        9.0      -10.0       -6.0      -10.0        6.0       -7.0       -5.0       -2.0        5.0        1.0        6.0       -2.0       -3.0       -9.0 =     2191.0
       9.0      -10.0        9.0        6.0       -7.0       -7.0       -6.0        5.0     -266.0       -6.0        4.0       -9.0       -5.0       -2.0        3.0       -7.0        5.0       -2.0        9.0        7.0        5.0        6.0        1.0        7.0       -3.0       -5.0       -5.0       -7.0       -9.0        0.0       -2.0        5.0       -6.0       10.0        2.0       -7.0        2.0       -5.0       -7.0       -5.0        5.0        5.0       -5.0       -6.0       -6.0        1.0       -7.0       -9.0        0.0       -2.0 =     1268.0
       0.0       -1.0        1.0        3.0        1.0       -5.0       10.0       -9.0       -2.0      206.0       -4.0       -1.0       -7.0       -1.0       -8.0        3.0        6.0       -5.0        9.0        8.0       -1.0       -8.0        0.0        6.0       -4.0        1.0        4.0        0.0        4.0       -5.0        3.0        9.0        7.0        2.0        4.0        3.0        7.0        3.0       -1.0        4.0       -5.0        7.0       -6.0        3.0       -7.0       -5.0       -2.0        0.0        0.0        6.0 =    -1631.0
      10.0        9.0        2.0        1.0      -10.0       -2.0       -6.0        7.0       -7.0        9.0      251.0       -2.0        8.0       10.0        6.0        5.0        0.0       -8.0        5.0        2.0       -9.0        2.0       -2.0       -6.0        7.0       -9.0        2.0        2.0       -7.0        3.0        1.0       -5.0       -1.0       -2.0       -1.0       -4.0       -8.0        7.0        5.0       -9.0        6.0       -4.0        5.0        5.0       -1.0        4.0       -3.0       -3.0      -10.0       -2.0 =    -1771.0
       8.0       -4.0       -7.0        1.0       -5.0       -4.0        0.0        8.0        6.0      -10.0        5.0     -209.0        1.0        1.0       -3.0       -4.0        3.0        1.0       -1.0       -5.0        0.0       -8.0        5.0       -1.0        2.0        3.0        1.0        4.0       -7.0        3.0        2.0       -5.0        6.0        6.0       10.0        4.0        5.0        1.0        6.0       -1.0        7.0       -5.0        1.0        2.0        5.0       -1.0      -10.0        0.0       -3.0        8.0 =    -1246.0
      -9.0      -10.0        5.0       -5.0       -4.0        7.0        4.0        1.0       -3.0       -6.0        3.0       -5.0     -246.0       -9.0        6.0       -2.0        5.0        8.0        6.0        1.0       -5.0       -4.0        8.0        1.0       -9.0        3.0        5.0        9.0        1.0        0.0        6.0       -4.0        6.0       -8.0       -1.0       -5.0       -7.0        3.0        8.0       -1.0        2.0        6.0       -8.0        2.0       -4.0        5.0       -4.0        1.0       -5.0       -6.0 =    -1032.0
      -8.0      -10.0        8.0       -6.0        5.0       -3.0       -9.0        8.0       -4.0        3.0       -8.0        4.0        6.0      263.0        0.0       -2.0        0.0       -2.0       -9.0       -5.0        8.0       -5.0       -9.0       -3.0       -3.0        1.0        3.0        9.0        7.0        9.0       -3.0        2.0        7.0        6.0       -5.0        4.0        9.0       -1.0        4.0       -8.0        6.0        3.0        7.0       -3.0        7.0        7.0       -7.0       -8.0       -4.0        1.0 =     1904.0
      -3.0        1.0       -2.0        1.0       -7.0       -3.0        7.0        7.0       -6.0       -6.0        9.0        5.0        8.0        0.0      252.0        6.0        5.0        7.0       -3.0       -5.0       -8.0       -7.0        7.0       -8.0       -6.0       -5.0       10.0       -3.0       -1.0       -1.0       -9.0        1.0        7.0       -5.0        8.0        8.0        7.0        1.0        6.0      -10.0       -3.0        7.0       -2.0        2.0        3.0        2.0        8.0        1.0       -5.0        3.0 =     -281.0
       3.0        8.0       -7.0        7.0        3.0       -5.0       -1.0       -1.0        1.0       -8.0        1.0       -3.0       -9.0        8.0        6.0     -255.0        3.0       -7.0        4.0       -3.0       -6.0        7.0       -7.0        2.0        4.0       -1.0       -7.0       -1.0        0.0       -4.0       -4.0        0.0       -4.0        4.0       -7.0        8.0       -8.0        8.0        9.0        8.0       -6.0        8.0       -3.0       -8.0       -7.0        6.0       -6.0       -5.0        5.0       -5.0 =     -825.0
      -6.0       -8.0       -3.0       10.0       -3.0       -2.0       -4.0        2.0       -7.0        9.0       -1.0       -4.0       -4.0       -3.0       -2.0        9.0     -237.0        9.0        7.0       -9.0        4.0       -2.0       -1.0       -1.0        9.0        2.0       -9.0       -4.0        5.0        5.0        1.0       -4.0        6.0       -6.0       -1.0       -8.0        1.0        2.0       -8.0        4.0        6.0        0.0        8.0       -4.0       -4.0        1.0        9.0        3.0       -4.0       -7.0 =      732.0
       6.0       -7.0        8.0       -6.0       -1.0        3.0        6.0        6.0        9.0       -7.0        0.0       -9.0       -5.0       -1.0        5.0       -7.0        5.0      247.0       -9.0        4.0       -7.0        8.0        0.0       -1.0        3.0       -3.0       -7.0        3.0       -2.0       -4.0        9.0        5.0       -6.0       -9.0        4.0        6.0       -5.0        2.0       -3.0        9.0       -1.0        0.0        0.0       -4.0        1.0        3.0       -9.0        9.0       -7.0       -6.0 =     -470.0
      -6.0        7.0       -2.0       -6.0       -3.0        9.0       -3.0        2.0       -7.0       -5.0       -6.0        9.0        3.0       -1.0       -7.0        6.0        0.0       -9.0     -233.0       -4.0       -5.0       -2.0       -6.0        8.0       -2.0        6.0       -1.0        1.0        2.0        7.0        6.0       -1.0        4.0       -9.0       -2.0       -8.0       -8.0        1.0        8.0       -3.0       -2.0        7.0       -2.0       -6.0        1.0        4.0      -10.0       -4.0        7.0        5.0 =     -520.0
      -5.0        2.0       -7.0       -9.0       -1.0       -6.0       -5.0        2.0       -4.0        1.0        7.0        9.0       -9.0        5.0       -1.0        2.0        1.0      -10.0        6.0      208.0        5.0        4.0        2.0       -8.0       -1.0       -5.0        7.0       -2.0       -3.0        3.0        3.0        1.0        2.0        4.0       -8.0       -8.0        2.0       -1.0       -6.0        0.0        5.0       -2.0       -3.0        0.0       -3.0       -2.0        2.0        6.0        6.0       -7.0 =     1432.0
       9.0       -5.0        4.0        2.0        0.0        2.0       -5.0       -8.0       -3.0       -5.0       -8.0        9.0       -2.0        4.0        6.0       -3.0        9.0        2.0       -8.0        3.0      236.0       -6.0        2.0       -6.0      -10.0       -9.0        5.0       -5.0        4.0        1.0       -2.0       -1.0        4.0       -2.0        9.0       -6.0        2.0        3.0        1.0        7.0        1.0        3.0       -7.0       -2.0       -3.0       -7.0        9.0        3.0        9.0        1.0 =    -1896.0
      -5.0       10.0        5.0       -8.0        7.0       -1.0       -7.0       -1.0        9.0       -8.0        5.0       -9.0        6.0       -6.0       -9.0       -8.0       -3.0       -2.0       -6.0       -9.0        7.0      275.0        4.0       -3.0       10.0       -9.0       -1.0      -10.0       -4.0        2.0        8.0        7.0       -4.0        7.0       -7.0       -5.0       -6.0        2.0       -8.0        1.0       10.0       -4.0       -3.0       -4.0       -4.0        0.0       -5.0       -5.0        3.0        5.0 =     -438.0
       2.0        8.0       -7.0       -4.0       -6.0        2.0       -5.0       -8.0       -7.0       -2.0       -6.0        5.0       -4.0        4.0        4.0        0.0       -3.0      -10.0       -1.0       -4.0       -5.0       -1.0     -245.0        6.0       -5.0       -8.0       -7.0        4.0       -5.0       -1.0       -9.0       -1.0       -4.0       -3.0       -6.0        6.0        1.0       -3.0        7.0       -9.0        1.0       -9.0        5.0       -7.0       -7.0       -6.0       -8.0        6.0       -1.0       -6.0 =     1086.0
       9.0        7.0        6.0        0.0       -8.0       -6.0        7.0       -5.0       -9.0      -10.0       -2.0        7.0       -1.0       -7.0       -9.0        3.0        5.0       -8.0        8.0        8.0       -3.0        8.0        7.0     -287.0        9.0        2.0       -5.0        1.0       -8.0        0.0        8.0       -1.0       -7.0       -5.0        2.0        8.0        0.0        5.0       -9.0        3.0       -9.0       10.0        3.0        9.0       -8.0       -3.0        7.0       -3.0        6.0        4.0 =     1827.0
       8.0        6.0        5.0      -10.0        5.0        0.0        1.0        6.0        9.0        5.0        6.0        7.0        3.0        0.0        7.0        6.0       -6.0        8.0        9.0       -3.0       -2.0        7.0       -2.0       -2.0      240.0        6.0        4.0       -5.0       -2.0        6.0        8.0        1.0       -5.0        6.0        7.0        8.0       -2.0       -7.0        2.0        4.0        0.0        6.0       -8.0        2.0       -1.0        4.0        8.0        6.0        6.0       -1.0 =    -1098.0
      -8.0       -6.0       -7.0       -2.0       -8.0        6.0       -1.0       -6.0       -2.0       -8.0       -9.0        9.0        3.0       -8.0       -8.0        7.0       -4.0       -6.0       10.0        4.0       -3.0        8.0       -9.0        2.0        2.0      278.0        6.0        3.0       -2.0       -1.0       -7.0        0.0        8.0        9.0       -5.0        2.0       -3.0       -3.0        5.0        5.0       10.0       -2.0        8.0       10.0        8.0        4.0       -4.0       -9.0       -2.0        6.0 =     -280.0
       6.0        5.0       -2.0        2.0        3.0        8.0       -8.0       -2.0        8.0        4.0       -7.0       -8.0       -2.0       -1.0       -8.0        1.0        0.0       -4.0        1.0       -8.0       -4.0       -8.0        9.0        0.0        3.0        8.0     -245.0       -4.0       -1.0      -10.0        6.0        7.0        1.0       -9.0       -4.0        6.0        5.0       -4.0        3.0       -8.0        6.0        3.0       -6.0        0.0       -3.0       -6.0        9.0        7.0        7.0       -3.0 =        0.0
      -4.0       -5.0        0.0       -6.0        4.0        2.0       -7.0        8.0        2.0       -2.0       -4.0       -7.0        2.0       10.0        9.0       -9.0       -7.0       10.0       -9.0        3.0        1.0       -5.0       10.0        5.0        8.0        8.0       -4.0     -275.0        3.0        3.0        2.0        8.0       -7.0       -8.0        9.0       -5.0        5.0        9.0       -7.0       -4.0        4.0       -5.0        1.0       -6.0       -4.0       -9.0        3.0        7.0        4.0        8.0 =      502.0
      -2.0       -9.0        4.0       -4.0        6.0       -8.0       -8.0       -3.0        1.0       -5.0       -1.0        3.0        8.0        3.0       10.0        7.0       -6.0        2.0        7.0        4.0       -2.0        9.0        1.0        4.0        4.0       -6.0        3.0        2.0     -224.0        0.0        3.0        0.0       -3.0        9.0        2.0        8.0       -3.0        5.0        4.0       -9.0        5.0        2.0        1.0        0.0       -8.0       -2.0       -7.0        7.0        2.0        3.0 =    -1267.0
       6.0       -5.0        0.0        2.0        9.0       -4.0        8.0        2.0       -7.0        5.0      -10.0        5.0        3.0       -6.0        8.0        3.0        3.0       10.0       -4.0        1.0       -9.0       -5.0       -2.0        4.0       -3.0       -2.0        2.0        6.0        4.0      262.0        9.0        0.0       -9.0        1.0        7.0        8.0        0.0       -7.0       -9.0        9.0       -3.0        0.0       -8.0        6.0        5.0       -5.0        7.0       -6.0       -8.0       -9.0 =      274.0
      -7.0        6.0        6.0       -8.0        8.0        9.0       -6.0       -5.0        4.0       -8.0      -10.0        8.0       -6.0        2.0       -7.0        7.0        1.0        4.0        2.0       -4.0       -9.0        9.0       -6.0        0.0       -5.0       -6.0       -2.0       -5.0        1.0       -4.0      237.0       -3.0       -2.0        5.0        1.0        4.0        9.0        5.0        3.0       -2.0        9.0        3.0        4.0        3.0        7.0        5.0        3.0       -2.0        0.0        0.0 =     1548.0
       0.0        4.0       -9.0        2.0       -1.0        4.0        3.0        2.0        1.0       -3.0        7.0        8.0        4.0        7.0       -8.0        8.0        1.0        6.0        1.0      -10.0       -4.0       -2.0        2.0       -2.0        2.0       -2.0       -5.0       -9.0        5.0       -2.0        9.0      227.0       -7.0       -2.0       -4.0        6.0       -7.0        5.0       -7.0       -6.0       10.0        3.0        0.0       -2.0       -8.0       -4.0       -9.0        1.0        8.0        2.0 =      225.0
      -6.0       -2.0       -1.0       -4.0       -7.0       -3.0       -4.0       -9.0        0.0        5.0        4.0       -6.0        6.0       -5.0        9.0       -2.0        7.0        9.0       -6.0        5.0       -9.0       -3.0       -4.0        9.0       -1.0       -8.0        3.0        3.0       -5.0       -4.0        3.0        1.0      242.0        9.0       -8.0        5.0       -5.0       -5.0        3.0       -1.0        2.0       -6.0        7.0       -5.0        9.0       -6.0        9.0        3.0        1.0        3.0 =      232.0
      -3.0       -9.0        6.0       -7.0      -10.0       -8.0        5.0        3.0       -2.0       -7.0       -6.0       -2.0        4.0        3.0       -6.0        9.0        6.0        3.0        6.0        5.0       -7.0        6.0        8.0       -2.0        0.0       -2.0       -2.0       -9.0        9.0        4.0       -3.0       -4.0       -6.0      254.0       -1.0       -6.0        4.0       -6.0        4.0       -8.0        6.0        7.0       -5.0       -6.0        3.0        2.0       -8.0       -2.0       -3.0       -1.0 =     1296.0
     -10.0        4.0        5.0       -2.0       -3.0       -7.0        6.0        7.0       -9.0       -2.0        4.0        3.0       -2.0       -1.0       -6.0       -2.0        9.0       10.0       -6.0        9.0       -2.0       -3.0       -1.0        7.0       -7.0       -2.0       -6.0        3.0       -2.0       -1.0       -5.0        8.0       -2.0       -5.0      233.0        5.0       -5.0       -3.0        1.0       -5.0        3.0       -3.0        3.0       -9.0       -6.0       -3.0       -7.0       -3.0        1.0       -7.0 =     -184.0
       3.0        6.0       -5.0        5.0        4.0       -4.0        1.0        1.0       -4.0       -6.0       -4.0       10.0        0.0       -9.0        7.0        4.0       -1.0        2.0        6.0        0.0        6.0       -4.0       -5.0        7.0      -10.0        0.0       -4.0        2.0        3.0       10.0       -6.0       -4.0        6.0       -6.0       -5.0     -237.0        9.0        3.0        8.0       -6.0        4.0       -7.0       -3.0       -4.0      -10.0        5.0       -2.0       -1.0       -7.0        4.0 =     2142.0
       9.0        9.0       10.0       -5.0       -1.0       -4.0        3.0        3.0        0.0       -2.0        3.0       -6.0       -8.0        5.0        4.0        5.0      -10.0      -10.0       -3.0        4.0        4.0       -2.0       -7.0        1.0        2.0        8.0       -4.0        4.0        3.0       -7.0        5.0       -6.0        8.0       -4.0       -4.0      -10.0     -247.0       -2.0       -3.0        3.0        4.0        0.0       -8.0        7.0       -3.0        6.0       -1.0        8.0       -8.0       -5.0 =    -2016.0
       4.0       -3.0        9.0        2.0        3.0       -3.0       -5.0        4.0       -6.0        0.0        1.0        4.0        6.0        4.0        1.0        9.0        6.0        7.0        9.0        8.0        7.0        8.0      -10.0       -8.0        6.0        7.0        9.0       -7.0        7.0       -5.0        3.0        2.0        8.0       -5.0        9.0       -4.0       -5.0      258.0        0.0       -9.0       -7.0       -7.0       -1.0       -5.0       -4.0       -6.0        0.0        6.0       -5.0        2.0 =    -1520.0
      -7.0       -4.0        8.0       -2.0      -10.0        8.0       -7.0        4.0        2.0       -2.0       -1.0       -5.0        7.0        2.0        3.0       -7.0        8.0        8.0        9.0       -2.0        7.0       -6.0        2.0        4.0      -10.0       -2.0        7.0        8.0        6.0        4.0       -9.0       -5.0        1.0        0.0       -9.0        1.0       -3.0       10.0     -254.0       -8.0        0.0        1.0        3.0        2.0       -5.0        6.0       -9.0       -7.0       -8.0        5.0 =     -256.0
      -4.0       -1.0        4.0       -4.0       -9.0       -4.0        9.0        9.0        2.0       -7.0       -5.0       -8.0       -5.0       10.0      -10.0       -7.0        2.0        7.0       -9.0       -3.0       -6.0        8.0       -7.0        3.0       -3.0        4.0       -7.0       -2.0       -5.0       -9.0       -3.0       -4.0      -10.0       -7.0       10.0       -3.0       -7.0       -9.0        1.0      262.0       -1.0        5.0        0.0        6.0       -3.0        0.0       -2.0       -3.0       -5.0        4.0 =     -696.0
      -9.0        9.0       -9.0       -9.0       -5.0       -1.0       -4.0        4.0       -1.0       -3.0        5.0        3.0        9.0        5.0       -9.0       -1.0        5.0       -9.0       -8.0       -2.0        2.0       -8.0       -6.0        8.0        9.0       -4.0       -6.0       -4.0        6.0        6.0        3.0        6.0       -8.0        4.0        8.0      -10.0        3.0       -1.0        0.0       -8.0     -279.0       -8.0        5.0        2.0       -9.0        7.0        8.0        8.0       -6.0        6.0 =      888.0
       6.0        8.0       -8.0        1.0       -3.0        4.0        0.0       -4.0       -4.0       -7.0       -2.0       -5.0        4.0        5.0        3.0        8.0        3.0       -8.0       -3.0       -7.0        6.0        7.0       -3.0        4.0        5.0        7.0        9.0       -4.0        3.0       -7.0        3.0       -7.0       -6.0       -9.0       -4.0       -4.0        4.0       -8.0        3.0        4.0       -5.0     -253.0       -7.0        4.0       -2.0       10.0       -9.0        1.0        6.0        7.0 =     1270.0
      -8.0        9.0        2.0        7.0       -8.0       -2.0        6.0        9.0        4.0        8.0       -1.0       -6.0        5.0       -2.0       -7.0        3.0       -2.0        1.0       -9.0       -4.0       -4.0       -4.0       -3.0        0.0        2.0        9.0        7.0        2.0       -8.0        7.0        0.0        3.0        7.0       -4.0       -5.0        8.0        5.0        6.0        6.0       -5.0       -6.0        0.0     -252.0        8.0      -10.0        9.0        4.0       -4.0        5.0        5.0 =      621.0
       0.0        1.0        8.0       -4.0        6.0      -10.0        0.0       -6.0       -9.0        0.0        1.0        4.0        1.0       10.0        0.0        4.0        3.0       -2.0        5.0       -3.0       -5.0       -3.0        1.0        6.0        5.0        5.0        4.0       -8.0       -2.0        2.0        8.0       -5.0       -1.0       -3.0       -3.0        8.0        9.0       -2.0        3.0        4.0        7.0       -7.0        4.0     -222.0       -9.0        3.0       -8.0        8.0        0.0        2.0 =     1330.0
       8.0        3.0        8.0       -9.0        9.0       -7.0       -4.0       -4.0        6.0       -9.0        6.0       -5.0        5.0        2.0        3.0       -9.0        8.0        6.0        1.0       -9.0       -8.0       -4.0       -5.0       -9.0       -7.0        4.0       -6.0        2.0        3.0       -8.0       -3.0        0.0       -7.0        7.0        4.0        8.0        6.0       -7.0        3.0        0.0        7.0        8.0       -6.0        5.0     -266.0        1.0       -1.0       -4.0       -2.0       -1.0 =    -1108.0
       7.0        5.0       -7.0        1.0       -1.0       -9.0        4.0        2.0        8.0       -8.0       -2.0        3.0        7.0        4.0      -10.0       -6.0        2.0       -5.0       -8.0        8.0        4.0       -1.0       -1.0        1.0        0.0        0.0       -4.0        0.0       -3.0       10.0        6.0       10.0        5.0       -4.0       -3.0      -10.0      -10.0        0.0        6.0        4.0       -4.0       -8.0       10.0        0.0        2.0     -235.0       -3.0       -7.0        1.0       -4.0 =    -1944.0
       1.0       10.0        6.0       -9.0       -9.0       -5.0       -3.0        2.0       -5.0        4.0       10.0        8.0        7.0        8.0       -6.0       -6.0        0.0        7.0        1.0       -3.0        6.0        1.0        1.0        8.0        3.0        2.0        2.0       -9.0      -10.0       -8.0       -5.0        0.0       -3.0        7.0        6.0       10.0        9.0       -7.0       10.0        7.0      -10.0       -9.0        0.0       -3.0        5.0       -5.0      275.0       -3.0        3.0        7.0 =    -2156.0
     -10.0        1.0       -1.0        0.0       -1.0        3.0        8.0       -1.0        7.0        2.0       10.0       -3.0        8.0       -2.0       -1.0        7.0        4.0       -1.0        4.0       -6.0        4.0       -1.0       -7.0        1.0        7.0       -7.0       -7.0        9.0        6.0        6.0       -6.0       -4.0       -6.0       10.0       -4.0        9.0        5.0        3.0        8.0        3.0       -9.0        6.0        0.0       -5.0        5.0        4.0       -3.0      235.0       -1.0        6.0 =    -2655.0
       5.0        7.0       -8.0      -10.0        7.0       -1.0        1.0        1.0       -6.0        3.0       -1.0        9.0        0.0        5.0        4.0        3.0       -5.0       -3.0        6.0        6.0       -7.0       -9.0       -9.0        5.0       -5.0       -1.0       -8.0        4.0       -8.0        2.0        8.0        9.0       -6.0       -7.0        3.0       -2.0        1.0        0.0        9.0        6.0       -2.0        3.0        3.0       -4.0       -1.0       -6.0        3.0       -1.0      228.0        3.0 =     1872.0
       0.0        6.0       -4.0        5.0       -3.0        5.0       -7.0        3.0        1.0       -6.0        6.0       -3.0       -6.0       -3.0       -4.0        5.0        6.0        6.0       -5.0        0.0       10.0        8.0       -3.0       -3.0       -7.0       -8.0       -1.0       -2.0       10.0       -8.0        0.0       -7.0        1.0       -6.0        8.0        1.0        3.0       -6.0       -6.0        5.0       -8.0       -1.0       -6.0       -9.0       -4.0        4.0        3.0       -3.0       -8.0      243.0 =    -1414.0

       6.0        5.0       -1.0        9.0        3.0        3.0        8.0       -7.0       -4.0       -7.0       -7.0        7.0        4.0        7.0       -1.0        3.0       -3.0       -2.0        2.0        8.0       -8.0       -2.0       -3.0       -7.0       -3.0       -1.0        0.0       -2.0        7.0        1.0        6.0        1.0        1.0        6.0       -1.0       -9.0        8.0       -5.0        1.0       -4.0       -3.0       -5.0       -3.0       -7.0        4.0        8.0       -7.0       -9.0        8.0       -7.0
