50
    -209.0       -2.0       -1.0        6.0       -6.0       -1.0        3.0       -1.0        5.0       -7.0       -1.0        4.0        9.0        3.0       -5.0        6.0        8.0       -8.0        0.0       -4.0       -8.0        8.0        3.0       -1.0       -5.0       -8.0        3.0        2.0        3.0        6.0       -3.0        6.0       -7.0        6.0       -1.0        6.0       -2.0       -1.0        7.0       -8.0        1.0       -1.0       -6.0       -6.0        1.0        0.0        7.0        0.0        8.0        0.0 =      955.0
       6.0      248.0       -1.0       -5.0       -5.0       -1.0       -5.0       -8.0        8.0       -4.0       -9.0        2.0        9.0       -2.0       10.0       -9.0        5.0        7.0       -6.0        9.0        0.0        1.0        8.0       -1.0       -8.0       -3.0       -1.0        5.0        5.0       -7.0        5.0       -6.0       -2.0        1.0       -9.0        0.0        9.0        1.0        4.0        1.0        7.0        6.0        1.0        9.0        6.0        9.0        0.0        6.0       -9.0        2.0 =     1445.0
       3.0       -9.0     -237.0        5.0        6.0       -4.0        0.0        3.0       -8.0        7.0       -4.0       -6.0       -4.0       -6.0        9.0        6.0        4.0       -1.0        2.0        9.0       -2.0       -7.0        7.0       -8.0       -7.0        2.0        1.0        3.0        4.0        2.0       -8.0       -9.0        9.0        2.0        5.0        5.0        4.0       -2.0        4.0        2.0        0.0       -8.0        7.0       -8.0        6.0       -4.0       -1.0       -5.0        4.0        1.0 =     -678.0
       6.0        5.0       -5.0      250.0       -7.0       -5.0        7.0        6.0        8.0        1.0        0.0       -3.0       -7.0        6.0       -1.0       -6.0       10.0       -8.0       -2.0       -5.0       -8.0        1.0      -10.0        9.0        0.0        6.0        0.0       10.0       -3.0        8.0        5.0       -7.0       -5.0       -4.0       -2.0       10.0       -2.0       -2.0        0.0        1.0        9.0       -8.0        8.0        3.0       -4.0        7.0        4.0       -5.0        0.0       10.0 =    -2248.0
      -7.0        7.0        4.0        9.0      253.0       -3.0        7.0        7.0       -7.0       -7.0       -2.0       -7.0        6.0       -5.0       -7.0       -5.0       -8.0        9.0       -6.0       -2.0       -4.0       -2.0       -7.0        7.0       -5.0        2.0      -10.0        7.0       -4.0       -2.0        4.0       -3.0        1.0        4.0        3.0       -3.0        2.0        5.0        1.0       -4.0       -3.0       -5.0        9.0       -4.0        7.0        8.0       -8.0       -1.0        2.0       -8.0 =     -900.0
       9.0       -8.0        0.0       -9.0        9.0     -280.0       -7.0        6.0       -4.0        8.0        8.0       -9.0        0.0        4.0       10.0       -5.0        9.0        5.0        1.0      -10.0        1.0       -9.0       -5.0        5.0        6.0      -10.0       -7.0        9.0       -2.0        5.0       10.0        3.0        4.0       -3.0       -2.0        4.0        5.0        6.0        2.0        6.0       -8.0        0.0      -10.0        3.0        0.0       -5.0       -6.0        3.0       -5.0       -8.0 =     1355.0
       8.0        0.0        3.0       -3.0       -9.0       -4.0     -239.0        2.0       -7.0        0.0       -8.0       -9.0       -1.0        7.0        1.0        7.0        3.0        5.0        3.0        2.0        2.0        2.0       -2.0       -5.0        4.0       -4.0        6.0      -10.0       -5.0        9.0       -4.0       -1.0        8.0        5.0       -5.0       -7.0       -2.0       -5.0        9.0        0.0       -3.0       -6.0       -3.0        4.0       -9.0        5.0        6.0        7.0        3.0       -9.0 =     1494.0
     -10.0        6.0       -6.0        9.0        0.0        8.0       -5.0      254.0        6.0       -4.0       -3.0       10.0        7.0        2.0        4.0       -4.0       -8.0        7.0        8.0       -2.0       -6.0        6.0        8.0       -5.0       -1.0        0.0        7.0        3.0       -2.0        3.0        5.0       -7.0       -1.0       -9.0        7.0        4.0        6.0       -7.0        6.0       -4.0        8.0        2.0       -9.0        8.0       -5.0       -3.0        0.0       -4.0        2.0        4.0 =     2360.0
      -4.0        5.0        1.0       -3.0        1.0        3.0       -7.0       -1.0     -239.0       -7.0       -6.0       -5.0        0.0       -3.0       -9.0       -7.0       -8.0        7.0       -3.0       -1.0        2.0        8.0       -5.0       -1.0        9.0       -5.0        6.0        8.0        7.0        8.0       -2.0        2.0       -8.0       -1.0        9.0        1.0        2.0       -9.0       -8.0       -3.0        6.0        7.0       -7.0        4.0        8.0       -1.0       -3.0       -3.0        8.0        7.0 =     1440.0
      10.0       -4.0        2.0       -7.0       -6.0        5.0      -10.0        3.0       -4.0     -248.0        4.0       -2.0        3.0        9.0       -9.0        4.0       -5.0        0.0        4.0        6.0       -5.0       -9.0       -8.0        0.0        1.0       -6.0       -6.0        0.0       -8.0       -8.0       -8.0        3.0        4.0        0.0        1.0       -1.0       -5.0       -1.0        9.0       -9.0        1.0        7.0       -1.0       -9.0       -3.0        7.0       -5.0        3.0        7.0        8.0 =    -2574.0
      -3.0        5.0        9.0        0.0       -5.0       -4.0        1.0        2.0        9.0        6.0     -237.0       -8.0        6.0        7.0       10.0       -2.0        8.0       -4.0        3.0        8.0       -8.0       -8.0        1.0        6.0        9.0        4.0        3.0        8.0        1.0        4.0        5.0       -5.0       -6.0        2.0        2.0        1.0        5.0        1.0        4.0       -9.0        9.0       -2.0       -3.0       -9.0       -5.0       -2.0       -8.0        0.0        4.0        3.0 =     -364.0
      -4.0        3.0        5.0       -3.0        6.0        6.0        4.0       -7.0       -6.0        6.0        1.0     -258.0       -6.0       -8.0        2.0       -6.0       -9.0       10.0        2.0        3.0        5.0        5.0       10.0        7.0        1.0       -2.0        0.0        0.0       -5.0        3.0        7.0       -9.0        3.0        3.0       -5.0        6.0        8.0        6.0       -5.0        6.0       -5.0       -4.0        4.0       -7.0        8.0       -1.0        5.0        7.0       -5.0       -9.0 =      222.0
      -4.0        1.0       -1.0       -1.0        5.0        6.0       -1.0        4.0        8.0       -3.0       -9.0       -4.0     -251.0        7.0       -2.0       -5.0        4.0        3.0       -5.0        4.0        7.0        7.0       -2.0       -5.0       -1.0        8.0       -8.0        3.0        9.0       -4.0       -5.0       -8.0       -8.0       -8.0        8.0        0.0        9.0        6.0       -2.0        7.0       -4.0       10.0        4.0       -8.0        6.0        0.0        2.0       10.0        5.0       -8.0 =      856.0
       5.0        8.0        3.0       -4.0        5.0       -4.0        9.0       -9.0       -8.0        9.0        8.0        0.0       -4.0     -268.0        2.0        3.0       -3.0       -2.0        9.0        1.0       -7.0        2.0       -6.0       -1.0       -8.0        8.0       -5.0        8.0       -8.0       -6.0       -3.0        2.0       -8.0       -4.0       -6.0       -3.0        7.0       -9.0       -5.0       -2.0        6.0       10.0        5.0       -8.0       10.0       -1.0        3.0        4.0       -3.0       -5.0 =    -1365.0
       5.0        8.0        2.0        3.0        8.0        1.0      -10.0        3.0       -6.0       -7.0       -8.0        5.0        7.0        5.0     -244.0        2.0        9.0        8.0        2.0       -6.0       -2.0        2.0       -6.0        1.0        4.0       -1.0       -1.0        9.0        3.0       -4.0       -7.0        4.0       -2.0       -6.0       -4.0       -2.0        3.0        7.0       -1.0        7.0       -9.0        3.0        4.0       -9.0        4.0        7.0        8.0        0.0       -6.0       -5.0 =     1484.0
      -9.0      -10.0        4.0        7.0        7.0       -6.0        7.0        8.0       -8.0       -3.0        2.0       -8.0        4.0       -7.0       -5.0     -290.0        8.0        8.0        6.0        2.0       -3.0        3.0        0.0       -1.0        9.0       -4.0       -2.0       -8.0        5.0       -3.0       -5.0        0.0        8.0        9.0       -3.0       -9.0        5.0       -9.0        6.0        7.0       -9.0       10.0        8.0       -1.0       -8.0       -6.0        6.0       -5.0       -3.0        7.0 =    -1674.0
       3.0        6.0       -9.0       -2.0       -4.0       -3.0       10.0        8.0       -3.0        0.0       -4.0       -2.0        5.0       -6.0        6.0        9.0      279.0        4.0        9.0       10.0       -1.0        8.0        6.0       -8.0        1.0       -7.0       -7.0       -3.0       -3.0       -4.0       -9.0        7.0       10.0       -4.0       10.0       -5.0       -4.0       -3.0        6.0       -4.0        2.0       10.0       -6.0       -1.0        9.0       -1.0        1.0       -9.0        9.0      -10.0 =     3060.0
       6.0        8.0        4.0       -9.0        1.0       -1.0        2.0        8.0       10.0       -3.0       -3.0        9.0        0.0       -8.0      -10.0        4.0       -8.0      254.0       -9.0       -2.0       -2.0        7.0       -5.0      -10.0        2.0        5.0       -8.0       -3.0       -9.0       -1.0       -2.0       -4.0        9.0        0.0       -3.0       -9.0        9.0        6.0        8.0       -6.0      -10.0       -3.0       -3.0        1.0        2.0        0.0       -2.0        1.0        8.0        5.0 =     1888.0
      -8.0        6.0       -7.0        4.0        1.0        0.0        0.0       -5.0       -1.0        0.0        5.0        1.0       -3.0       -7.0        5.0        7.0        7.0       -8.0      247.0        8.0        5.0        7.0       -6.0        5.0        9.0       -5.0       -7.0       -2.0        3.0        8.0       -5.0       -2.0       -7.0       -6.0       -3.0        0.0        4.0       -7.0       -2.0        4.0       10.0       -2.0       -2.0      -10.0       -5.0       -9.0       -6.0        7.0        5.0       -7.0 =     -452.0
       8.0       -8.0        8.0        8.0       -6.0        3.0        1.0        2.0        8.0       -8.0       -9.0        5.0        8.0        2.0        2.0        3.0        0.0       -2.0       -7.0     -244.0        9.0       -1.0       -6.0       -3.0       -5.0        6.0        6.0        3.0        4.0      -10.0        6.0        6.0        5.0        2.0       -3.0        9.0       -5.0       -1.0       -2.0        7.0        4.0        5.0        2.0       -1.0       -3.0       -8.0        4.0       -8.0        1.0       -5.0 =     1040.0
      -2.0        1.0        5.0        3.0       -6.0        6.0        6.0        7.0      -10.0        9.0        4.0      -10.0        0.0        0.0       -9.0        4.0        9.0        7.0        7.0       -4.0     -269.0        7.0      -10.0       -4.0        6.0        0.0        7.0       -9.0       -2.0        8.0       -6.0       -2.0        5.0       -5.0        2.0        3.0       -9.0       -8.0       -1.0        7.0       -6.0       -6.0        2.0        1.0       -8.0       -9.0        8.0       -5.0       -8.0       -5.0 =      289.0
       3.0        3.0        7.0        1.0        0.0       -7.0       10.0       -1.0       -3.0       10.0       -4.0        5.0       -5.0       10.0       -8.0       -8.0        3.0       -9.0        2.0        4.0       -5.0      245.0        6.0       10.0       -5.0        7.0       -7.0        4.0        0.0        1.0        6.0       -6.0       -9.0       -9.0       -8.0       -3.0        3.0       -7.0       -1.0       -4.0        1.0        2.0       -2.0       -3.0        0.0       -8.0        5.0       -2.0       -5.0        6.0 =    -1575.0
      -2.0        2.0       -8.0       -9.0       -2.0       -6.0       -5.0       -6.0       -6.0        0.0       -5.0        2.0       10.0        8.0        5.0       -1.0       -2.0       -7.0        2.0       -7.0       -3.0       -6.0     -221.0       -2.0       -1.0        7.0        6.0        4.0       -6.0        0.0       -5.0      -10.0       -5.0        3.0        4.0        1.0       -3.0        5.0        0.0        6.0       -5.0       -3.0       -1.0      -10.0       -4.0       -7.0        2.0       -3.0       -8.0       -2.0 =    -1520.0
       6.0       -4.0       -7.0       -1.0       -2.0        6.0        0.0        3.0      -10.0       -8.0       -2.0        0.0        8.0       -8.0      -10.0       -9.0        2.0       -8.0       10.0      -10.0        4.0       -1.0        0.0      242.0        1.0        4.0       -2.0       -9.0       -1.0        5.0       -7.0       -2.0        3.0       10.0       -1.0       -8.0       -2.0       -3.0        6.0       -5.0        6.0        5.0       -4.0       -8.0       -8.0        9.0        5.0        0.0        6.0        0.0 =     1005.0
      -4.0        8.0       -5.0        8.0       -9.0        3.0       -1.0        2.0        6.0       -7.0        4.0        9.0        3.0       -5.0        6.0       -2.0        0.0       -1.0        3.0       -2.0      -10.0        8.0      -10.0       -1.0      258.0       -4.0        9.0       -8.0       -5.0       -9.0       -6.0       -5.0       -2.0       10.0       -5.0       -4.0       -7.0       -9.0      -10.0       -8.0        6.0        3.0       -2.0        4.0       -5.0       -3.0       -4.0        0.0       -7.0        1.0 =     -955.0
      -7.0      -10.0        5.0        4.0       -9.0        9.0       -9.0        2.0       -4.0        7.0        5.0       -1.0       -6.0       -8.0        0.0       -3.0       -9.0        9.0       -8.0       -5.0        3.0        7.0       -9.0        4.0        2.0      249.0       -1.0        1.0       10.0        8.0       -9.0        3.0       -5.0        2.0       -1.0       -2.0       -3.0       -6.0       -2.0       -8.0       -6.0        1.0        7.0       -5.0       -5.0        2.0       -3.0       -8.0        0.0        1.0 =    -1890.0
       0.0      -10.0       -8.0        2.0       -6.0        7.0        9.0       -9.0        1.0        9.0       -8.0        3.0        4.0       -2.0       -8.0        9.0        1.0       -8.0       -2.0        1.0        9.0        4.0        6.0        5.0        1.0        3.0      247.0       -9.0        3.0        9.0        7.0        4.0       -5.0       -9.0        1.0       -2.0      -10.0       -1.0        3.0       -7.0        0.0       -6.0        3.0        5.0        4.0       -3.0        4.0       -3.0        5.0       -4.0 =    -2241.0
      -6.0       -6.0        0.0        3.0       -5.0        8.0        0.0       10.0       -2.0        4.0       -4.0       -3.0        2.0       -6.0        2.0       -7.0       -4.0        4.0        0.0       -2.0        4.0        8.0       -2.0       -7.0       -5.0        6.0       -8.0     -258.0        1.0       -4.0       -8.0        1.0        4.0       -3.0       -6.0       -4.0        8.0       -7.0       10.0        3.0       -7.0        8.0       -9.0        7.0       -8.0        7.0       -5.0      -10.0        9.0       -5.0 =     1752.0
      -9.0        4.0        8.0        1.0        7.0      -10.0        4.0      -10.0        7.0        7.0        1.0       -4.0       10.0       -8.0       -7.0      -10.0        8.0        6.0       -7.0       -4.0       -2.0        5.0       -7.0        0.0        0.0        4.0        1.0        8.0      266.0       -4.0       -9.0        5.0        0.0        5.0        1.0        2.0       -8.0      -10.0        2.0        4.0        7.0       -9.0       -5.0        5.0        4.0       -8.0        3.0        5.0       -3.0       -6.0 =        0.0
      -9.0        1.0       -2.0      -10.0       -8.0       -8.0       -9.0        4.0       -8.0       -3.0       -8.0       -8.0       -6.0       10.0       -8.0       -5.0       -3.0        3.0        4.0        1.0       -3.0        9.0        6.0        2.0       -2.0       10.0        5.0        5.0       -6.0     -266.0       -2.0        5.0       -1.0        8.0        6.0       -2.0        0.0       -4.0        4.0        5.0       -4.0        2.0        7.0       -5.0        6.0        7.0       -9.0       -4.0       -8.0       -9.0 =    -1550.0
       1.0       -9.0        2.0        5.0        1.0      -10.0        2.0       -1.0       -8.0       -2.0       -5.0        7.0       -6.0       -1.0        1.0        1.0       -6.0       -9.0        9.0       -2.0        2.0       -4.0        2.0       -2.0       -2.0      -10.0       -9.0        4.0        6.0        5.0     -213.0       -3.0        5.0       -7.0        0.0      -10.0       -1.0       -2.0        4.0        0.0       -1.0       10.0       -1.0        1.0       10.0       -1.0        2.0        9.0       -5.0        2.0 =    -2151.0
      -4.0        4.0       -4.0        0.0        6.0        4.0        7.0        5.0        9.0        1.0       -3.0        3.0       -9.0       -3.0       -9.0        6.0        9.0       -3.0        1.0        6.0        0.0       -3.0       -4.0       -5.0        4.0        9.0       -9.0        6.0        6.0       -4.0       -5.0      255.0        5.0       -7.0        0.0        7.0        3.0        0.0        0.0       -7.0       -5.0        7.0       -8.0        4.0       10.0       -7.0        4.0       10.0        9.0       -5.0 =      592.0
       2.0       -3.0        8.0        1.0        2.0        2.0      -10.0       -1.0        7.0       -4.0       -3.0       -6.0        6.0       -9.0       -7.0       -8.0        1.0        7.0       -6.0       -7.0        8.0        6.0        3.0       -6.0        6.0       -3.0       10.0        6.0        3.0        6.0       -4.0        0.0     -264.0        7.0       -1.0       -5.0       -6.0       -5.0       -7.0       -3.0        8.0        8.0       -2.0       -5.0       -4.0       -9.0        9.0       -9.0       -9.0       -4.0 =     1470.0
      -6.0       -4.0        5.0        3.0        8.0        4.0        1.0       -4.0      -10.0       -2.0        1.0       -5.0        4.0        1.0        0.0        6.0       -8.0        2.0       -8.0        5.0      -10.0        4.0        9.0        8.0       -5.0       10.0       -5.0        9.0        8.0        5.0        7.0        7.0        0.0     -269.0       -5.0       -6.0        1.0      -10.0        3.0        3.0        5.0        7.0        2.0      -10.0       -5.0       -7.0        8.0       -6.0        2.0        9.0 =    -2380.0
      -1.0       -3.0       -4.0       -6.0        0.0       -4.0       -7.0       -1.0        6.0        1.0       -6.0        7.0        3.0       -2.0       -8.0        9.0        2.0        8.0        4.0        6.0        8.0        8.0       -6.0       -9.0       -4.0        2.0       -4.0        0.0        6.0        7.0        3.0        3.0        9.0       -6.0     -255.0        8.0        5.0       -2.0       10.0        6.0       -8.0        6.0        2.0        4.0       -4.0      -10.0        7.0       -6.0        5.0        8.0 =    -1218.0
       0.0       -3.0        3.0       -9.0        5.0        0.0       -4.0       -4.0        4.0       -9.0        7.0       -6.0        1.0       -8.0       -6.0        4.0        2.0        5.0        3.0        8.0        2.0       -5.0       -1.0        8.0       -5.0        0.0       -8.0        4.0       -7.0       -3.0       -7.0        8.0       -4.0        9.0        1.0     -230.0       -8.0        2.0       -9.0       -2.0       -2.0       -4.0       -9.0       -1.0       -4.0        2.0       -3.0      -10.0        1.0        4.0 =    -2304.0
       3.0        4.0       10.0       -6.0        5.0       -7.0       -1.0        4.0        4.0       -6.0       -4.0       -1.0        3.0       -6.0        3.0        4.0        1.0       -1.0      -10.0        3.0        2.0        2.0        7.0        9.0        9.0       -3.0       -7.0       -5.0        8.0       -5.0        2.0       -1.0        2.0        2.0        1.0        4.0     -239.0        4.0        8.0       -4.0        6.0        2.0       -6.0       -5.0        9.0        8.0        3.0       -6.0        6.0       -8.0 =     -772.0
      -5.0        2.0        6.0        1.0        9.0        2.0        6.0       -2.0        4.0        5.0        8.0       -9.0       -3.0        9.0       10.0        5.0        8.0        1.0       -8.0        9.0       -4.0        2.0       -3.0        4.0        5.0       -4.0        7.0        0.0       -4.0        9.0       -2.0       -4.0        4.0        0.0        9.0        2.0       -6.0      247.0        1.0        5.0        6.0       -2.0       -6.0      -10.0       -7.0       -8.0        5.0       -7.0        1.0        3.0 =     2107.0
       4.0       -4.0       -8.0        2.0       -9.0        5.0       -5.0        9.0       -4.0       -9.0       -9.0       -5.0        3.0        9.0        5.0        0.0       -7.0        6.0       -5.0        2.0       -4.0      -10.0       -2.0       -3.0        8.0       -8.0       -4.0        8.0        5.0       -4.0        5.0       -2.0       -8.0        9.0        3.0       -5.0        5.0       -9.0      270.0       -1.0        4.0        9.0       -7.0       -5.0       -6.0        4.0       -1.0       -7.0        8.0        5.0 =    -1896.0
       1.0       -9.0        8.0        0.0        3.0        4.0        3.0       -1.0       -7.0        8.0        2.0       -1.0        1.0       -9.0        2.0        0.0       -3.0        1.0       -3.0        9.0       -6.0        4.0        9.0        7.0       -6.0        7.0        8.0       -1.0       -9.0       -4.0        2.0        3.0        6.0       -2.0       -3.0        4.0       -8.0       -8.0        9.0      232.0       -8.0        8.0       -3.0       10.0        0.0       -4.0        0.0        4.0       -9.0        0.0 =     -753.0
       4.0       -4.0        4.0        9.0       -9.0       -3.0        0.0        9.0       -1.0        8.0        3.0       -1.0       -1.0       -6.0       -1.0        4.0        0.0        3.0        2.0        2.0        1.0        0.0       -4.0        5.0       10.0       -6.0        2.0        7.0        5.0       -7.0       -3.0       -2.0       -2.0       -9.0       -2.0       10.0        8.0       -6.0       -1.0        5.0     -227.0      -10.0       -9.0        6.0       -3.0       -8.0        3.0       -2.0        8.0        3.0 =     -824.0
       1.0        7.0        9.0       -9.0       -4.0        4.0        6.0       -6.0        3.0        3.0       -4.0        6.0        3.0       -2.0       -1.0       -6.0       -9.0       10.0        0.0      -10.0        1.0       -8.0       -3.0       -8.0        3.0       -7.0       -8.0        4.0        9.0        5.0        7.0       -8.0        8.0       -3.0        3.0        1.0        1.0       -1.0       -1.0       -4.0       -8.0      257.0       -8.0        9.0        3.0        9.0        4.0       -7.0        2.0       -7.0 =      984.0
       6.0        4.0      -10.0        0.0        2.0       -3.0       -8.0       -9.0       -3.0       -1.0        5.0       -7.0       10.0      -10.0       -3.0       -9.0       -2.0        2.0        5.0       -2.0       -6.0        6.0       -1.0       -1.0        3.0        7.0       -9.0        1.0       -8.0       -5.0        1.0       10.0        0.0        3.0       -1.0        8.0        6.0       -5.0       -9.0       10.0        6.0        8.0      242.0       -2.0        2.0        1.0        9.0       -5.0        3.0       -4.0 =    -1659.0
      -3.0       -3.0       -6.0        6.0        5.0        2.0        4.0        0.0       -7.0        4.0       -6.0        3.0        2.0        0.0       -2.0        3.0       -1.0        3.0        8.0        3.0       -8.0       10.0       -3.0        7.0       -2.0       -6.0       10.0      -10.0       -4.0        8.0        6.0        5.0        1.0       -2.0        1.0        9.0        9.0        8.0       -7.0       -3.0       10.0       -9.0       -6.0      252.0       -5.0       -8.0        7.0       -2.0       10.0       -4.0 =     1445.0
      -8.0       -2.0        6.0       -5.0        3.0        5.0        2.0        8.0        8.0        3.0       -2.0       -2.0       -1.0        0.0        1.0        2.0      -10.0       -2.0      -10.0        2.0       -9.0       -5.0        5.0       -3.0        3.0       -2.0      -10.0        4.0       -5.0       -4.0       10.0        9.0        5.0        7.0        9.0        5.0        9.0        3.0       -7.0        4.0        0.0       -3.0       -2.0       10.0     -240.0        5.0        5.0        5.0       -5.0        0.0 =    -1990.0
       2.0       -8.0       -5.0        4.0       -5.0        5.0       -1.0        7.0        8.0        3.0        8.0        1.0       -9.0      -10.0      -10.0        4.0        0.0        7.0        0.0        4.0       -2.0        9.0       -9.0        8.0        2.0       -2.0       -9.0        2.0        8.0      -10.0       -4.0        3.0       -2.0        8.0       -6.0       -8.0       -2.0       -1.0       -1.0        1.0        4.0        0.0       -3.0        1.0        7.0      242.0        5.0        9.0        1.0        5.0 =    -1566.0
       3.0       -4.0        2.0        3.0       -1.0       -9.0       -6.0        2.0        2.0        2.0       -3.0        5.0        1.0       -9.0       -3.0        5.0        9.0        8.0       -9.0        8.0       -9.0       -5.0        6.0       -5.0       -7.0        2.0        3.0       -6.0        0.0        4.0        0.0        9.0        5.0       -5.0        0.0       -9.0      -10.0       -9.0       -9.0       -9.0       -6.0        3.0        0.0       -9.0        3.0       -5.0      244.0        0.0        1.0        3.0 =      744.0
      -3.0       -1.0       -4.0       -6.0       -6.0       -5.0       -4.0       -6.0       -6.0        3.0      -10.0        6.0       10.0       10.0        5.0      -10.0        1.0        4.0        1.0       -4.0       -5.0       -8.0       -9.0        6.0        9.0       -4.0       -3.0        9.0       -7.0        0.0       -7.0        1.0       10.0        3.0       -4.0        8.0       -8.0        2.0        3.0       10.0        8.0        5.0       -6.0        2.0        0.0        2.0       -6.0      269.0        2.0        7.0 =    -1848.0
      -2.0       -5.0        8.0        6.0       -7.0        4.0       10.0       -3.0        5.0       -7.0       -9.0       -9.0       -6.0        3.0       -7.0       10.0       -5.0        1.0        8.0        1.0       -1.0       -6.0        2.0        4.0        5.0       -1.0        6.0        2.0        8.0       -4.0        4.0       -6.0       -3.0       -4.0       -1.0       -3.0       -4.0        1.0        5.0        2.0       -9.0        4.0        3.0        1.0       10.0       -3.0       -8.0       -9.0      249.0       -5.0 =     1880.0
      -1.0        6.0       10.0        2.0       -6.0        3.0       -1.0        9.0       -3.0       -3.0        7.0       -5.0        4.0       -3.0       -1.0       -2.0       -5.0        1.0        4.0       -1.0        2.0       -5.0       -1.0       -3.0       -3.0       -5.0       -2.0        4.0        8.0       -9.0       10.0        3.0        7.0        1.0        2.0       -5.0        0.0       -7.0       -5.0       -7.0       10.0        6.0       -3.0        0.0        9.0        1.0       -1.0        8.0       10.0      219.0 =    -1554.0

      -5.0        5.0        3.0       -8.0       -4.0       -5.0       -6.0        8.0       -6.0        9.0        2.0       -1.0       -4.0        5.0       -7.0        6.0       10.0        8.0       -2.0       -5.0       -1.0       -7.0        5.0        5.0       -5.0      -10.0       -9.0       -6.0        0.0        5.0        9.0        2.0       -5.0       10.0        6.0        8.0        4.0        7.0       -8.0       -3.0        4.0        4.0       -7.0        5.0       10.0       -6.0        4.0       -7.0        8.0       -6.0
