52
    -302.0        5.0       -3.0       -3.0        9.0        0.0       -3.0        9.0        7.0        8.0       -3.0      -10.0        9.0       10.0        4.0        0.0       -7.0       -7.0       -6.0       -9.0        6.0        6.0       10.0        7.0        5.0       -9.0        3.0      -10.0        9.0       -5.0        8.0       -7.0       -9.0        4.0       -3.0       -5.0       -4.0        8.0       -5.0       -3.0        5.0        3.0       -3.0        6.0       -9.0       -9.0       -5.0        5.0        0.0        1.0       -6.0       -9.0 =     2456.0
       4.0     -284.0        5.0        6.0        4.0        0.0       -7.0       -4.0       -5.0        9.0        7.0        7.0        4.0        4.0        4.0        7.0       -7.0        2.0       10.0       -2.0       -5.0       -5.0       -9.0        1.0       -8.0       -5.0        7.0       -1.0        8.0        6.0       -9.0       -8.0       -9.0        7.0        1.0       -4.0       -2.0        6.0       -8.0        4.0       -7.0        6.0      -10.0       -8.0        6.0       -5.0       -2.0        5.0       -4.0        8.0        7.0       -2.0 =    -1375.0
       0.0        7.0      288.0        9.0       -5.0       -7.0        6.0        2.0        8.0       -9.0       -9.0       -7.0       -6.0        0.0      -10.0        0.0       -1.0        1.0       -6.0        1.0       -7.0        4.0       -5.0        0.0       -5.0        6.0        9.0        9.0        0.0        6.0       -1.0        9.0       -7.0       -8.0        5.0      -10.0       -1.0        1.0       -5.0        7.0        6.0        5.0        7.0        3.0       -7.0        7.0       -9.0       -6.0        8.0       -8.0        5.0        9.0 =      578.0
       3.0       -6.0        8.0     -240.0        8.0        1.0        6.0        5.0       -6.0       -1.0        0.0       -6.0        1.0        3.0       -3.0        1.0        9.0        5.0        0.0        8.0        6.0        7.0       -6.0        7.0        4.0        5.0       -6.0       -3.0        6.0       -7.0      -10.0       -9.0        4.0        4.0       -3.0        4.0        3.0        1.0        2.0       -6.0        0.0       -2.0       -6.0        6.0       -7.0        1.0        7.0        0.0        4.0        5.0        7.0       -5.0 =    -1719.0
      -5.0       -7.0       10.0       -4.0      262.0        3.0        8.0       -3.0        4.0       -8.0        1.0       -5.0        3.0       10.0        0.0        9.0        1.0       -9.0       -5.0       -5.0       -5.0       -7.0       -3.0        3.0        9.0        3.0       -9.0        5.0        1.0       -8.0       -2.0        7.0       -7.0       -5.0        8.0       -6.0       -5.0       -1.0        8.0       -8.0       -1.0       -2.0        6.0        3.0        3.0        4.0        2.0       -5.0        1.0        5.0       -7.0       -9.0 =     -714.0
       5.0       -9.0       -9.0       -3.0       -3.0     -254.0        5.0        0.0       -1.0        4.0        0.0       -4.0        9.0       -1.0       -2.0        9.0        7.0        9.0        1.0       -2.0        0.0        9.0        0.0        6.0        4.0       -4.0        7.0        2.0       -7.0        7.0        8.0       -7.0       -6.0        7.0        1.0       -7.0        1.0       -7.0        4.0        8.0       -9.0       -8.0        6.0       -1.0       -6.0        5.0        1.0        6.0       -6.0        9.0        0.0        7.0 =     2090.0
      -5.0        3.0       -3.0       -3.0        1.0        6.0      261.0        8.0        7.0       -2.0       -7.0       -7.0        8.0        0.0        1.0       -1.0        1.0       -8.0       10.0       -9.0        4.0      -10.0       -4.0        1.0        1.0        2.0        1.0        9.0       -2.0       -9.0       -1.0        7.0       -1.0        7.0        0.0       -7.0        6.0        6.0       -8.0       -6.0       -9.0       -3.0       -9.0        5.0        6.0        8.0        5.0        0.0        9.0        4.0       -4.0       -7.0 =    -2620.0
      -1.0        1.0        6.0       -8.0       -6.0        3.0        3.0     -273.0       -3.0        1.0       -5.0       -6.0       -3.0       -1.0       -7.0        7.0        7.0       -8.0       -7.0        6.0      -10.0       -4.0        9.0        5.0        3.0       10.0       -2.0        3.0        8.0       -3.0       -9.0       -5.0       -5.0       -4.0       -3.0        8.0       -9.0       -8.0       -5.0       -2.0       -5.0        5.0       -9.0       -3.0        7.0       -2.0        7.0        7.0       -3.0       -7.0        7.0        2.0 =      311.0
       4.0       -8.0        7.0       -1.0      -10.0        1.0       -4.0        6.0      271.0        8.0       -5.0        2.0        2.0        9.0        8.0       -2.0      -10.0        4.0       -3.0        7.0        2.0       -1.0       -5.0        8.0       -3.0       -7.0        8.0        1.0       -3.0        1.0        7.0        0.0        5.0       -5.0        7.0      -10.0       -8.0        7.0       -1.0       -9.0       -7.0       10.0        0.0        5.0        9.0        7.0       -1.0        4.0        0.0        6.0      -10.0       -4.0 =     1196.0
       4.0       -6.0        8.0       -1.0        7.0        9.0        0.0        8.0       -3.0      293.0        9.0        8.0        8.0       -2.0       -3.0        5.0      -10.0       -6.0        3.0        4.0        9.0       -2.0       -1.0       -3.0        6.0        6.0      -10.0        4.0       -9.0       -4.0       -4.0       -7.0      -10.0        7.0       -5.0        6.0        6.0       -6.0       -8.0        2.0        3.0        9.0        6.0       -5.0        0.0       -5.0       -6.0      -10.0        7.0      -10.0       -3.0        9.0 =     1842.0
       5.0        7.0       -6.0        0.0       -2.0       -4.0       -6.0       -6.0        7.0       -5.0      244.0       -1.0       -4.0       -8.0       -1.0        5.0       -8.0      -10.0       -7.0       -3.0       -6.0        9.0        0.0       -4.0       -9.0       -7.0       -6.0       -9.0       -1.0       -4.0        0.0        7.0        6.0       -4.0       -4.0        4.0       -2.0        6.0        3.0        3.0        5.0        2.0      -10.0        5.0        2.0       -3.0        3.0        1.0        2.0       -4.0        8.0        0.0 =     1140.0
      -2.0        7.0       -3.0        4.0       -7.0       -6.0        0.0       -4.0        2.0       -1.0       -5.0      286.0        1.0        9.0        9.0        9.0        2.0      -10.0       -1.0        5.0        8.0       -3.0        9.0       -4.0        6.0        9.0        9.0        2.0       -4.0       -9.0       -3.0        7.0       -6.0        2.0        7.0        5.0       -7.0       -2.0        9.0        3.0       -8.0       -6.0       -3.0       -5.0       -9.0        6.0       -5.0        7.0        9.0       -8.0        8.0       -2.0 =     -634.0
       6.0        4.0       -5.0       -9.0       -8.0       -6.0      -10.0       -1.0      -10.0       -5.0        0.0        2.0     -254.0       -1.0        2.0        8.0       -6.0        2.0       -6.0        8.0       -9.0        6.0       -8.0       -5.0       -8.0       -4.0        7.0        2.0       -9.0       -4.0       -3.0       -2.0       -3.0        4.0        4.0        0.0        6.0        1.0        5.0        6.0       -1.0        3.0        5.0        2.0       -7.0       -4.0       -6.0       -6.0        4.0        8.0        5.0        4.0 =     1480.0
       4.0        1.0       -7.0        7.0       -4.0        5.0       -5.0        7.0        3.0        6.0       -6.0        3.0        0.0     -268.0        2.0       -5.0       -4.0       -8.0        1.0       -3.0       -4.0       -1.0       -4.0        9.0        6.0        9.0        8.0        8.0        4.0       -7.0        3.0        5.0       -4.0       -6.0       -1.0        6.0       -8.0        5.0       -4.0       -1.0       -4.0        5.0        7.0        4.0       -8.0        8.0        7.0       10.0       -9.0       -8.0        2.0       -8.0 =      726.0
      -2.0       -2.0       -1.0        7.0       -9.0        8.0       -3.0        2.0       -1.0       -5.0       -2.0        1.0        0.0       -6.0     -203.0       -7.0        6.0        1.0       -5.0       -1.0       -4.0        3.0       -1.0       -7.0        2.0        5.0        7.0       -1.0       -7.0        2.0        6.0        2.0       -1.0        6.0        8.0       -6.0       -1.0       -4.0       -4.0        3.0       -7.0       -2.0       10.0        6.0       -8.0       -1.0        2.0        6.0       -2.0       -1.0       -3.0       -1.0 =     -645.0
       4.0        7.0       -7.0       10.0       -6.0       -2.0        4.0       -3.0       -5.0       -3.0        6.0        4.0       -5.0       -9.0      -10.0      245.0       -7.0        3.0       -1.0        6.0        7.0       -2.0       -1.0        4.0        4.0       -3.0       10.0        0.0        5.0        6.0        2.0        0.0       -3.0       -7.0       -4.0        6.0        8.0        1.0       -5.0        0.0        0.0        5.0        8.0        2.0        0.0       -7.0       -3.0      -10.0       -5.0       -7.0       -5.0        4.0 =     1205.0
      -4.0        6.0       -3.0       -4.0       -5.0       10.0        7.0       -8.0        3.0        9.0       -7.0        4.0       -1.0       -9.0        0.0       -7.0      243.0        6.0        0.0        5.0        8.0       -3.0        6.0       -2.0       -5.0       -6.0        4.0       -4.0       -4.0        2.0       -5.0        6.0        0.0        6.0       -7.0        1.0        7.0       -2.0        2.0        3.0        3.0       -4.0        2.0       -4.0       -5.0        4.0        8.0        9.0        8.0       -1.0        8.0       -2.0 =    -2502.0
       9.0       10.0        5.0        7.0        9.0        1.0       -5.0       -7.0        7.0        5.0       -6.0        8.0        9.0        9.0        4.0        5.0       -5.0      295.0        9.0      -10.0        8.0        1.0        1.0        0.0        2.0       -2.0        1.0        5.0       -7.0       -5.0       10.0        3.0       -5.0        4.0        6.0       -1.0        1.0      -10.0        7.0        7.0       -6.0        8.0       -9.0        0.0       -9.0       -9.0       -9.0        5.0       -7.0       -4.0        2.0       -9.0 =    -1690.0
       9.0        1.0        6.0        2.0      -10.0        8.0       -2.0        8.0        7.0        6.0       -2.0       -9.0       -5.0        9.0      -10.0        1.0        5.0        6.0     -271.0        9.0      -10.0        4.0        4.0        1.0       -1.0        0.0        7.0        6.0       -5.0       -8.0        8.0       -3.0        1.0        5.0       -2.0        8.0       -5.0        8.0        6.0        9.0        0.0        2.0        4.0       -7.0       -5.0       -5.0        2.0        3.0        2.0        9.0        5.0        6.0 =     1098.0
       9.0        9.0       -6.0        8.0       -7.0        9.0       -9.0        1.0       -8.0       -3.0       -3.0        3.0       -9.0        6.0       -9.0        6.0        7.0        3.0        6.0      278.0        5.0       -6.0       -2.0       -3.0        4.0        7.0       -9.0       -8.0        4.0        2.0        0.0       -7.0        7.0       -1.0        0.0       -8.0       -6.0        6.0       -9.0       -6.0       -5.0        1.0        1.0        4.0       -6.0        5.0       -3.0        3.0       -1.0       -5.0       -6.0       -9.0 =    -1680.0
      -6.0        6.0        4.0       -2.0       -8.0       -7.0        5.0        6.0        8.0        1.0       10.0        4.0       -7.0       -9.0       10.0      -10.0        1.0       -7.0        5.0        8.0     -249.0       -2.0        4.0        2.0        2.0       -6.0       -3.0       -9.0        1.0       -7.0        7.0       -2.0       -1.0       -6.0        1.0       -3.0        0.0        7.0        1.0       -6.0       -5.0       -4.0        2.0        1.0        6.0       -3.0       -7.0        6.0        4.0        8.0       -6.0        2.0 =    -1518.0
       6.0        3.0        0.0       -6.0        2.0       -1.0        6.0        6.0        2.0        4.0        5.0       -2.0       -8.0       -3.0        1.0       -3.0       -4.0        4.0        3.0       -9.0       -5.0     -242.0       -7.0       -9.0       -3.0       -3.0        8.0        1.0        3.0        3.0       -4.0        6.0       -4.0        9.0       10.0       -5.0        3.0        3.0        2.0       -6.0       -7.0        3.0        8.0        9.0       -7.0        1.0       -8.0        1.0        4.0       -9.0       -6.0       -1.0 =     1230.0
      -8.0       -4.0        8.0       -9.0       -4.0       -2.0       -5.0        4.0        7.0       -2.0        5.0       -6.0        0.0        3.0       -2.0       -2.0        9.0        2.0       -9.0       -1.0        0.0        4.0     -234.0       -8.0        0.0       -1.0        3.0        9.0        9.0       -1.0        8.0        5.0        1.0       -4.0      -10.0        3.0       -2.0       -4.0        5.0        4.0       -5.0       -1.0        0.0       -6.0        6.0       -4.0       -6.0        2.0      -10.0       -9.0        9.0        0.0 =     1265.0
       4.0        9.0        5.0       -4.0       -4.0       -8.0        2.0        5.0       -6.0      -10.0        1.0        3.0       -2.0        6.0        8.0       -5.0        4.0       -1.0        0.0        9.0        2.0       -9.0       -2.0     -246.0        3.0       -6.0        2.0        1.0        0.0        7.0        0.0        2.0       -5.0        0.0        8.0       -9.0        9.0       -9.0        7.0        6.0       -7.0       -8.0       -3.0        8.0       -3.0        7.0       -7.0        3.0        3.0        7.0       -3.0       -2.0 =      912.0
       0.0        1.0        3.0        0.0       -4.0        5.0       -5.0        1.0       -3.0        0.0        0.0        7.0        5.0       -8.0       -7.0       -2.0        3.0       -9.0       -4.0        4.0       -7.0      -10.0       -9.0        4.0      246.0        5.0       -5.0        4.0       -6.0        6.0       -9.0       -1.0        9.0        4.0       -7.0        9.0        0.0        2.0       -4.0        5.0      -10.0       -3.0        1.0        8.0       -5.0       -8.0        0.0       -2.0        8.0       -4.0        3.0       10.0 =     1768.0
      -7.0       -8.0        3.0       -6.0        4.0        7.0       -9.0       -9.0        5.0        6.0        3.0        0.0        5.0       -9.0        8.0       -5.0       -6.0       -5.0       -3.0        0.0       -5.0        5.0       -1.0       -7.0       -3.0     -253.0        8.0        3.0        1.0        7.0        3.0       -5.0        2.0       -4.0       -2.0        6.0       -3.0        8.0       -7.0       -9.0       -5.0        0.0        9.0        0.0       -6.0        3.0       -7.0       -4.0       -3.0       -4.0        1.0       -9.0 =      614.0
      10.0        5.0       -5.0        9.0       -8.0       -5.0       -5.0       -9.0       -4.0        1.0       -7.0        8.0        6.0      -10.0       -4.0       -8.0       10.0      -10.0       -8.0       -2.0        7.0        7.0        9.0        8.0        5.0       -6.0      305.0        9.0        2.0        6.0        0.0        0.0       -6.0       -9.0       -3.0        2.0       -5.0        5.0        0.0       -1.0       -4.0        6.0        9.0       -2.0        2.0       -9.0        4.0        5.0       -5.0       10.0        8.0      -10.0 =     2504.0
       5.0        3.0        6.0       -3.0       -6.0        2.0      -10.0       -2.0        7.0       -7.0        7.0        6.0        1.0        2.0        5.0        2.0       -8.0       -3.0        6.0        7.0       -9.0       -6.0       -5.0       -6.0       -1.0        8.0        4.0     -254.0       -2.0        6.0       -5.0        7.0        8.0       -7.0       -4.0       -9.0        1.0       -5.0       -3.0        9.0       -1.0        3.0        0.0        4.0       -4.0       -2.0        6.0        1.0        1.0       -6.0       -6.0       -7.0 =    -1320.0
      -6.0        1.0        0.0        9.0        3.0        8.0        4.0        8.0       -8.0       -5.0        5.0        2.0       -5.0        9.0       -2.0        9.0        8.0       -6.0        7.0       -2.0       -9.0       -8.0        1.0       -9.0        7.0       -9.0       -4.0       -8.0     -275.0       -3.0        1.0       -5.0        9.0        5.0        2.0       -4.0        2.0        9.0        9.0       -6.0        7.0        8.0        5.0        0.0       -1.0        7.0       -2.0        5.0       -6.0        0.0        2.0       -6.0 =      711.0
       8.0       10.0       -9.0        7.0       -9.0       -4.0        9.0       -4.0       -3.0        5.0        2.0        6.0        2.0        6.0        5.0        7.0        2.0       -5.0        3.0       -1.0       -4.0        2.0        0.0       -7.0        1.0       -5.0        2.0        1.0       -1.0      254.0        7.0       -4.0        8.0        0.0        0.0       -5.0       -2.0        4.0       -4.0        7.0      -10.0       -9.0        8.0        6.0      -10.0       -9.0        3.0       -5.0       -5.0      -10.0       -1.0        1.0 =      500.0
       3.0        5.0       -6.0       -4.0       -6.0        4.0        2.0        8.0        5.0        8.0        6.0        8.0       -8.0       -1.0       10.0        9.0        4.0        8.0       -8.0       -8.0        8.0       -1.0       -6.0       -2.0       -7.0        5.0        7.0       -6.0        5.0       -1.0      277.0        5.0       -5.0        7.0       -5.0       -1.0       -4.0        0.0       -1.0        7.0        6.0        7.0        6.0       -3.0       -5.0        3.0       -5.0        8.0       -6.0        7.0        9.0       -3.0 =    -2070.0
       9.0       -9.0       -1.0        5.0        9.0       -3.0        3.0       -3.0        5.0        5.0        4.0        0.0       -3.0        9.0        2.0        6.0       -8.0        2.0       -6.0       -2.0       -6.0       -8.0       -8.0        3.0       -9.0       -7.0       -1.0       -5.0        8.0       -4.0        1.0      255.0        5.0      -10.0        0.0       -1.0       -6.0       -4.0       -9.0       -6.0       -3.0        9.0        8.0        8.0       -3.0        5.0       -4.0       -4.0       -2.0        3.0        7.0       -3.0 =    -1398.0
       2.0      -10.0        7.0       -3.0       -7.0        4.0       -6.0        1.0       -1.0       10.0       -4.0       -9.0       -5.0       -2.0       10.0       -6.0       -6.0       -4.0        3.0        0.0      -10.0        3.0       -5.0        8.0        2.0        7.0       -4.0       -4.0        8.0       -6.0       -1.0       -7.0      249.0       -1.0        4.0       -7.0        2.0       -1.0       -4.0       -6.0      -10.0        4.0        4.0       -4.0        1.0       -3.0        3.0        4.0        4.0       -3.0        8.0        2.0 =      211.0
       4.0        6.0       -7.0        9.0        6.0       -3.0        5.0        1.0       -6.0        9.0       -7.0        9.0       -6.0        6.0       -4.0        6.0       -3.0       -8.0        5.0       -2.0        9.0       -6.0        8.0        3.0       -8.0        6.0       -8.0       -6.0       -1.0       -5.0       -9.0       -7.0       -7.0      277.0       -6.0        4.0        8.0        7.0        7.0       -1.0       -8.0      -10.0        0.0       -3.0        5.0       -6.0        1.0       -6.0       -1.0        1.0       -1.0       -1.0 =     2560.0
      -3.0       -8.0       -6.0        4.0       -8.0       -7.0       -1.0        6.0       -6.0       -7.0       -3.0       -6.0        2.0        9.0        3.0        3.0        8.0        2.0       -8.0       -8.0        2.0       -8.0       -9.0       -8.0       -3.0        0.0        2.0       -9.0       -6.0       -9.0       -7.0        3.0       -9.0       -4.0     -276.0        8.0       -1.0        9.0       -3.0        3.0       -8.0       -7.0       -4.0       -8.0        1.0       -7.0        0.0        4.0       -6.0       -6.0       -2.0       -8.0 =     2870.0
       4.0        6.0        8.0       -9.0        6.0       -1.0       -1.0       -3.0       -2.0        1.0       -9.0       -3.0        4.0        0.0       -1.0        0.0        7.0       -2.0       -4.0       -1.0       -8.0        2.0       -8.0        8.0        6.0        4.0        4.0       -6.0        2.0       10.0       -3.0        1.0        9.0       -4.0       -2.0      262.0       -7.0        9.0        9.0       -8.0       -3.0        9.0        8.0        8.0        9.0       -6.0       -8.0        8.0       10.0       -1.0       -4.0        0.0 =     2790.0
       2.0        4.0      -10.0       -9.0       -4.0       -5.0        2.0       -3.0        4.0        0.0        0.0        8.0       -9.0        9.0        3.0        9.0       -3.0       -9.0       -7.0        2.0       10.0        8.0       -5.0        7.0       -6.0       -3.0        2.0        1.0        7.0        0.0       -6.0       -1.0       -3.0       -8.0       -1.0        7.0      254.0        4.0       -1.0       -8.0        8.0       -9.0       -4.0       -2.0       -5.0        2.0        1.0       -5.0       -1.0        8.0        3.0        7.0 =     2205.0
      -4.0       -5.0       -7.0       -9.0        1.0       -9.0        4.0        1.0       -3.0       -8.0        2.0       -7.0       -4.0       -9.0       -7.0        9.0       -4.0       -5.0        9.0       -1.0       -3.0        7.0        8.0       -7.0        3.0       -5.0        1.0       -5.0        4.0        1.0        4.0       -6.0        3.0        3.0       -2.0       -5.0       -2.0      259.0        5.0      -10.0        2.0       -5.0        2.0       -6.0        2.0        8.0        9.0       -4.0       -8.0       -6.0       -3.0        4.0 =    -1920.0
      -7.0        3.0       -1.0        6.0       -6.0       -1.0        0.0        7.0        3.0       -1.0        8.0       -7.0       -4.0       -7.0       -6.0        3.0        6.0        3.0       -3.0        2.0        7.0        6.0       -1.0        9.0       -6.0       -9.0        4.0        4.0       -9.0        2.0       -6.0        5.0        9.0       -3.0        1.0        0.0       -7.0       -8.0     -255.0        5.0        9.0       -9.0        6.0       -3.0       -9.0        0.0        7.0       -6.0       -1.0        6.0       -7.0        7.0 =    -2286.0
      -8.0       -4.0        8.0        5.0        6.0        7.0        8.0       -4.0       -8.0        0.0        8.0        1.0       -3.0       -7.0       -1.0        4.0        8.0        8.0        1.0        1.0       -7.0        8.0       -1.0        6.0        5.0        9.0       -8.0        7.0       -4.0       -5.0        4.0        8.0        3.0       -1.0       -8.0        2.0        2.0        4.0       -3.0      249.0       -3.0        3.0       -1.0       -4.0        0.0      -10.0       -5.0        2.0       10.0       -2.0       -2.0       -3.0 =     -285.0
       5.0       -2.0        1.0        6.0        4.0       -9.0       -9.0        7.0       10.0        4.0        4.0        5.0       -7.0       -5.0        6.0       -8.0       -8.0        8.0       -7.0        9.0       -9.0      -10.0       -1.0        4.0        8.0       -5.0        6.0       -9.0       -5.0        9.0       -8.0       -9.0        0.0        3.0        2.0        0.0       -2.0       -9.0        4.0       -7.0      291.0       -8.0        8.0       -6.0        6.0        0.0       -9.0       -3.0       -6.0       -4.0       -3.0        2.0 =      244.0
      -2.0       -3.0       -1.0        9.0        8.0       -4.0        0.0       -7.0        6.0       -6.0       -3.0       -2.0       10.0      -10.0        5.0        6.0       -1.0       -3.0       -3.0        4.0        5.0       -8.0        2.0       -4.0        0.0       -1.0        1.0        6.0        1.0        2.0        3.0       -7.0       -9.0        7.0       -6.0        8.0       -5.0       -3.0       -1.0        9.0       -3.0     -242.0       -6.0       -7.0       -8.0       -9.0        9.0        1.0        3.0       -5.0       -2.0       -5.0 =        0.0
      -1.0        0.0       -3.0       -1.0        3.0        7.0        7.0       -5.0       -5.0       -3.0      -10.0       -7.0        9.0       -9.0        6.0       -5.0        3.0       -7.0       -8.0        2.0        3.0       -6.0       -8.0        2.0        7.0       -9.0       -1.0       -2.0        2.0        6.0       -1.0      -10.0       -3.0       -1.0        5.0       -1.0        4.0       -9.0       -6.0        9.0        4.0       -5.0     -267.0        8.0        7.0       -3.0       -9.0      -10.0        8.0       -4.0        4.0       -7.0 =      640.0
       6.0        7.0        1.0        0.0        9.0        4.0        7.0        4.0        1.0       -3.0       -5.0       -8.0       -8.0        1.0        5.0        4.0       -5.0        6.0       -7.0       -2.0       -3.0       -9.0       -9.0       -1.0        7.0       -1.0       -7.0       -8.0       -9.0        6.0       -8.0        2.0       -1.0        6.0       -7.0        2.0        7.0       -9.0       -1.0       -1.0       -7.0       -6.0       -4.0     -268.0       -7.0        9.0       -8.0        9.0        9.0       10.0       -2.0        0.0 =     -584.0
       5.0        5.0       -9.0        6.0        1.0        0.0       -7.0        1.0       -9.0       -2.0       -2.0        8.0       -8.0        9.0        3.0        0.0       -4.0       -4.0       -8.0       -1.0        7.0        9.0        4.0        6.0       10.0        1.0        9.0        1.0        1.0        3.0       -6.0        9.0       -4.0       -5.0        2.0       -7.0       -3.0        3.0        1.0       -7.0       -5.0        9.0       -2.0        8.0     -247.0        3.0        6.0        7.0       -3.0        4.0        2.0       -1.0 =      201.0
       4.0        3.0       -2.0        3.0        0.0       -3.0       -9.0       -3.0       -4.0       -2.0        5.0        9.0        1.0       -2.0       -4.0        3.0       -2.0        9.0       -4.0       -2.0       -1.0        3.0        4.0        4.0        7.0        5.0        1.0       -7.0        7.0       -6.0        9.0        9.0       -1.0      -10.0       -2.0       -8.0        0.0        4.0        9.0       -2.0        8.0       -9.0       -7.0        3.0        9.0      247.0       -4.0        9.0        9.0       -2.0        8.0       -5.0 =     -873.0
       1.0        5.0        9.0        8.0        7.0       -9.0       -7.0       -5.0        0.0        6.0        0.0        7.0        3.0        3.0       -2.0       -3.0       -3.0        1.0        4.0       -7.0        3.0        7.0       -3.0       10.0       -4.0       -6.0       -7.0       -1.0        3.0       -9.0        9.0        8.0        9.0        4.0       10.0       -8.0       10.0       -1.0       -5.0       -2.0       -2.0       -3.0       10.0       -6.0       -6.0        9.0      263.0        3.0       -1.0       -2.0        4.0       -1.0 =     1565.0
       2.0       -2.0       -4.0        4.0       -9.0        5.0        6.0        2.0       -6.0       -2.0        2.0      -10.0       -6.0        3.0        6.0        4.0       -9.0       -6.0       -8.0       -7.0        6.0        1.0       -4.0       -2.0        7.0       -4.0        5.0       -3.0       -3.0        8.0       -6.0        4.0        1.0        4.0       -1.0        0.0       -6.0       -9.0        1.0       -9.0        9.0       -4.0        3.0        0.0        3.0       -9.0        1.0     -237.0       -7.0        2.0        7.0       -2.0 =     1395.0
      -7.0        3.0       -1.0       -4.0        7.0        2.0        8.0        7.0        9.0        5.0        3.0        5.0        7.0       -4.0       -1.0        6.0        2.0       -5.0        9.0      -10.0        2.0        2.0       -3.0        4.0        7.0        2.0        2.0       -4.0        0.0        3.0        4.0        3.0        9.0       -8.0        1.0       10.0        0.0        6.0       -6.0        1.0        3.0       -3.0       -5.0        4.0        1.0        2.0      -10.0        1.0      222.0        1.0       -2.0       -5.0 =     1995.0
      -9.0       -7.0        2.0       -6.0        1.0       -7.0       -6.0        6.0        4.0       -5.0      -10.0       -4.0        3.0       -9.0        2.0       -4.0       -9.0        9.0       -3.0       -2.0       -3.0        6.0       -5.0        4.0        6.0      -10.0      -10.0       -7.0        2.0        4.0       -4.0       -3.0       -7.0        3.0        0.0        5.0        3.0       -1.0       -1.0        3.0        9.0        2.0        2.0        8.0       -1.0       -7.0       -8.0        8.0        1.0     -255.0       -6.0       -7.0 =      646.0
      -8.0       -5.0       -7.0       -2.0        7.0      -10.0       -3.0       -7.0        7.0       10.0       -2.0        1.0        4.0       -2.0        8.0       -8.0        6.0        9.0       -2.0       -2.0       -8.0       -6.0       -3.0       -6.0       -1.0        4.0       -3.0      -10.0       -7.0        7.0        3.0       -9.0        0.0        1.0       -6.0       -9.0       -4.0        8.0        2.0       -9.0       -3.0        1.0        9.0       -2.0        9.0       10.0        3.0       -6.0        6.0        7.0      279.0        1.0 =     -756.0
      -8.0       -7.0        6.0       10.0        2.0        9.0       -1.0      -10.0       -1.0        9.0        5.0       -9.0       -8.0       -6.0       -5.0       -7.0       -4.0       -5.0       -3.0       -6.0       -8.0       -4.0        9.0        7.0       -7.0       -4.0       -9.0        6.0       -1.0       -3.0        7.0       -7.0       -7.0      -10.0        7.0       -9.0        5.0       -3.0       -7.0       -4.0       -4.0        0.0        4.0       -9.0       -9.0        2.0       -7.0       -1.0        7.0       -7.0        4.0      308.0 =      828.0

      -8.0        5.0        2.0        9.0       -3.0      -10.0      -10.0       -1.0        4.0        6.0        6.0       -2.0       -5.0       -3.0        3.0        5.0       -9.0       -5.0       -6.0       -7.0        6.0       -5.0       -5.0       -4.0        8.0       -2.0        8.0        5.0       -3.0        2.0       -6.0       -6.0        1.0       10.0       -7.0        9.0        9.0      -10.0        9.0       -1.0        1.0        0.0       -2.0        2.0       -1.0       -3.0        5.0       -5.0        7.0       -2.0       -3.0        4.0
