52
    -251.0        0.0       -7.0        3.0       -8.0        0.0       -7.0       -8.0        7.0        6.0        8.0        4.0       -1.0        4.0       -3.0        4.0       -3.0        7.0        8.0       -9.0        8.0       -5.0        5.0        9.0        6.0        2.0       -4.0       -3.0        6.0        8.0       -1.0        3.0        3.0        3.0       -7.0       -8.0        2.0       -1.0       -6.0       -9.0        3.0       -3.0       -2.0       -5.0       -9.0       -7.0       -3.0       -6.0       -2.0        0.0        7.0        1.0 =     1566.0
       7.0     -279.0        8.0       -1.0        8.0       -9.0       -9.0       -3.0       -4.0        7.0       -1.0       -7.0       -4.0       -6.0       -2.0        3.0       -3.0        8.0       -8.0       -8.0      -10.0        9.0        9.0        6.0        5.0        3.0       -5.0       -8.0       -7.0       -6.0       -1.0        0.0        0.0        0.0       -3.0       -3.0       -7.0        4.0       -8.0        8.0       -2.0        6.0       -7.0        1.0       -3.0        9.0        6.0        9.0        7.0        8.0       -5.0       -6.0 =    -1470.0
     -10.0       10.0     -255.0       -7.0       10.0       -2.0       -5.0       -2.0        4.0       -6.0       -8.0        4.0        1.0       -6.0       -7.0       -5.0       -6.0        6.0       -2.0        5.0        1.0       -6.0        0.0        5.0       -2.0       -7.0       -7.0        7.0        3.0       10.0       -3.0       -5.0       -2.0       -5.0        2.0        1.0       -3.0        7.0       -5.0        0.0       -3.0        3.0        8.0       -9.0       -9.0        7.0       -4.0       -7.0        3.0      -10.0       -2.0        2.0 =    -2177.0
       5.0       10.0        1.0     -253.0        0.0       -5.0        6.0        8.0       -6.0       -4.0       -9.0        1.0        6.0        2.0        4.0       -8.0       -5.0        5.0       -8.0        8.0       -3.0        5.0       -8.0        2.0        8.0        6.0        5.0       -8.0       10.0        1.0        8.0        5.0        4.0        0.0        1.0       -1.0        3.0        8.0       -8.0       -8.0       -4.0        7.0       -3.0        5.0        7.0        0.0        0.0       -4.0        6.0        0.0       -5.0        1.0 =        0.0
       7.0       -9.0        0.0        4.0     -262.0       10.0       10.0        0.0        0.0        6.0        9.0       -9.0       -3.0       -5.0        5.0       -9.0       10.0        7.0       -4.0        9.0       -4.0       -8.0        5.0        5.0       -4.0        7.0       -2.0       -1.0       -9.0        3.0       -6.0        0.0        9.0       -3.0        4.0        4.0       -2.0        0.0      -10.0        3.0        0.0        1.0       -3.0       -9.0      -10.0       -1.0       -5.0       -3.0        9.0        7.0       -1.0        1.0 =     -494.0
       8.0       -9.0       -2.0       -6.0       -9.0     -246.0        1.0        3.0        0.0        6.0       -5.0       -2.0       -6.0        0.0      -10.0       -7.0        7.0       -3.0        1.0       10.0        2.0       10.0        3.0        5.0        2.0        7.0       -8.0        7.0      -10.0        6.0       -3.0       -7.0        1.0        3.0       -3.0        8.0        0.0        6.0        2.0       -4.0       -8.0        8.0       -2.0       -4.0       -3.0       -1.0       -3.0        7.0        5.0       -8.0        0.0        4.0 =     -494.0
     -10.0        2.0        6.0       -7.0        4.0       -7.0     -289.0       -9.0       -1.0       -4.0       -6.0       -5.0       -9.0        8.0        1.0       -7.0        3.0        4.0        2.0        8.0       -9.0        7.0       -4.0       -7.0        1.0       -6.0       10.0       10.0        8.0        0.0        8.0        1.0        6.0       10.0        2.0        9.0        8.0        5.0       -2.0      -10.0        4.0       -7.0        6.0        1.0       -3.0       -4.0        7.0       -4.0       -5.0       -5.0        8.0        3.0 =    -2144.0
      -7.0       -9.0       -4.0       -6.0       10.0       -8.0       -1.0     -220.0       -6.0        4.0        0.0        1.0        6.0       -8.0       -5.0        3.0        0.0       -7.0        2.0       -6.0        6.0        0.0        3.0        3.0       -1.0        8.0       -1.0       -6.0        9.0        4.0       -2.0        3.0       -3.0       -5.0        0.0        6.0        5.0        4.0       -5.0       -3.0        1.0       -9.0        0.0        5.0        2.0        7.0        4.0        2.0       -7.0        5.0        1.0       -4.0 =     -458.0
      -7.0       -6.0       -1.0        6.0       -2.0        4.0        4.0        5.0      236.0        7.0        7.0        2.0       -1.0        8.0       -1.0       -8.0       -4.0       -9.0       -2.0       -3.0        4.0       -8.0        1.0        0.0       -4.0        4.0       10.0       -4.0        1.0        3.0        9.0       -2.0        8.0        3.0       -1.0        2.0       -5.0       -8.0       -5.0        5.0       -4.0       -6.0        9.0        1.0        4.0       -6.0       -4.0        0.0        9.0       -1.0        3.0        8.0 =    -2610.0
      -6.0        0.0       -6.0       -4.0       -1.0        1.0      -10.0       -6.0       -3.0      239.0       -9.0        5.0       -2.0       -2.0        2.0        1.0       -8.0       10.0       -2.0       -4.0        9.0        7.0        9.0       -4.0        1.0        7.0       -5.0        6.0        7.0       -4.0       -2.0        9.0       -3.0       -1.0       -4.0       -2.0       -3.0       -6.0        5.0       -4.0       -2.0       -8.0       -8.0       -7.0       -3.0        8.0       -2.0        4.0        8.0       -5.0        0.0        2.0 =     1632.0
      -7.0       -1.0        1.0        5.0        6.0        9.0        5.0        9.0        5.0        5.0     -256.0       -8.0       -8.0       -7.0       -8.0        9.0        0.0       -5.0       -6.0       -6.0        2.0       -3.0        0.0        1.0        8.0       -8.0        4.0        2.0        2.0       -1.0        6.0       -9.0       -6.0       -9.0        7.0        1.0        9.0        1.0        1.0       -5.0        8.0        2.0        4.0       -4.0       -5.0        3.0        7.0       -6.0        3.0        1.0        4.0       -4.0 =      968.0
       6.0       -2.0        3.0        0.0       -8.0       -8.0       -8.0        4.0        3.0       -7.0        6.0     -269.0        2.0        0.0       -3.0      -10.0        3.0        2.0       -3.0      -10.0        6.0       -8.0       -3.0       -4.0        1.0       -6.0        6.0        8.0        9.0        9.0        7.0       -7.0        9.0       -8.0       -7.0        8.0      -10.0       -2.0       -8.0       10.0        3.0       -7.0        1.0       -3.0        3.0       -8.0        0.0       -5.0       -9.0       -3.0        2.0        0.0 =    -1575.0
      -9.0       -7.0        7.0        9.0        3.0        1.0        8.0       -9.0       -7.0        1.0       -8.0       -8.0     -283.0        5.0       -3.0        4.0        4.0        0.0       -4.0       -8.0       -5.0        8.0        9.0       -9.0       -4.0       -5.0       -4.0        5.0       -9.0       -3.0       -2.0       -8.0       -4.0        7.0        0.0       -5.0      -10.0        0.0        8.0       -2.0        8.0       -4.0        8.0        4.0       -1.0        9.0       -2.0       -8.0        9.0        0.0        6.0        7.0 =     -301.0
       4.0      -10.0        6.0        7.0       -8.0      -10.0        8.0        2.0       -6.0        3.0       -2.0        0.0        7.0     -294.0       -7.0        0.0       -6.0       -8.0       -1.0       -4.0       -6.0        5.0        5.0        4.0       -9.0      -10.0      -10.0       -4.0        0.0        4.0       -9.0        8.0       -2.0       -6.0       -6.0        4.0        5.0       10.0        9.0       -7.0       -8.0       -3.0       -9.0       -1.0        9.0       -3.0        4.0       -9.0        6.0       -2.0       -1.0        8.0 =    -2744.0
      -6.0        6.0       -3.0        0.0        5.0       -6.0       -1.0       -3.0        1.0        7.0       -9.0       -4.0        2.0       -2.0      242.0       -8.0       -7.0        5.0        3.0       -7.0       -1.0       -9.0       -1.0        4.0       -4.0        5.0       -2.0        4.0        7.0       -7.0        0.0        9.0        1.0        7.0        8.0        8.0        0.0       -5.0       -4.0       -9.0       -4.0       10.0       -6.0        8.0       -1.0        4.0        2.0        8.0       -5.0       -4.0       -3.0        2.0 =    -1185.0
       5.0       -4.0       -3.0        6.0       -2.0       -2.0        7.0        5.0        3.0       -9.0       -8.0       -5.0       -1.0        2.0        5.0     -277.0        6.0        9.0        1.0        7.0       -4.0       -6.0       -6.0       -1.0       10.0       10.0       -5.0       -5.0        9.0        7.0       -9.0        8.0        7.0        1.0       -7.0        8.0      -10.0       -9.0       -3.0      -10.0       -4.0        9.0        3.0        6.0       -1.0        4.0        1.0       -1.0       -3.0        2.0        5.0        7.0 =     -242.0
      -6.0       -7.0        3.0        8.0       10.0        7.0       -4.0       -2.0       -7.0        9.0       -9.0        6.0        5.0        7.0        6.0        9.0      275.0       -7.0       -5.0        0.0       -4.0      -10.0       -4.0       -8.0       -7.0        4.0        4.0        1.0       -5.0        7.0       -7.0        7.0        4.0       -3.0        2.0       -5.0       -1.0        7.0        9.0        1.0       -2.0        3.0       -9.0        9.0        2.0        4.0        5.0       -6.0        6.0        3.0        3.0        3.0 =    -1244.0
      -1.0       -5.0        8.0        1.0        4.0        1.0       -4.0        4.0       -6.0        0.0        0.0       -5.0        3.0       -5.0       -8.0        0.0       -5.0     -263.0       -6.0       -9.0       -6.0        9.0        9.0        2.0        7.0        0.0        8.0       -2.0        3.0       -5.0        8.0       -5.0        2.0       -6.0       -6.0       -6.0       -9.0       -4.0       -6.0        8.0        5.0       -8.0       -6.0        8.0       -3.0       -6.0       -8.0        6.0        0.0      -10.0       -8.0       -4.0 =     -329.0
      -1.0       -6.0        7.0        9.0        5.0       -6.0        6.0       -6.0        8.0        2.0        4.0        8.0        9.0        3.0       10.0       -2.0       -4.0       -1.0     -269.0       -5.0        8.0        7.0       -5.0        8.0       -4.0       -3.0       -7.0        4.0       -9.0        5.0        8.0        4.0        5.0        2.0       -6.0        0.0        1.0        3.0        0.0       -6.0        3.0        3.0       -9.0        9.0       -4.0       -9.0        8.0        6.0       -8.0       -5.0       -4.0        3.0 =    -1105.0
      -3.0        0.0        8.0       -3.0       -1.0       -7.0       -7.0        7.0        7.0       -2.0       -6.0       -4.0        4.0      -10.0        3.0        5.0        8.0       -7.0       -6.0      276.0        6.0       -9.0      -10.0       -7.0        4.0       -3.0        4.0        4.0       -3.0       -9.0        7.0        1.0       -5.0        6.0       -8.0        9.0       -9.0        6.0        5.0       -7.0        8.0        7.0        2.0       -3.0        3.0       -5.0        8.0       -2.0        3.0       -4.0       -9.0        1.0 =     2024.0
     -10.0        3.0       -3.0        6.0        7.0       -4.0       -4.0        0.0       -3.0       -2.0       -6.0        2.0        5.0        5.0       -1.0        4.0        0.0      -10.0        7.0        9.0      254.0       -8.0       -5.0        0.0        3.0        1.0       -2.0       -7.0       -9.0       -8.0        7.0        0.0        3.0      -10.0       -1.0        8.0        9.0       -8.0       -6.0        0.0        5.0       -8.0        8.0       -5.0        8.0        4.0        2.0       -4.0       -2.0       -3.0        9.0       -6.0 =    -1404.0
      -3.0        9.0        0.0        0.0       -8.0        3.0        5.0       -1.0       -9.0       -9.0        7.0        9.0       10.0        4.0        6.0       10.0        4.0       -2.0        5.0       -4.0        2.0     -243.0        5.0       -9.0       -8.0        3.0        9.0        3.0       -7.0        6.0       -1.0        9.0       -8.0        7.0       -1.0        1.0        4.0        8.0       -1.0        1.0       -6.0       -2.0       -6.0        3.0       -3.0       -4.0        2.0       -3.0        4.0       -1.0       -3.0        1.0 =    -1818.0
       0.0        8.0        4.0        0.0       10.0        0.0       -5.0       -6.0       -7.0       -9.0      -10.0       -2.0        0.0       -6.0        1.0       -5.0       -5.0        5.0        5.0       -2.0        0.0      -10.0      248.0       -9.0        8.0        3.0        2.0       -2.0        2.0       -6.0        7.0        6.0        6.0        3.0        4.0        3.0       -8.0       -5.0       -6.0       -8.0        6.0       -4.0        0.0       10.0        1.0        4.0       -7.0       10.0       -2.0       -2.0        6.0       -3.0 =        0.0
       5.0       -9.0      -10.0      -10.0        3.0        8.0       -1.0        7.0       -7.0        0.0        4.0        3.0       -6.0       -6.0        1.0       -7.0       -7.0       -7.0       -8.0        4.0        7.0        0.0       -4.0      289.0        2.0        6.0        9.0        3.0        2.0        5.0      -10.0        9.0        8.0        4.0       -6.0       -7.0       -6.0       -8.0        9.0        2.0       -7.0        3.0       -1.0        3.0        2.0      -10.0       -1.0        9.0        5.0        6.0      -10.0        8.0 =     1668.0
      -6.0       -6.0       -3.0        5.0       -7.0      -10.0      -10.0       -2.0        4.0        2.0        4.0       -3.0        6.0       -8.0       -2.0        8.0       -5.0        1.0        0.0        8.0        2.0        1.0        3.0        8.0     -279.0        2.0        4.0       -8.0       -5.0        3.0       -8.0        5.0        6.0       -7.0       -3.0        0.0        7.0        5.0        7.0        8.0       -4.0       -4.0      -10.0        3.0        0.0       -8.0       -9.0       10.0       -8.0        9.0       10.0       -8.0 =     -876.0
       7.0        6.0        4.0        3.0        9.0        5.0       -4.0        9.0       -4.0       -8.0        9.0        2.0        3.0       -1.0        1.0      -10.0        3.0       -2.0        0.0       -2.0       -2.0       -8.0        3.0       -3.0       -7.0     -245.0       -6.0        3.0        6.0        1.0        7.0        2.0       -7.0        4.0       -3.0       -2.0        8.0        3.0        0.0       -4.0      -10.0        0.0        0.0       -5.0       -5.0       -9.0       10.0       -6.0       -3.0       -8.0        6.0       -6.0 =      768.0
      -4.0        0.0        5.0        6.0        1.0       -9.0        4.0       -7.0       -5.0        3.0        7.0       -2.0        7.0        1.0        8.0        7.0       -8.0       -5.0        0.0       -6.0       -6.0       10.0        6.0       -4.0        9.0       -6.0     -263.0       -1.0      -10.0       -9.0        7.0       -5.0        8.0        3.0       -4.0       -1.0       -1.0        5.0        5.0        7.0        1.0       -1.0        6.0        1.0        9.0       -8.0        8.0       -9.0        3.0        2.0        2.0       -9.0 =    -2420.0
       9.0        5.0       -4.0        4.0       -4.0       -2.0       -5.0        2.0       -4.0       -2.0        6.0        6.0       -8.0       -9.0       -1.0        7.0       -9.0       -9.0      -10.0        9.0       -5.0       -6.0       -9.0        6.0       -3.0       -2.0        0.0     -278.0        7.0       -1.0        1.0        8.0       10.0        3.0        4.0       -8.0        3.0        4.0        2.0       -4.0      -10.0        7.0       -3.0        7.0       -7.0        4.0        3.0       -8.0        0.0        6.0       -6.0       10.0 =     -852.0
       1.0       -7.0        7.0       -5.0        5.0        9.0       -1.0       -7.0        3.0        8.0        1.0        0.0       -6.0        0.0       -4.0        1.0        9.0        9.0       -4.0        8.0        4.0       -5.0        8.0        7.0        1.0       -7.0        0.0        9.0     -245.0        9.0       10.0       -2.0        3.0       -1.0        2.0        5.0       -7.0       -4.0       -4.0       -4.0        0.0        8.0       -2.0        6.0       -7.0       -2.0       -6.0        3.0       -1.0        4.0       -9.0       10.0 =      380.0
       9.0        0.0       -1.0       -1.0       -7.0       -4.0        7.0        4.0       -8.0       -2.0        8.0       -6.0        9.0       -1.0       -9.0        8.0       -2.0        8.0       -5.0        5.0        2.0       -6.0       -2.0        8.0        3.0        6.0       -5.0      -10.0        6.0      272.0        4.0       -4.0       -2.0        2.0        3.0        5.0        7.0       -4.0      -10.0       -9.0        5.0        7.0       -8.0        7.0        7.0        1.0        4.0       -5.0       -2.0        5.0       10.0        0.0 =     2163.0
       2.0       -8.0       -2.0       -5.0        1.0        2.0        3.0        1.0        8.0      -10.0       -8.0        2.0       -1.0        8.0        2.0        9.0       -8.0        6.0      -10.0        3.0        8.0        9.0       -5.0       -7.0        8.0        7.0        6.0       -8.0       -7.0       -2.0     -275.0        0.0        8.0        9.0        1.0       -1.0        1.0       -9.0       -7.0       -8.0       -3.0        5.0       -7.0        5.0        7.0       -4.0        3.0        8.0       -6.0        1.0        1.0        9.0 =     2064.0
       8.0        8.0       -3.0       -9.0       -6.0       -9.0        8.0        4.0       -4.0       -5.0       -8.0        4.0        2.0        2.0       -7.0       -7.0        6.0        8.0       -7.0        6.0        6.0       -4.0        2.0       -6.0        1.0        9.0       -6.0       -7.0        7.0        7.0        5.0      277.0        6.0        3.0       -1.0       -3.0       -8.0        2.0       -3.0        9.0       -6.0        0.0       -3.0        1.0        5.0       -5.0       -7.0        3.0       -5.0       -9.0        6.0       10.0 =    -2493.0
      -7.0        8.0       -9.0       -4.0        9.0        3.0        5.0       -2.0        4.0        3.0        2.0        2.0      -10.0        5.0       -4.0       -1.0        2.0        8.0       -1.0        6.0        7.0       -7.0        7.0       -3.0        1.0        6.0       -2.0       -7.0        9.0      -10.0        8.0       -2.0     -265.0        8.0       -4.0       -7.0       -1.0        4.0        3.0       10.0        3.0        4.0       -6.0       -9.0        7.0        0.0       -8.0        2.0        1.0       10.0        5.0       -6.0 =    -1784.0
       0.0       -2.0       -9.0       -8.0        9.0        7.0       -9.0        5.0      -10.0       -5.0       -9.0        7.0       -3.0       -7.0        8.0        9.0        5.0       -1.0       10.0        9.0       -1.0       -3.0       10.0       -2.0       -6.0       -6.0        1.0       10.0       -1.0       -8.0        6.0        6.0       -5.0     -300.0        5.0        4.0       -7.0       -6.0        1.0       -6.0        0.0       -7.0       -3.0        8.0       -4.0        3.0       -7.0        9.0        8.0        4.0        5.0       -8.0 =     2646.0
       7.0       -8.0        2.0        6.0        2.0       -5.0        4.0       -5.0       -9.0       -8.0        3.0        7.0        8.0      -10.0       -2.0        8.0        4.0       -4.0        6.0        8.0        2.0        9.0       -8.0        9.0        5.0       -4.0       -4.0       -9.0        3.0       -3.0       -7.0       -7.0        8.0      -10.0     -298.0       -4.0        4.0       -6.0        3.0        6.0       -5.0        4.0       -3.0       -8.0        6.0       -8.0        0.0        6.0        4.0        4.0        9.0       -9.0 =     -297.0
       2.0        5.0        7.0       -2.0       -3.0        4.0        8.0       -5.0       -9.0        8.0        2.0       -5.0       -1.0        6.0        7.0        6.0        8.0       -9.0       -4.0        5.0       -7.0       -4.0        9.0       -1.0       -9.0        3.0       -6.0       -9.0        8.0       -5.0        2.0       -7.0        2.0       -8.0        8.0     -296.0       -8.0       -7.0        8.0        4.0        2.0       -3.0        3.0       -6.0       -6.0      -10.0        5.0        1.0        8.0       -7.0        7.0        9.0 =      290.0
       1.0        7.0        2.0       -7.0        7.0       -7.0       -8.0        4.0       -1.0        6.0        7.0       -8.0       -3.0       -9.0       -4.0       -3.0        5.0       -3.0        2.0        9.0       -8.0        6.0       -6.0       -1.0        4.0        0.0        5.0        7.0        1.0        8.0       -1.0       -6.0        0.0        3.0        4.0        7.0     -232.0        0.0        1.0        8.0        4.0       -4.0        0.0       -5.0       -3.0       -9.0        3.0        1.0       -8.0       -2.0        8.0       -1.0 =     1314.0
      -5.0        9.0       -3.0        6.0       -2.0       -9.0        1.0        3.0       -1.0        0.0       -4.0       -5.0       10.0       -3.0        1.0        0.0        6.0        8.0       10.0       -8.0       -3.0        5.0       10.0       -6.0       -1.0        5.0        5.0        5.0       -2.0       -9.0        4.0       -8.0        7.0        6.0        1.0       -8.0        8.0      235.0      -10.0       -2.0        1.0       -5.0        1.0        1.0        0.0        4.0       -2.0       -2.0        3.0        2.0        8.0        4.0 =     1897.0
       0.0       -5.0       -4.0       -5.0        9.0        0.0       -3.0       -6.0        7.0       -1.0        7.0       -1.0       -9.0        2.0       -4.0        5.0      -10.0       -4.0        8.0       -1.0        8.0       -6.0        3.0        9.0       -9.0       -5.0        7.0       -8.0       -3.0       -2.0       -8.0       -3.0        2.0       -2.0       -2.0       -3.0       -6.0        1.0      245.0       -3.0        4.0       -2.0       -4.0        5.0        2.0        2.0       -6.0        8.0       -5.0       -7.0       -9.0       -8.0 =     -720.0
       9.0       -2.0        4.0        1.0      -10.0       -4.0       -6.0       -2.0        2.0       -5.0        3.0        9.0       -9.0       -4.0       -3.0       -5.0       -6.0       -9.0        6.0       -7.0        8.0       -2.0       -8.0        4.0       -4.0       -5.0       -9.0       -9.0       -7.0      -10.0        8.0        8.0       -8.0        2.0        2.0        4.0        8.0        4.0        8.0      274.0       -1.0        2.0       -7.0       -9.0       -1.0       -6.0       -6.0       -6.0        6.0       -1.0        2.0       -2.0 =    -1206.0
      -9.0       -9.0       -5.0        2.0        4.0        1.0       -8.0        9.0        1.0        2.0        5.0       -2.0       -8.0       -3.0       -6.0       -8.0        2.0       -7.0       -4.0        1.0       10.0        7.0       -8.0        4.0       -4.0       -3.0        8.0       -4.0        7.0        8.0       -3.0        8.0        5.0        0.0       -7.0       -5.0       -4.0        9.0        5.0        2.0      266.0        4.0       -4.0        1.0       -8.0        1.0       -8.0       -4.0       -2.0       -6.0        8.0        4.0 =     -245.0
       7.0        1.0       -5.0        4.0       -2.0       -3.0       -3.0       -1.0       -2.0        9.0        0.0        5.0        9.0        1.0       -4.0        5.0        8.0       -7.0        7.0        0.0        3.0        1.0        1.0       -9.0       -3.0        9.0       -3.0       -7.0        6.0       -1.0        0.0       -6.0        5.0       -7.0       -6.0        5.0        8.0       -9.0       -5.0        9.0        6.0      253.0        3.0       10.0       -6.0        2.0        7.0       -9.0       -8.0        4.0       -9.0        2.0 =     1650.0
      -5.0        1.0       -7.0       -2.0       -3.0       -9.0        8.0       -8.0       -2.0        4.0       -5.0       -6.0       -9.0        0.0       -2.0       -8.0        0.0        5.0      -10.0        5.0       -5.0       -7.0        0.0       -5.0        0.0        2.0       -8.0        8.0        7.0        0.0       10.0        1.0       -3.0        3.0       -9.0        5.0       -6.0        4.0        2.0        7.0       -9.0       -6.0     -238.0        5.0        0.0       -7.0       -1.0       -6.0       -3.0       -2.0        3.0        0.0 =     2799.0
       4.0        3.0       -2.0       -5.0       -2.0       -5.0        2.0        2.0        8.0        4.0       -2.0       -4.0       -6.0       -4.0        1.0       -4.0        8.0        0.0       10.0       -4.0       -3.0        0.0        7.0       -5.0       -9.0        0.0       -7.0       -9.0       -1.0       -4.0       10.0       -8.0      -10.0        6.0       -6.0        9.0        0.0        3.0        6.0       -7.0       -5.0       -6.0       -3.0     -258.0        9.0       -5.0        8.0        5.0        5.0       -1.0        9.0        4.0 =    -1834.0
       8.0       -8.0        6.0       -1.0       -1.0        2.0       -6.0        7.0       -4.0       -7.0        0.0       -8.0        0.0       -2.0       -9.0        8.0      -10.0        3.0        6.0        7.0       -7.0        8.0        6.0       -4.0        5.0       -7.0        9.0       -1.0        1.0      -10.0       -9.0       -8.0       -6.0        0.0        0.0        2.0       -1.0       -6.0        6.0        5.0       -9.0       -1.0        1.0       -3.0     -245.0        7.0       -6.0       -1.0        4.0        1.0        2.0        0.0 =     1656.0
      -1.0       -4.0       10.0       -4.0       -4.0        8.0        8.0       -5.0       -8.0       -9.0       -2.0       -2.0       -3.0       -1.0       -1.0        4.0        8.0       -5.0       -6.0        6.0       -9.0       10.0        4.0       -7.0        6.0      -10.0        5.0       -1.0       -5.0        1.0       -3.0        8.0       -4.0        6.0       -6.0        8.0        8.0        2.0       -1.0        8.0        5.0       -1.0       10.0       -6.0      -10.0     -268.0        8.0        5.0        1.0        3.0       -1.0        0.0 =    -2205.0
      -2.0        3.0       -8.0        3.0       -6.0        7.0       -7.0       -2.0        5.0        9.0        9.0       -7.0        1.0       -3.0       -3.0       -3.0        8.0        7.0        3.0        6.0       -6.0        6.0        9.0        1.0       -3.0        8.0        6.0        4.0       -1.0        1.0       -5.0        1.0        5.0        9.0       -7.0        1.0        1.0       -9.0        8.0       -3.0       -3.0        0.0       -5.0       -9.0        4.0       10.0      262.0      -10.0        4.0       -9.0       -8.0        1.0 =    -2264.0
      -5.0       -3.0       -3.0        9.0       -2.0        8.0       -7.0        3.0       10.0        5.0        0.0        4.0       -3.0       -6.0       -8.0       -8.0       -3.0       -1.0       -9.0       -9.0        8.0        7.0       -9.0       -4.0       -3.0        1.0      -10.0        6.0       -3.0       -9.0        5.0       -9.0       -1.0       -3.0        5.0        6.0        4.0        6.0        9.0       -7.0        4.0       -4.0       -1.0        5.0       -5.0       -8.0       -4.0     -275.0       -6.0       -7.0       -3.0        3.0 =    -1650.0
       6.0        9.0        5.0       -3.0       -5.0        0.0       -9.0       -2.0       -3.0       -5.0        5.0        6.0        1.0       -4.0        8.0        2.0       -3.0        0.0       -8.0       -8.0        2.0        8.0       -8.0        4.0       -8.0        6.0        9.0       -8.0      -10.0        5.0        9.0       -3.0       10.0       -7.0        8.0        4.0       -3.0       -7.0       -6.0        8.0       -5.0        1.0       -2.0       -9.0        1.0       -2.0      -10.0       -6.0     -279.0       -3.0        6.0       -2.0 =     -610.0
      -9.0        9.0        4.0       -6.0       -5.0       -6.0        1.0        2.0       -3.0       -7.0        9.0       -2.0        7.0       -2.0        1.0       -6.0        5.0       -8.0      -10.0        1.0        5.0        0.0        6.0       -2.0       -2.0       -2.0        3.0       -4.0        6.0        4.0       -6.0       -9.0       -5.0       -2.0       -2.0       -4.0       -7.0       -2.0       -3.0       -7.0        0.0       -7.0        9.0        4.0       -3.0       -7.0       -3.0       -2.0        6.0      241.0        6.0        4.0 =      570.0
      -5.0       -9.0        8.0        2.0        1.0      -10.0      -10.0       -7.0        0.0       -2.0       -8.0       -5.0       -4.0        3.0        4.0        1.0        0.0        5.0        6.0        5.0        6.0       10.0       -5.0       -1.0        5.0       -8.0       -1.0       -5.0        1.0       10.0        1.0        0.0      -10.0        9.0       -6.0        1.0        1.0        8.0       -3.0        4.0       10.0       -1.0       -6.0       -1.0       -5.0        8.0        2.0        1.0       -9.0       -5.0      245.0       -5.0 =     1808.0
      -4.0        7.0        9.0       -6.0       -7.0       -5.0       -7.0        9.0       -8.0       -3.0       -1.0       -5.0       -1.0        6.0       -2.0       -7.0        9.0       -2.0        2.0        9.0       -1.0        0.0        4.0       -1.0       -8.0       -4.0       -1.0       -5.0        6.0        9.0        2.0        6.0        8.0       -7.0        2.0       -3.0        7.0      -10.0       -4.0        3.0        4.0        2.0       -3.0       -2.0        3.0        0.0       -1.0       -6.0        7.0       -8.0       -8.0     -247.0 =     1578.0

      -6.0        5.0        7.0        0.0        2.0        2.0        8.0        2.0      -10.0        8.0       -4.0        5.0        1.0        8.0       -5.0        1.0       -4.0        1.0        5.0        8.0       -6.0        9.0        0.0        6.0        3.0       -3.0       10.0        3.0       -2.0        7.0       -8.0       -9.0        8.0       -9.0        1.0       -1.0       -6.0        7.0       -4.0       -6.0       -1.0        6.0       -9.0        7.0       -6.0        9.0       -8.0        5.0        2.0        3.0        8.0       -6.0
