52
    -268.0       -5.0        2.0       -8.0        6.0       -1.0        5.0       -4.0       10.0       -1.0        5.0        0.0      -10.0       -3.0        8.0        6.0        8.0       10.0        2.0        8.0        7.0        4.0        2.0       -7.0        3.0        5.0       -2.0        2.0       -6.0        6.0       -5.0       -9.0       -2.0       -8.0        8.0       -7.0        7.0        6.0       -1.0      -10.0       -8.0       -9.0      -10.0       -4.0        1.0        0.0        5.0        5.0        4.0        3.0        4.0        4.0 =    -1694.0
      -7.0      240.0        1.0       -1.0       -9.0        2.0       -8.0        5.0        2.0       -5.0       -6.0      -10.0       -7.0        3.0        0.0       -3.0       -3.0       -7.0        9.0        9.0        5.0        2.0       -6.0        3.0       10.0       -4.0       -8.0       -6.0        3.0        6.0       -7.0       -4.0       -5.0        5.0       -2.0        3.0        5.0        6.0       -9.0        1.0        2.0        4.0        2.0        6.0       -3.0       -3.0       -7.0        2.0       -1.0       -5.0       -3.0        4.0 =     1608.0
      -8.0        8.0     -271.0       -1.0        0.0       -7.0        5.0       -6.0        6.0       -4.0        7.0        6.0       -8.0       -4.0        4.0        5.0       -3.0        8.0        2.0       -8.0        6.0        0.0       -3.0        9.0        1.0       -6.0       -3.0       -2.0       -7.0       -6.0      -10.0        8.0        6.0        5.0        6.0       -3.0        9.0        4.0        7.0       -8.0        6.0       -6.0       -6.0        5.0        1.0        4.0       -7.0        8.0        4.0        4.0        1.0        8.0 =     2340.0
       8.0        0.0       -9.0     -246.0       -2.0        0.0       -9.0        6.0       -7.0        1.0       -6.0       -7.0       -1.0       -2.0      -10.0        5.0       -6.0        6.0        4.0       -4.0       -8.0       -1.0        0.0       -3.0       -8.0        9.0       -1.0        6.0       -2.0       -8.0       -3.0        9.0        7.0        8.0        7.0        3.0       -2.0        7.0        1.0       -5.0        6.0        1.0        1.0       10.0        5.0       -6.0        2.0        7.0        0.0       -4.0       -3.0       -3.0 =     -494.0
       8.0        1.0       -9.0        3.0     -263.0        6.0        6.0        5.0       -1.0        5.0       -4.0        7.0       -5.0       -9.0       -5.0        0.0       -2.0        3.0      -10.0       -4.0       -6.0       -8.0        4.0        6.0       -5.0       -3.0       -4.0       -8.0        6.0       -5.0        8.0        5.0       -1.0        7.0       -6.0       -2.0       10.0       -3.0       -1.0       -9.0       -2.0       -3.0       -8.0        8.0        4.0       -9.0        7.0       -6.0        1.0        7.0       -1.0        1.0 =    -2556.0
      -1.0       -1.0       -8.0        1.0        2.0     -283.0       -1.0       -1.0       -6.0       -8.0       -8.0        9.0       -1.0       -9.0       -3.0        4.0        8.0       -2.0        2.0       -6.0        6.0        1.0        6.0        7.0       -7.0       -4.0       -5.0       -8.0       -6.0        9.0       -8.0       -8.0        6.0       -6.0       -4.0        9.0       -6.0        4.0        0.0       10.0       -8.0       10.0        8.0        9.0        1.0        9.0        3.0       -6.0       -1.0       -1.0       -7.0      -10.0 =    -1236.0
      -4.0        9.0       -6.0       -3.0       -4.0        6.0      259.0        2.0        7.0        4.0        3.0        5.0        6.0        9.0        0.0        9.0        5.0       -1.0        1.0       -4.0       -5.0       -5.0       -5.0       -2.0       -7.0        2.0        9.0       -6.0        6.0        8.0       -8.0        9.0        9.0       -7.0       -3.0      -10.0        2.0        0.0        8.0        5.0       -6.0        6.0        2.0        9.0       -8.0       -4.0        7.0        0.0        1.0       -2.0        5.0       -4.0 =    -2472.0
      -3.0       -8.0        7.0       10.0       -8.0        9.0        8.0      265.0       -8.0        3.0        0.0       -9.0      -10.0        2.0      -10.0       -3.0       -6.0       -1.0       -8.0       -4.0        0.0        1.0       -4.0        7.0       -1.0       -5.0       -1.0       -1.0       -8.0        5.0       -1.0        9.0        2.0       -7.0       -9.0        2.0       -8.0       -4.0        6.0        4.0       -7.0        5.0       -5.0        9.0       -3.0       -4.0       -3.0       -6.0        4.0        6.0        3.0       -6.0 =    -1442.0
       6.0        7.0       -8.0       -9.0        7.0       -1.0       -9.0       -7.0     -261.0       -7.0        3.0       -4.0       -1.0        8.0        7.0       -8.0        7.0        3.0       -1.0       -3.0       -3.0       -4.0        3.0        7.0        4.0       -4.0      -10.0        2.0       -4.0        9.0       -9.0        6.0        1.0        0.0       -2.0        7.0        2.0       -2.0       10.0       -7.0        1.0       10.0       -2.0        9.0        2.0       -1.0       -1.0       -7.0        1.0       -4.0       -6.0       -9.0 =    -1088.0
       1.0       -7.0        6.0       -6.0        9.0       -7.0       -1.0       -5.0        1.0     -296.0        6.0       -9.0       -1.0        3.0        8.0        8.0        7.0        9.0       -5.0        4.0       -2.0        8.0       -9.0        4.0       -7.0       -7.0        3.0       -9.0       -7.0       -9.0        7.0      -10.0        5.0        3.0        5.0       -1.0        3.0       -8.0       10.0        1.0       -4.0        7.0      -10.0       -9.0       -5.0        3.0        3.0       -6.0        7.0       -5.0        7.0        2.0 =     -915.0
      -3.0       -8.0       -5.0        7.0        0.0        7.0        2.0        2.0       -5.0       -8.0      272.0       -4.0       -8.0        4.0        1.0        0.0       -1.0        0.0        6.0        3.0       -7.0       -7.0        5.0        9.0        1.0        8.0        5.0       10.0        6.0       -6.0        4.0       -6.0        5.0       -2.0        1.0       -9.0        3.0        5.0        7.0        2.0       -9.0       -7.0        4.0      -10.0        5.0        5.0        5.0        7.0      -10.0      -10.0        5.0        4.0 =      285.0
       4.0        9.0        2.0        3.0        2.0       -1.0        6.0       -1.0       -7.0        2.0       -5.0     -244.0        0.0        4.0       -9.0        0.0       -8.0        1.0        1.0        7.0       -6.0        9.0        2.0       -1.0       -4.0        1.0        4.0       -1.0        7.0        0.0       -7.0        3.0        0.0        8.0       -9.0       -4.0      -10.0        2.0        9.0       -4.0       -8.0        4.0        9.0       -9.0       -8.0      -10.0        4.0       -4.0        1.0       -9.0       -4.0       -5.0 =     2466.0
       5.0        0.0        1.0       -4.0        5.0       -8.0       -6.0      -10.0       -6.0        3.0       -2.0        6.0     -300.0       -2.0       -9.0        9.0       -1.0        6.0       -3.0       10.0        9.0      -10.0       -7.0       -5.0        7.0       -7.0        0.0       10.0        1.0       -8.0       -7.0       -8.0       -8.0        0.0        9.0        0.0       -2.0       -6.0       -7.0        1.0        3.0      -10.0       -7.0        5.0        8.0       -8.0        9.0      -10.0        4.0        9.0        9.0        6.0 =    -2608.0
     -10.0       -4.0        3.0       -7.0        3.0       -6.0       -1.0       -9.0        5.0       -1.0        5.0        6.0        6.0     -209.0       -5.0        2.0       -3.0        8.0        1.0       -9.0       -1.0       -3.0       -3.0       -7.0       -3.0       -4.0       -7.0        2.0       -1.0        4.0       -1.0        7.0        3.0        6.0        2.0        2.0        2.0      -10.0        0.0       -4.0        4.0        6.0       -1.0        2.0       -4.0        4.0       -6.0        5.0        1.0       -1.0        5.0        1.0 =    -1800.0
      10.0       -5.0       -3.0       -7.0        7.0        9.0       -5.0       -5.0        1.0       -7.0        5.0        3.0       -4.0       -2.0     -269.0       -8.0        4.0        8.0       -4.0        2.0       -3.0        0.0        8.0       -5.0        4.0        6.0        4.0        5.0       -8.0        7.0        5.0        7.0        0.0      -10.0       -3.0       -4.0        4.0        7.0        3.0        6.0        7.0       -8.0       -7.0        5.0        0.0       -7.0       -7.0       -5.0       -7.0       -6.0       -4.0        0.0 =      276.0
       9.0       -3.0        4.0       -7.0       -2.0       -7.0        1.0        1.0        9.0        7.0       -9.0        0.0       -9.0        5.0       -8.0     -259.0        4.0       -8.0        7.0       -8.0       -1.0        1.0        6.0       10.0        6.0       -3.0        5.0        4.0        8.0       -4.0       -2.0        8.0       -3.0        5.0       -4.0       -5.0       -3.0       -1.0       -6.0        7.0       -6.0        0.0       -2.0        0.0        5.0      -10.0       -1.0        8.0       -2.0        8.0        2.0        8.0 =     1410.0
      -7.0        9.0       -5.0       -1.0       -3.0        4.0       -1.0       -2.0       -7.0        1.0       -2.0      -10.0       -8.0        5.0       -1.0        0.0      247.0        2.0      -10.0        5.0      -10.0        8.0       -4.0       -3.0       -2.0       10.0       -4.0        3.0       -2.0        9.0        5.0       -1.0        2.0       -3.0       -8.0        7.0       -1.0        4.0       -7.0       -8.0        9.0        4.0       -1.0        1.0       -4.0        1.0       -9.0        4.0        3.0        3.0       -6.0       -8.0 =    -1248.0
      -8.0        3.0       -8.0        9.0       -2.0        6.0        8.0       -9.0       -7.0       -8.0        7.0       -3.0       -7.0       -7.0        4.0        5.0        5.0     -289.0        7.0       -1.0        5.0       -9.0      -10.0        6.0       -7.0       -8.0       -6.0       -9.0        5.0        9.0        9.0      -10.0        2.0        1.0        7.0       -5.0       -1.0       -6.0        5.0        2.0        0.0        3.0        7.0        6.0        6.0        6.0       -2.0        2.0       -7.0        9.0        0.0        5.0 =     -280.0
       5.0       -4.0       -4.0       -2.0        9.0        5.0       -8.0        9.0       -1.0        1.0       -6.0       -1.0        6.0       -3.0       -1.0        2.0        9.0        2.0      234.0       -7.0       -2.0       -1.0       -8.0       -2.0        2.0       -3.0       10.0        3.0        6.0       -8.0        8.0       -3.0        3.0        9.0       -5.0       -1.0        4.0       -4.0        0.0        0.0       -8.0       -2.0        4.0       -5.0       -9.0        2.0        4.0      -10.0       -2.0       -1.0       10.0        6.0 =    -1452.0
      -1.0       -1.0        4.0        4.0        8.0       -5.0        4.0       -5.0       -3.0        7.0       -7.0       -7.0       -3.0        0.0      -10.0       10.0        4.0        2.0       10.0      240.0       -2.0       -2.0        5.0       -7.0        4.0        0.0       -4.0        2.0        9.0        5.0       -4.0       -2.0       -1.0        4.0        5.0      -10.0       -3.0        6.0        6.0        0.0       -5.0        9.0        0.0        6.0       -6.0       -3.0        6.0        2.0       -4.0        4.0       -6.0       -6.0 =    -1036.0
      -4.0        7.0        8.0       -2.0        0.0        1.0       -8.0        8.0        0.0        4.0       -3.0       -6.0        0.0      -10.0       -8.0        6.0       -8.0       10.0       -7.0       -7.0      277.0       -7.0       -9.0       10.0       -3.0        9.0        7.0        7.0        1.0      -10.0        6.0       -8.0        2.0       -5.0        4.0        9.0       -1.0       -8.0       -6.0       -4.0       -2.0        5.0        2.0       -5.0       -9.0        0.0        0.0       -8.0       -6.0       -3.0       10.0        2.0 =      952.0
      -7.0       -6.0        9.0       -3.0        5.0       -8.0        6.0       10.0        9.0       -9.0        0.0       -8.0        5.0       -3.0        4.0        2.0        1.0       -5.0       -4.0        0.0       -4.0      272.0       -9.0        7.0        2.0        5.0       -2.0       -8.0      -10.0        1.0        7.0        3.0       -7.0       -8.0      -10.0       -9.0       -9.0       -8.0        3.0       -4.0        6.0       -5.0        1.0       -9.0        0.0        6.0        7.0       -1.0       -3.0        0.0       -7.0       -5.0 =      400.0
       5.0        6.0        2.0       -1.0       -7.0       -1.0       -1.0        0.0       -5.0        6.0       -5.0       -8.0        5.0        9.0        4.0       -2.0       -5.0        5.0        2.0       -3.0       -6.0       -7.0     -241.0        1.0        3.0       -9.0        4.0       -8.0       10.0        1.0       -6.0        1.0       -8.0        1.0       -8.0        5.0       10.0        7.0        1.0        1.0        6.0        7.0       -3.0        2.0       -9.0        3.0        7.0        4.0       -4.0       -1.0        9.0        4.0 =    -1302.0
      -6.0       -8.0       10.0       -1.0        7.0        6.0        7.0        0.0        2.0       -6.0       -5.0       -3.0        4.0       -7.0        4.0       -6.0        2.0        6.0       -3.0       -7.0        2.0        8.0        7.0      260.0       -2.0        6.0       -4.0        6.0       -2.0        3.0        9.0        1.0        5.0        0.0       -7.0        1.0       -3.0        4.0       -3.0        9.0        5.0        2.0       -8.0        1.0       -6.0        9.0       -8.0       -8.0        8.0        1.0        9.0      -10.0 =    -1455.0
      10.0       -6.0        0.0        6.0        6.0        3.0        2.0       -4.0        9.0       -7.0        6.0       -3.0        6.0        7.0        5.0        5.0        6.0        9.0       -5.0       -9.0        3.0        9.0       -3.0        0.0     -268.0       -8.0       -9.0        0.0        1.0        7.0        4.0       -9.0        5.0       10.0       -7.0        6.0        5.0        0.0        1.0        9.0      -10.0        8.0       -7.0        1.0       -3.0        0.0        7.0        2.0        3.0       -7.0        0.0       -8.0 =      636.0
       6.0       -6.0        2.0        3.0        2.0       -5.0       -2.0       -5.0        8.0        6.0       -4.0       -3.0        9.0       -7.0       -1.0       -9.0        9.0        5.0       -7.0        2.0       -1.0       -1.0        0.0        5.0        0.0      251.0       -8.0       -5.0        8.0      -10.0        2.0        6.0        5.0       -2.0       -9.0       -1.0        7.0        7.0       -3.0        9.0       -2.0        8.0        8.0       -2.0        3.0        9.0        1.0       -3.0       -1.0        2.0        6.0        9.0 =     1806.0
       4.0       -9.0       -1.0       -1.0       -9.0        6.0       -6.0        9.0      -10.0        6.0        9.0       -5.0      -10.0       -8.0        6.0        4.0       -7.0       -1.0        6.0        5.0        3.0        0.0        4.0        1.0        5.0       -7.0      268.0       -3.0        8.0        3.0       -9.0        8.0        3.0        0.0       -8.0        8.0        1.0       -2.0       -7.0       10.0        6.0        3.0        3.0       -7.0       -1.0        4.0       -9.0       -2.0       -1.0        2.0       -4.0       -9.0 =     2072.0
     -10.0        9.0       -2.0       -6.0       -2.0       -2.0        8.0       -8.0       -4.0        0.0        3.0       10.0        5.0       -5.0        9.0       -2.0        6.0        8.0       -3.0       -3.0       -7.0       10.0        0.0        3.0        8.0       -9.0       -3.0      300.0        8.0        9.0      -10.0       -8.0        9.0        6.0       -8.0        5.0        2.0        9.0       -8.0        9.0        7.0       -7.0        8.0       -7.0        1.0        7.0        1.0       -5.0        9.0        4.0        1.0        6.0 =    -3249.0
      -3.0        3.0        3.0        2.0       -7.0       -2.0        8.0        6.0       -2.0       -6.0      -10.0        7.0       -4.0        4.0        5.0        1.0        1.0       -4.0       -6.0       -5.0        3.0        4.0       -5.0       -8.0        6.0        1.0       -5.0        0.0     -232.0       -3.0        9.0        1.0        8.0       -3.0       -5.0       -3.0        4.0       -1.0       -3.0        8.0       -6.0       -5.0       -7.0       -1.0        7.0       -4.0       -5.0       -1.0      -10.0       -8.0        2.0       -1.0 =      544.0
       8.0        3.0       10.0        8.0       -8.0        5.0       -5.0       -6.0        8.0       -9.0        0.0       -8.0        0.0        4.0        3.0       -7.0       -9.0        5.0       -5.0       -6.0        0.0       -5.0        2.0        3.0        7.0        8.0        1.0        0.0        5.0      269.0       -1.0       -9.0        7.0       -8.0        4.0       -4.0       -6.0       -9.0        8.0        9.0       -8.0       -5.0       -7.0        0.0       -1.0       -1.0       -7.0        1.0        6.0       -3.0        0.0      -10.0 =     -711.0
      -9.0       -7.0       -5.0       -2.0       -6.0       -4.0        5.0        9.0       -2.0        5.0       -9.0       -7.0        0.0        2.0       -5.0       -9.0        6.0       -6.0       -1.0        8.0        6.0       -5.0        9.0       -6.0        0.0       -7.0        2.0       -5.0        6.0       -4.0     -284.0       -4.0       -9.0        3.0       -9.0        6.0       -3.0       -8.0       -7.0       -9.0        9.0       -8.0        3.0        5.0       -7.0      -10.0        2.0       -3.0       -6.0       -1.0        6.0       -7.0 =     1146.0
      -2.0       -3.0       -6.0       -7.0       -2.0       -9.0        1.0       -3.0        6.0       -6.0        2.0        3.0       -3.0       -8.0       -1.0        8.0        7.0        7.0        9.0        7.0       -3.0        4.0        2.0        9.0        0.0        9.0        4.0       -8.0       -3.0        1.0        2.0      230.0       -5.0        1.0        2.0        7.0       -2.0       -5.0       -1.0        4.0        7.0        4.0        2.0        0.0       -6.0        0.0        7.0        1.0       -4.0        7.0        7.0        4.0 =     -554.0
       2.0        9.0       -9.0        3.0       -2.0       -3.0       -6.0       -8.0       -8.0        3.0       -6.0       -6.0        4.0        2.0       -7.0        1.0       10.0       -8.0        8.0       -8.0       -9.0        2.0        3.0       -1.0        5.0        8.0        0.0       -3.0       -2.0       -1.0       -9.0        6.0      282.0        7.0       -5.0       -6.0       -7.0       -8.0       -3.0        7.0        9.0       -7.0        6.0       -5.0       -3.0       -5.0        8.0        8.0       -8.0        2.0       -2.0        9.0 =     -996.0
       4.0       10.0      -10.0        2.0        5.0       -2.0       -3.0        2.0        1.0       -2.0        2.0       -2.0        2.0        2.0       -5.0       -3.0       -3.0      -10.0       -2.0        6.0        6.0       -2.0       -6.0       -5.0        2.0        1.0       10.0       -5.0       -2.0        2.0       -3.0        3.0        5.0     -216.0       -2.0        4.0       -5.0       -4.0       10.0       -6.0       -4.0        5.0       -4.0        2.0        4.0        2.0       -3.0        7.0        2.0        3.0      -10.0       -5.0 =     -660.0
       6.0        1.0        1.0        7.0       -9.0        6.0        9.0        2.0        1.0        1.0        2.0       -9.0        9.0        7.0       -4.0       -3.0       -6.0        6.0       -2.0       10.0       -7.0        0.0       -3.0       -1.0       -3.0        2.0        3.0        5.0        5.0        6.0        4.0        1.0        6.0        0.0     -216.0       -3.0        1.0        5.0       -7.0        3.0        3.0       -5.0       -4.0        9.0        6.0        1.0        0.0       -7.0        1.0       -9.0       -1.0       -1.0 =    -1539.0
      -8.0       -8.0        7.0        9.0        9.0        4.0       10.0       -7.0        5.0        2.0       -8.0       -5.0        4.0       -4.0       -1.0        3.0        7.0       -2.0        9.0       -2.0        6.0       -5.0       -2.0       10.0       -9.0        4.0       -1.0        6.0       -2.0        2.0        2.0       -3.0        1.0       -5.0        6.0      261.0        9.0       -2.0        8.0        4.0        9.0        7.0        5.0        2.0        3.0        0.0       -7.0        4.0        6.0       -5.0       -2.0       -1.0 =     -335.0
       4.0       -2.0        3.0       -2.0        0.0        4.0        1.0       -8.0        0.0       -5.0        6.0        1.0       -1.0       -8.0        9.0        5.0       -6.0       -3.0       -4.0        3.0       -2.0       -4.0       -4.0        7.0        4.0        4.0        9.0       -3.0        7.0        8.0       -5.0      -10.0       -1.0        3.0        8.0       10.0     -244.0        5.0        8.0       -9.0        4.0       -2.0        4.0       -1.0       -8.0       -1.0        0.0       -5.0        5.0        8.0        4.0        7.0 =     1182.0
      -8.0       -2.0        1.0        4.0       -1.0       -2.0       -1.0        8.0       -2.0        3.0        5.0        8.0        5.0       -8.0       -8.0        0.0       -4.0        4.0       -1.0        2.0       -7.0        1.0       -7.0        1.0       -6.0       -5.0       -1.0        0.0       -2.0       -2.0        1.0        1.0       -4.0       -6.0        0.0        5.0        5.0     -209.0        8.0       -5.0        1.0        8.0       -2.0        5.0        3.0       -6.0       -8.0      -10.0        2.0        3.0        6.0       -8.0 =     -235.0
      -7.0        8.0        1.0       -5.0        1.0        6.0       -6.0       -9.0       -2.0        4.0        2.0       -7.0        6.0        4.0        9.0       -9.0       -1.0        0.0        3.0       -1.0        4.0        4.0        3.0       -9.0        5.0        6.0      -10.0        9.0       -7.0       -6.0        0.0       -8.0        2.0        3.0        1.0       -1.0       -9.0        5.0     -267.0        5.0       -8.0       -6.0        0.0       -1.0       -3.0       -9.0       10.0       -4.0        9.0       -4.0        7.0      -10.0 =     1460.0
     -10.0        7.0      -10.0        7.0       -5.0       -6.0        1.0       10.0        2.0        4.0        8.0       -5.0        7.0       -6.0        2.0       -9.0       -4.0        3.0        8.0        9.0        6.0       -8.0       -6.0        5.0       -3.0       -8.0        1.0       -4.0       -7.0        8.0        3.0       -9.0        0.0        9.0        2.0        6.0        9.0       -4.0        8.0      304.0      -10.0        0.0       -6.0        9.0       -6.0       -5.0        9.0       -3.0       -1.0       -4.0        6.0      -10.0 =    -2432.0
       0.0      -10.0        4.0       -8.0        0.0        5.0       -6.0       -9.0       10.0        3.0        8.0       -7.0        8.0       -7.0       -3.0       -5.0       -9.0       -1.0       -3.0       -7.0       -1.0       -6.0       10.0        1.0       -8.0        8.0       -8.0        2.0        9.0       -5.0        7.0       -6.0        1.0        2.0        5.0        9.0       -7.0       -2.0       -5.0        4.0     -265.0       -3.0        0.0       -1.0       -6.0        1.0        0.0        8.0        4.0       -8.0       10.0        3.0 =     -568.0
      -3.0        3.0       -6.0        0.0       -5.0        6.0        2.0        0.0       -6.0       -9.0        9.0       -2.0       -3.0       -1.0        1.0       10.0       -9.0       -7.0       -5.0       -1.0        8.0        6.0        2.0       -2.0       -1.0        3.0        3.0       -7.0        8.0       -6.0        9.0        1.0       -9.0       -4.0       -8.0       -2.0        5.0       -7.0       -7.0       -1.0        7.0     -264.0       -9.0        2.0        9.0       -8.0        7.0        8.0       -4.0       -5.0        7.0       -4.0 =      578.0
      -6.0        6.0        7.0        4.0        9.0       -1.0      -10.0        4.0       -1.0        0.0        1.0        3.0       -2.0      -10.0        2.0        4.0        6.0       -8.0        0.0        2.0        2.0        2.0        7.0       -4.0        0.0        2.0        1.0       -3.0        3.0       -1.0        4.0        9.0       -1.0        0.0        8.0        0.0       -7.0        6.0        5.0       -1.0       -9.0       -7.0     -220.0        6.0       -8.0       -3.0       -5.0        8.0        3.0        2.0       -2.0        9.0 =    -1656.0
       4.0        6.0        0.0       -6.0        2.0        7.0        4.0        4.0        1.0        5.0        6.0       -1.0       -5.0        8.0        1.0       -3.0      -10.0       -9.0       -3.0        7.0        9.0        7.0       -6.0        6.0        7.0        2.0        0.0        4.0       10.0       -1.0        8.0        5.0       -9.0        9.0        4.0       -2.0       -3.0       -3.0        6.0        7.0       -6.0       -1.0       -3.0     -263.0        5.0       10.0        5.0       -5.0        7.0       -7.0       -8.0        4.0 =     -552.0
      -7.0       -1.0       -8.0        3.0       -6.0       -8.0       -6.0       -9.0        0.0        8.0        6.0       -5.0       -7.0      -10.0        2.0       -5.0        1.0        6.0       -6.0        7.0        4.0       -9.0       -2.0        3.0       -3.0       -2.0        0.0       -8.0        8.0        6.0       -7.0        9.0       -9.0        1.0        1.0       -5.0       -2.0        8.0        5.0        0.0       -7.0        0.0        3.0        7.0     -262.0        6.0        9.0        7.0        4.0        7.0        2.0       -5.0 =    -1656.0
      -1.0       -4.0        1.0        8.0       -3.0       -7.0        0.0       -1.0       10.0       -9.0       -1.0       -5.0        1.0        4.0       -5.0        6.0       -5.0       -9.0        7.0        3.0        8.0        6.0       -2.0        6.0       -1.0        2.0       -6.0        4.0        9.0        8.0        1.0        7.0       -2.0        6.0        9.0       -6.0       -9.0       -3.0        6.0        6.0        2.0        8.0       10.0        2.0       10.0     -254.0        0.0       -5.0        3.0       -5.0       -2.0        7.0 =     1295.0
       5.0       -7.0       -9.0       -3.0        6.0       -4.0       -5.0       -8.0        2.0        4.0       -5.0       -8.0       -7.0       -6.0        9.0       -2.0        1.0       -3.0       -7.0        9.0       -5.0        1.0        5.0        9.0        6.0        2.0        1.0        6.0       -8.0       10.0        2.0        3.0        7.0        3.0        6.0        7.0       -6.0       -4.0       -1.0        5.0        1.0       -3.0        4.0        5.0       10.0       -3.0     -259.0       -8.0        3.0        0.0       -8.0        0.0 =      741.0
       4.0       -4.0       -1.0        9.0        3.0        3.0        8.0        3.0        5.0        4.0       -7.0        6.0       -1.0       -1.0        4.0       -4.0       -5.0        5.0       -9.0        7.0       -6.0        6.0        7.0        3.0       -9.0        2.0       -6.0        8.0       -8.0       -9.0        0.0       -6.0        0.0       -3.0        4.0       -4.0       -6.0       -1.0       -8.0       10.0       -2.0        7.0       -8.0       -7.0       -1.0        1.0        4.0     -257.0      -10.0        1.0       -8.0        7.0 =      540.0
      -2.0        3.0       -9.0       -8.0       -7.0        7.0      -10.0       -5.0        2.0       10.0       -8.0       -4.0        9.0        0.0       -3.0      -10.0       -1.0       -8.0       -6.0        2.0       -2.0       -3.0       -1.0       -6.0       -4.0        5.0        2.0       -3.0       -3.0        3.0        7.0        3.0       -6.0        0.0        2.0        0.0       -5.0        6.0       -9.0        9.0       -3.0       -6.0       -3.0        5.0       -5.0        5.0        2.0        3.0      243.0        5.0       -3.0        5.0 =     1755.0
      -7.0       -2.0        5.0        9.0        5.0        3.0        4.0       -2.0        3.0        3.0       -7.0        2.0       -3.0        1.0        9.0       -5.0       -3.0        5.0        0.0        5.0       -9.0        5.0       -2.0       -8.0        6.0       -1.0        4.0        5.0        6.0       -8.0        8.0        6.0       -5.0       -5.0       -7.0        2.0       -6.0        2.0        9.0        5.0       -9.0        7.0        9.0        2.0       -2.0        4.0       -3.0        0.0       -7.0     -243.0       -1.0        4.0 =     1863.0
       9.0        3.0        0.0       -7.0        6.0        5.0        0.0       -6.0       -4.0        8.0        6.0       -8.0      -10.0        4.0        5.0       -5.0        0.0        6.0       -8.0       -3.0        8.0       -7.0       -3.0       -9.0       -4.0       -1.0        2.0        1.0       -4.0        0.0        4.0       -9.0        8.0        7.0        3.0       -7.0        7.0        4.0        6.0       -1.0       -8.0        2.0       -9.0        2.0       -7.0        7.0       -1.0       -7.0        6.0       -5.0     -270.0       10.0 =     -822.0
      -3.0       10.0        7.0       -6.0       -7.0       -2.0       -6.0       -5.0        5.0        1.0        4.0       -9.0        0.0       -1.0        3.0      -10.0        0.0        9.0        5.0        0.0       -2.0        3.0       -6.0        7.0       -8.0       -6.0        1.0        7.0        3.0        5.0        3.0        2.0        0.0       -4.0        1.0        7.0       -1.0       -4.0        0.0       -8.0       -7.0        6.0        4.0      -10.0       -8.0       -7.0        9.0       -1.0        7.0       -9.0        0.0     -246.0 =        0.0

       7.0        8.0      -10.0        2.0        9.0        4.0       -8.0       -7.0        4.0        3.0        1.0       -9.0        8.0        8.0       -1.0       -6.0       -6.0        1.0       -6.0       -4.0        4.0        2.0        6.0       -5.0       -3.0        6.0        8.0       -9.0       -2.0       -3.0       -3.0       -2.0       -4.0        3.0        9.0       -1.0       -6.0        1.0       -5.0       -8.0        2.0       -2.0        9.0        3.0        6.0       -7.0       -3.0       -2.0        9.0       -9.0        3.0        0.0
