52
    -268.0       10.0        9.0        3.0       -4.0       -2.0       -1.0        7.0       -1.0      -10.0       -4.0       -7.0        1.0        7.0       -5.0       -8.0        9.0        1.0       -9.0        7.0        4.0       -5.0        6.0        4.0        1.0      -10.0        1.0       -3.0        0.0       -9.0       -1.0        8.0        6.0       -6.0        2.0        3.0        9.0       -7.0        7.0        9.0       -5.0        6.0       -8.0       -2.0        7.0        2.0        2.0        2.0       -6.0       -7.0       -3.0       -7.0 =    -1590.0
       9.0      223.0       -1.0        1.0        0.0        2.0        6.0        6.0        7.0        8.0        0.0       -2.0        0.0        9.0        9.0        4.0        2.0       10.0        2.0       -2.0       -2.0      -10.0      -10.0       -3.0       -1.0        6.0        1.0       -7.0        4.0       10.0        8.0        5.0       -1.0       -1.0        2.0       -6.0       -9.0        4.0       -6.0      -10.0        1.0       -3.0        1.0       -7.0        0.0        1.0        2.0       -1.0        2.0       -8.0        5.0       -4.0 =     2560.0
      -3.0      -10.0     -274.0       -5.0       -5.0       -4.0        5.0        6.0       -5.0       10.0       -7.0       10.0       -4.0       -3.0       -4.0        0.0        8.0       -3.0        2.0        0.0       -3.0       -3.0       -7.0        2.0       -4.0        8.0        9.0        1.0       -8.0      -10.0        6.0        5.0       -3.0        1.0        1.0       -4.0        3.0       -4.0       10.0       -1.0        7.0        4.0        8.0       -5.0       -6.0      -10.0        6.0        6.0        5.0       -8.0        9.0       -4.0 =     1100.0
      -2.0       -4.0       -1.0      257.0        9.0        7.0        6.0       -4.0       -7.0       -7.0       10.0       -9.0       -4.0       -9.0        2.0       -2.0       -4.0        2.0       -7.0        1.0        9.0        2.0        1.0        7.0       -7.0        3.0       -5.0        1.0       -8.0       -1.0        8.0        5.0       -9.0        3.0       -2.0        6.0       -5.0        0.0       -9.0      -10.0       -6.0        5.0        0.0       -8.0        7.0        0.0        3.0       -9.0       -6.0       -3.0        0.0        9.0 =     -860.0
       8.0        5.0       -5.0       -9.0      248.0        2.0        4.0        0.0       -9.0        6.0        9.0        7.0       -1.0      -10.0        3.0        7.0       -2.0       -5.0        3.0        3.0        9.0       10.0        3.0        7.0        0.0        5.0        9.0       -2.0        2.0       -3.0       -4.0        3.0        5.0        0.0        6.0        4.0        3.0       -6.0        2.0       -2.0       10.0        0.0       -5.0        2.0        5.0       -9.0       -7.0        3.0        8.0       -9.0        4.0        2.0 =     1595.0
      -3.0        4.0        7.0      -10.0        2.0      288.0        8.0       -2.0        9.0       -8.0        5.0        5.0        9.0        0.0       -1.0       -5.0        5.0       -2.0        8.0       10.0       -6.0       -3.0        7.0        0.0        5.0       -2.0       -6.0       10.0       -7.0       -2.0       -8.0       -3.0       -7.0        3.0        9.0       -2.0        7.0       -6.0       -5.0        7.0        8.0      -10.0       -5.0       10.0      -10.0       -7.0       -3.0       -5.0       -3.0       -2.0       -1.0        8.0 =    -1500.0
       8.0        2.0       -6.0       -9.0       -5.0       10.0     -271.0        6.0        8.0       -3.0        5.0        7.0       10.0        1.0       -7.0        6.0        8.0       10.0        6.0        1.0        5.0        6.0       -9.0       -3.0       -9.0        3.0       -5.0        6.0       -4.0       -4.0        7.0       -1.0        1.0        0.0        2.0        9.0       -2.0       -7.0        5.0       -9.0       10.0       -3.0        3.0       -8.0       -4.0        8.0       -2.0       -7.0       -3.0        6.0        0.0        0.0 =     1110.0
       9.0       -5.0       -3.0       10.0        7.0        5.0        8.0     -278.0       -6.0        4.0       -9.0       -3.0        2.0       -6.0       -5.0       -1.0       -3.0        5.0       -7.0       -5.0        9.0       -4.0       -6.0        2.0        7.0       -4.0       -1.0       -3.0       10.0       -5.0      -10.0       -9.0       -1.0       10.0        8.0       -8.0       10.0       -9.0       -4.0       -4.0       -2.0        0.0       -9.0        9.0        2.0       -5.0        2.0        2.0       -7.0        5.0       -5.0        0.0 =      903.0
       7.0       -6.0       -4.0        1.0       -8.0        3.0       -6.0        3.0     -235.0       -6.0       -2.0        4.0       -7.0        1.0        8.0        1.0        4.0        3.0       -9.0        3.0       -7.0      -10.0        8.0       -4.0       -2.0        2.0        2.0        4.0       10.0       -6.0        0.0        8.0        6.0        4.0        0.0        6.0        6.0       -6.0       -4.0        0.0       -2.0       -8.0       -9.0        2.0       -1.0       -1.0       -9.0       -1.0        1.0        9.0       -3.0       -5.0 =     -255.0
      -3.0       -7.0        4.0       -5.0        2.0       -4.0       -7.0        4.0       -9.0     -269.0        3.0       -2.0       10.0        4.0       -8.0       10.0        6.0       -8.0        1.0       -7.0       -6.0       -5.0       -5.0       -2.0       -8.0       -1.0       -8.0        7.0        9.0        5.0       10.0        4.0        6.0        1.0       -5.0       -4.0        3.0        7.0        2.0       -3.0        2.0       -3.0       10.0        1.0        1.0        9.0       -2.0        8.0        8.0       -4.0        7.0        5.0 =    -1180.0
       1.0       -3.0        9.0       -8.0        4.0        5.0        9.0       -4.0       -8.0        2.0     -282.0       -9.0       -2.0       -3.0        3.0        7.0        6.0       -8.0        7.0       -7.0        6.0        8.0        3.0      -10.0       -3.0        1.0        5.0       -9.0       -6.0       -5.0       -3.0      -10.0        3.0        0.0        8.0       -9.0        7.0        8.0        2.0        3.0        2.0        2.0       -6.0        5.0        9.0        8.0       -3.0        0.0        2.0       -8.0        9.0       -8.0 =     2430.0
       5.0        1.0       -9.0        3.0       -1.0       -1.0        6.0        5.0        4.0        6.0        8.0      241.0        3.0        1.0        3.0        4.0        3.0      -10.0        8.0        1.0       -8.0       -1.0       -6.0        6.0        5.0       -4.0        9.0       -4.0        8.0        0.0       -7.0        1.0       -3.0       -8.0        9.0       -2.0       -5.0        6.0        0.0        7.0        4.0       10.0        3.0       -6.0       -7.0        4.0        2.0       -2.0       -5.0       -5.0        5.0        0.0 =     2583.0
       0.0        5.0       -6.0        7.0        0.0       -6.0      -10.0        9.0        8.0       -8.0        9.0        9.0      293.0        4.0        7.0       -2.0      -10.0       -9.0       -6.0        1.0       -8.0        7.0        5.0       -2.0       -8.0       -2.0       -1.0       -4.0       -5.0        8.0       -2.0        1.0       10.0        8.0        5.0        0.0        8.0        4.0        7.0       -9.0        4.0       -7.0       -9.0        0.0        7.0       -5.0        4.0        3.0       -3.0      -10.0        7.0        9.0 =    -1585.0
       8.0      -10.0       -9.0       -5.0        1.0        7.0       -7.0       -7.0        2.0       -8.0       -5.0        2.0        8.0     -249.0        0.0        5.0        4.0        1.0      -10.0       -6.0        9.0        3.0       -8.0       -2.0        3.0        0.0        2.0        3.0       -7.0        4.0        1.0        2.0       -6.0      -10.0       -6.0        4.0        7.0        0.0        5.0        3.0       -3.0       -9.0       -1.0        5.0       -6.0       -2.0        2.0       -6.0       -6.0       -9.0        5.0        4.0 =     1485.0
      -4.0        2.0       -9.0       -3.0       -2.0       -3.0        3.0       10.0        4.0        1.0        7.0       -6.0        3.0        6.0     -279.0       -9.0        8.0       -8.0       -3.0        1.0        4.0       -3.0       -6.0       -4.0       -1.0        7.0       -9.0        7.0        3.0       10.0       -8.0        7.0        8.0       -4.0       -4.0       -8.0       -2.0        4.0       -7.0       -6.0       -1.0        1.0       -8.0        8.0        7.0       -9.0        9.0        3.0       -8.0       -3.0       -8.0        1.0 =     1806.0
      -8.0        2.0        6.0        6.0        6.0       -8.0       -1.0        3.0        0.0       -4.0        7.0        2.0       -4.0       -1.0       -5.0     -245.0       -4.0       -5.0        2.0        6.0        0.0       -7.0        1.0        6.0        9.0        6.0        9.0       -1.0        2.0        2.0        3.0       -6.0        4.0        4.0       10.0        7.0        7.0        5.0       -5.0       -2.0       -8.0       -4.0        3.0        7.0        9.0        5.0       -9.0       -2.0       -5.0        0.0       -2.0       -5.0 =     1212.0
      10.0       -9.0        3.0        5.0        4.0       -8.0        9.0       -5.0       -4.0        7.0       -9.0        6.0       -3.0      -10.0       -7.0       -5.0      261.0        9.0       -4.0        3.0       -3.0        3.0        8.0       -1.0        4.0       -2.0       -7.0       -2.0       -8.0       -6.0        7.0        8.0       -5.0       -2.0        2.0       -1.0       -1.0       -2.0       -7.0       -5.0       -8.0        6.0       -9.0       -2.0       -4.0        5.0        5.0       -4.0        2.0        3.0       -5.0       -2.0 =     -660.0
      -4.0       -5.0        3.0       -1.0        9.0        9.0        0.0       -9.0       -9.0        7.0        9.0        3.0       -7.0        1.0        0.0        0.0       -5.0     -261.0        1.0        4.0       -4.0        5.0       -4.0        7.0       -2.0        4.0        5.0       -3.0       -5.0        3.0       -9.0       -6.0        5.0        0.0       -7.0       -5.0       -3.0       -1.0       -6.0        4.0        9.0       -7.0       10.0       -9.0       -4.0       -8.0        0.0       -8.0       -8.0       10.0        3.0       -8.0 =    -2970.0
       3.0        8.0        7.0        9.0        5.0        2.0        2.0        4.0       -8.0       -2.0        7.0        1.0       -6.0        3.0        3.0        7.0       -2.0       -3.0     -255.0        4.0       -5.0       -5.0       -2.0        5.0        0.0       -2.0       -5.0        6.0        6.0       -6.0        7.0        1.0      -10.0        8.0        2.0       -8.0        5.0       -6.0        4.0       -4.0        2.0       -1.0       -8.0       -3.0      -10.0        8.0       -8.0        1.0        9.0       -8.0       -1.0        7.0 =      464.0
      -2.0        8.0       -2.0       -5.0       -8.0        7.0       -4.0        3.0        4.0        9.0        7.0       -5.0       -3.0        8.0        2.0       -2.0       -1.0       -2.0        0.0     -251.0        6.0        1.0      -10.0       -8.0       -8.0       -6.0       -1.0       -7.0       -6.0        6.0        2.0       -7.0        6.0        3.0       10.0        9.0       -6.0        3.0        9.0       -6.0        4.0        4.0       -3.0        4.0       -1.0       -8.0        3.0        4.0        2.0        3.0       -7.0       -2.0 =    -2196.0
     -10.0       -1.0       -3.0        1.0       10.0        5.0       -9.0        5.0       -1.0        8.0        3.0       -3.0       -2.0       -3.0       -9.0       -6.0       -5.0       -2.0       -7.0        0.0     -242.0        7.0        4.0       -3.0        6.0       -6.0       -9.0        2.0       -2.0        3.0       -3.0       -1.0       -9.0        6.0       -4.0       -7.0        1.0       -1.0       -7.0       -3.0        7.0        1.0        8.0        8.0       -3.0        5.0       -9.0        5.0       -2.0       -7.0       -1.0        8.0 =      831.0
      -3.0        6.0       -7.0        1.0        8.0       -3.0       -5.0        2.0        4.0       -8.0        0.0        5.0        3.0       -3.0       -7.0        4.0       -6.0       -1.0        5.0        8.0        9.0     -261.0        4.0       -8.0        9.0        4.0       -7.0       -4.0       -8.0       -3.0       -2.0       -7.0        2.0        7.0        1.0       10.0        9.0       -9.0       -8.0       -1.0        3.0       -6.0       -4.0       -9.0       -7.0       -1.0       -7.0        4.0        6.0       -7.0       -1.0       -3.0 =     1460.0
      -1.0       -7.0       -6.0       -9.0       -3.0        2.0        3.0       -8.0        7.0       -8.0        3.0        0.0        2.0       -9.0       -8.0        9.0       10.0       10.0        6.0       -5.0       -3.0       -8.0     -265.0        8.0        5.0        0.0        7.0        2.0        1.0       -2.0       -6.0        4.0        4.0        2.0        8.0       10.0       -1.0       -9.0       -3.0        8.0       -5.0       -2.0       -1.0       -8.0        8.0        9.0       -2.0        2.0       -6.0        8.0        1.0       -5.0 =     1004.0
     -10.0        5.0        5.0        6.0        7.0       -8.0        1.0        8.0      -10.0        6.0       -3.0       -9.0        8.0       -3.0       -5.0        2.0       -5.0       -4.0       -9.0        4.0        2.0        3.0       -8.0     -263.0       -8.0       -9.0       -5.0       -7.0       -8.0        6.0        1.0        3.0       -7.0        5.0       -4.0        4.0        2.0       -4.0       -9.0        0.0       -6.0       -9.0        4.0        0.0        4.0        9.0        0.0       -4.0        0.0       -2.0        5.0       -7.0 =    -1956.0
      -3.0        2.0        8.0        5.0       -8.0        4.0        3.0       -8.0        1.0       -7.0        4.0        0.0        3.0        0.0        8.0        1.0       -1.0      -10.0        9.0       -6.0       -1.0        7.0        6.0       -9.0     -249.0        2.0       -1.0        2.0        0.0       -5.0        7.0        7.0        6.0       -5.0        2.0       -1.0       -2.0       -5.0       -5.0        0.0        7.0       -4.0        5.0       -8.0      -10.0        1.0        2.0       -8.0        9.0        9.0       -9.0       -9.0 =     1524.0
       3.0        9.0       -3.0       -5.0        8.0        5.0       -6.0       -3.0       -3.0       -2.0       -5.0       -5.0       -9.0       -6.0       -7.0       -5.0        2.0        8.0       -2.0       -4.0       -3.0        0.0        2.0        1.0       -2.0     -262.0        9.0        6.0        7.0       -1.0       -6.0       -5.0        8.0        6.0       -8.0       -9.0        6.0        0.0        8.0       -4.0       -6.0        9.0       -3.0        2.0        1.0        7.0       -7.0        6.0        8.0        2.0       -7.0       -8.0 =     1911.0
      -7.0        7.0        8.0        1.0       -7.0       -9.0       -4.0        6.0        1.0        3.0        9.0        1.0       -9.0        5.0        4.0       -2.0       -7.0        4.0       -4.0        6.0       -5.0        7.0        5.0       -5.0        8.0       -5.0     -268.0        8.0       -4.0       -4.0       -1.0       -9.0        8.0       -7.0       -2.0        0.0        1.0       -2.0       -1.0       -8.0       -3.0        4.0       -6.0        9.0        3.0       -6.0       10.0       -1.0        9.0       -6.0       -3.0       -8.0 =      552.0
       2.0        9.0        3.0        5.0       -4.0       -8.0       -4.0        9.0        7.0        7.0       -8.0        9.0        9.0        1.0       -1.0        9.0       -7.0       -2.0       -5.0       -6.0       -3.0       -5.0       -8.0        4.0        1.0       -7.0       -7.0      269.0        0.0       -1.0       -1.0        3.0        7.0       10.0       -4.0        9.0        7.0        8.0       -5.0       -7.0       -2.0       -5.0       -2.0        5.0        4.0        9.0       -4.0        5.0        6.0        2.0        7.0        3.0 =     2907.0
       7.0       -8.0       -1.0        5.0        8.0        4.0        0.0        8.0       10.0        7.0       -2.0       -2.0        4.0      -10.0       -3.0       -4.0       -8.0        3.0       -3.0        4.0        2.0       -3.0       10.0      -10.0       -3.0        5.0        7.0       -9.0      288.0        5.0       -1.0       -9.0       -7.0        5.0       10.0       -9.0        4.0       -8.0        1.0        2.0       -1.0       -4.0       -1.0       -8.0        6.0        4.0       -7.0        8.0        4.0       -6.0        9.0       10.0 =      939.0
      -1.0       -7.0        7.0       -8.0       -6.0       -7.0        3.0       -6.0        6.0        1.0        8.0       -2.0       -6.0       -7.0        2.0       10.0       -6.0        2.0       -4.0       -9.0       -6.0        8.0        8.0       -5.0       -2.0       -1.0       -8.0        4.0        5.0      266.0       -1.0        2.0       10.0       -1.0       -7.0        2.0        7.0       -3.0       -3.0       -1.0       -9.0        6.0        3.0        2.0       -6.0        5.0       -7.0       -6.0       -4.0       -7.0        8.0       -8.0 =      221.0
       5.0        1.0       -5.0        3.0       -3.0       -5.0       -8.0        3.0        6.0       -4.0       -4.0        0.0       -5.0        5.0        6.0       -5.0        0.0        3.0       -9.0       -2.0        2.0       -3.0        5.0       -7.0        6.0       -9.0        1.0       10.0        4.0        2.0     -239.0        7.0       -9.0       -2.0       -7.0       -4.0       -3.0        1.0        1.0       -9.0       -2.0       10.0        8.0       -7.0       -8.0        1.0       -2.0        4.0        2.0        1.0        5.0        7.0 =    -1512.0
       9.0        6.0      -10.0       -2.0       -9.0       -3.0       -8.0        9.0        4.0        0.0       -4.0        0.0        6.0        0.0       -7.0       -9.0        1.0        2.0        9.0       -7.0        9.0       -4.0       -2.0        7.0        3.0       -3.0       -7.0       -3.0       -6.0        6.0        8.0      243.0        7.0       -4.0       -3.0       -3.0       -2.0       -5.0        0.0        1.0       -9.0       -4.0        8.0       -4.0       -6.0       -3.0        1.0       -2.0       -8.0        4.0       -1.0        2.0 =      207.0
       1.0       -8.0        7.0       -6.0        0.0        3.0       -6.0        8.0        3.0        8.0       -5.0        1.0        5.0        3.0       -2.0        4.0       -2.0        0.0        6.0       -4.0        0.0       -8.0        2.0      -10.0        3.0        1.0        6.0       -4.0        6.0       -3.0        1.0        1.0      237.0        5.0       -4.0        1.0        6.0       -5.0       10.0        3.0       -5.0       -7.0        3.0        9.0        3.0       -9.0       -4.0       -9.0        8.0        0.0        4.0        6.0 =     2104.0
     -10.0        0.0       -6.0      -10.0        5.0        5.0        7.0        3.0       -7.0       -4.0        8.0        2.0        3.0       -4.0        8.0        0.0        5.0       -6.0        4.0       -9.0        6.0        3.0       -1.0        2.0       -2.0        9.0        9.0        5.0        7.0        5.0        4.0       -8.0        0.0     -247.0       -6.0       -7.0        4.0       -1.0        4.0        4.0        4.0       -4.0       -3.0       -7.0       -2.0       -7.0       -7.0       -3.0       -1.0       -2.0        6.0        1.0 =     1687.0
      -2.0       -1.0        9.0        1.0       -2.0        4.0        1.0       -5.0        5.0        4.0        5.0        3.0       -4.0        3.0        9.0        7.0        7.0        4.0        3.0        0.0       -2.0       -5.0        3.0        1.0       -3.0       -9.0       -4.0       -1.0       -1.0       -4.0       -9.0       -2.0       -4.0        6.0      237.0        4.0       -3.0        2.0       -8.0       -7.0        4.0       -9.0       -8.0        2.0       -5.0        9.0       -8.0        4.0        9.0        8.0        8.0       -1.0 =    -1785.0
      -8.0       -7.0       -7.0       -8.0       -1.0        5.0        9.0        4.0        6.0        8.0       -6.0       -1.0        2.0        4.0       -7.0        7.0        1.0        0.0        9.0       -7.0        2.0        8.0       -1.0       -2.0       -5.0        6.0       -3.0       -2.0       -2.0        3.0       -4.0        5.0        3.0        2.0        0.0      227.0       -5.0        1.0        5.0       -1.0       -1.0      -10.0        4.0        3.0       -3.0        1.0       -2.0        4.0        3.0        9.0       -5.0       -6.0 =     1422.0
      -9.0      -10.0       -4.0       -6.0        0.0       -4.0       -8.0       -1.0        2.0        0.0      -10.0       -8.0        7.0        6.0        4.0       -7.0        2.0        1.0        6.0        5.0       -3.0        8.0       -1.0       -2.0       -7.0        2.0       -2.0        2.0       -6.0       -6.0       -5.0        8.0        3.0        2.0       -3.0        4.0      261.0       -5.0        4.0       -8.0       -4.0       -2.0       10.0        9.0        2.0       -7.0        7.0        8.0        8.0        2.0        7.0        6.0 =    -2322.0
      -2.0        9.0        1.0        2.0       -5.0       -6.0       -3.0        8.0        8.0       -7.0       10.0        9.0        4.0        2.0        1.0       10.0        2.0        7.0       -6.0       -7.0        7.0        8.0        1.0        6.0       -7.0        9.0        2.0       -2.0        2.0        3.0       10.0        2.0        7.0       -4.0       -7.0        3.0        1.0     -262.0       -8.0        1.0        2.0       -2.0       -3.0       -5.0        6.0        6.0        6.0        0.0        6.0       -4.0       -6.0       -9.0 =    -1358.0
      -3.0        3.0        8.0        6.0        5.0       -1.0        8.0        9.0        7.0       -9.0        6.0        9.0       -5.0        6.0        8.0       -3.0       10.0      -10.0       -5.0       -4.0        5.0        7.0       -1.0        7.0       -2.0        3.0       -4.0        4.0        1.0        0.0        7.0       -5.0       -6.0       -6.0       -7.0       -6.0        5.0        8.0     -288.0       -3.0       -3.0       -7.0       -7.0        7.0        8.0       -8.0        5.0        7.0        8.0        1.0       -2.0        3.0 =      672.0
      -7.0        2.0       -8.0       -3.0        1.0        8.0       -7.0       -5.0       -2.0        4.0        7.0        7.0       10.0        0.0       -5.0        9.0       -5.0        5.0        3.0       -3.0       -2.0       -1.0       -7.0       -3.0       -2.0        8.0        3.0        2.0       10.0        8.0       -1.0        5.0        8.0       -4.0      -10.0       -3.0       -3.0        7.0        2.0     -250.0        8.0        0.0       -5.0        3.0       -9.0        4.0        1.0        5.0       -5.0       -9.0       -3.0        6.0 =     1130.0
      -9.0        4.0       -2.0        2.0       -5.0       -1.0       -7.0        5.0       -8.0       -6.0        4.0        4.0       -3.0       -1.0       -4.0        5.0       -9.0        5.0       -5.0       -9.0       10.0        6.0       -7.0        4.0        2.0       -3.0       -8.0        2.0        6.0        0.0       -1.0       -9.0       -4.0        3.0        9.0       -7.0        0.0       -3.0        9.0        1.0      239.0        2.0        8.0       10.0        3.0       -2.0       -1.0       -4.0        1.0        6.0        0.0        3.0 =    -2350.0
       0.0       -9.0        4.0        0.0       -4.0       -5.0       10.0       -5.0        5.0       -4.0        7.0       -6.0        8.0       -6.0       -2.0        2.0       -7.0       -7.0        3.0       -9.0        2.0       -9.0        1.0        0.0        2.0        4.0        3.0        0.0        4.0        4.0       -4.0        9.0       -9.0        7.0       -1.0       -9.0        3.0        4.0       -3.0        5.0        0.0     -238.0       -1.0       -2.0        1.0       10.0       -6.0        2.0        4.0        9.0       -5.0        9.0 =      458.0
       4.0       -4.0        1.0        0.0        0.0       -4.0        0.0        6.0       -2.0        7.0       10.0       -8.0       -8.0      -10.0       10.0        0.0        9.0       -8.0        1.0       -1.0       -9.0        1.0        0.0       -2.0       -7.0        1.0        3.0        0.0        0.0       -4.0      -10.0        9.0        1.0       -4.0       -7.0        7.0        4.0       -4.0       -6.0        7.0       -3.0        1.0      247.0        7.0        6.0       -9.0        8.0       -8.0       -8.0       -5.0       -6.0       -3.0 =      210.0
      -7.0      -10.0        4.0        9.0       -7.0        9.0        6.0        3.0       -5.0       -6.0        9.0        4.0       -8.0      -10.0       -5.0       -9.0        8.0       -3.0       -3.0       -5.0        5.0        7.0        9.0        4.0       -2.0       -6.0       -4.0        7.0        4.0       -7.0        9.0      -10.0        4.0        3.0        0.0       -4.0        2.0       -2.0       -2.0       10.0       -4.0        7.0       -3.0      286.0        8.0        6.0       -3.0        0.0        3.0       -6.0        6.0       -7.0 =      882.0
      -6.0       -6.0        8.0        8.0       -8.0       -7.0       -3.0        7.0       -9.0       10.0       -5.0      -10.0       -8.0       -8.0        3.0       -7.0        1.0       -7.0        3.0        6.0        2.0       -8.0       -8.0        2.0        9.0        5.0       -7.0        2.0       10.0       -3.0        0.0        7.0       -8.0        0.0       -1.0        2.0        2.0        2.0        5.0       -2.0        3.0        2.0       -2.0        4.0      269.0        4.0        7.0        6.0       10.0       -7.0        2.0        6.0 =    -1939.0
      -8.0       -4.0        6.0        4.0        2.0       -9.0       -6.0       -4.0        1.0       -5.0        6.0       -6.0        2.0        9.0       10.0        3.0       -5.0        9.0       10.0        0.0        3.0       -4.0      -10.0        6.0       -8.0       -8.0        7.0        6.0        2.0       -2.0       -2.0       -2.0       -5.0       10.0       -3.0        9.0        9.0        8.0        1.0        1.0       -2.0        4.0       -5.0       -4.0        7.0     -271.0        0.0        1.0        7.0        9.0       -4.0        4.0 =     1989.0
      -6.0       -5.0       -9.0        1.0        5.0       10.0       -2.0       -2.0        7.0        1.0        0.0       -2.0       -1.0        3.0        7.0       -1.0        6.0       -1.0       10.0        9.0       -8.0       -6.0       -9.0      -10.0        8.0       -4.0       -9.0       -7.0        1.0        3.0        5.0        3.0        2.0       -9.0       -1.0        8.0        1.0        0.0       -3.0        8.0        2.0        3.0       -9.0       -6.0        9.0       -6.0     -262.0        1.0       -8.0       -6.0        4.0       -7.0 =    -1974.0
      -5.0        4.0       -1.0       10.0       -4.0        2.0        7.0       -6.0       -3.0       -7.0       -4.0        2.0        7.0       -8.0       -6.0        6.0       -4.0       -5.0        7.0       -4.0       -7.0       -9.0       -3.0        0.0       -5.0       -8.0        6.0       -5.0       -2.0       -2.0        5.0        4.0        2.0       -8.0       10.0        4.0       -2.0       -1.0        6.0        8.0        5.0        1.0       -3.0       -7.0        4.0       -5.0        9.0     -251.0        2.0        1.0       -9.0       -4.0 =     1380.0
      -2.0        7.0        8.0        9.0        4.0       -9.0        5.0        6.0        3.0       -2.0       -4.0        0.0        0.0       -6.0        3.0        7.0        5.0        6.0        7.0       -9.0       -7.0        4.0        9.0        8.0        7.0        6.0       -3.0        2.0       -1.0       -4.0       -6.0        0.0        3.0        0.0       -1.0        1.0        3.0        8.0       -7.0        8.0       -3.0        3.0        0.0       -9.0        4.0      -10.0        1.0       -8.0     -245.0        2.0       10.0       -3.0 =      380.0
       0.0        4.0       -8.0       -5.0       -1.0       -4.0        6.0       -4.0       -4.0        5.0       10.0       -1.0       -7.0       -9.0        5.0        9.0       -1.0        7.0        8.0       -7.0        0.0       -8.0       -7.0        2.0        3.0        4.0        5.0       -2.0        3.0        1.0        6.0       -8.0       -4.0       -4.0        0.0      -10.0        8.0       -8.0       -1.0        7.0        2.0        1.0        1.0        8.0        9.0       -8.0       -7.0       -5.0      -10.0      267.0        4.0       10.0 =      524.0
      -9.0       -9.0        4.0       -6.0        5.0       -6.0       -1.0        9.0       -1.0        0.0       -6.0        0.0        1.0       -7.0      -10.0        7.0       -1.0        4.0       -8.0       -7.0      -10.0        4.0        7.0       -5.0       -5.0        8.0       -5.0      -10.0       10.0        1.0       -9.0       -5.0        2.0        0.0        8.0        2.0        3.0       -3.0        7.0       -6.0       10.0        3.0        0.0        7.0        6.0       -6.0        7.0        0.0        3.0        1.0     -267.0       -8.0 =    -1164.0
      -2.0        7.0       -3.0       -4.0        5.0        6.0        9.0        8.0        8.0       -2.0       -8.0        9.0        4.0       -4.0        9.0        8.0        4.0       -6.0        6.0       -8.0       -9.0      -10.0        5.0        5.0        8.0        5.0        6.0        4.0       -8.0        0.0        9.0      -10.0        3.0       -7.0        4.0        9.0        7.0       -2.0        4.0        6.0        3.0       -5.0        6.0        8.0        9.0       -6.0       -6.0        6.0        7.0       -2.0       -7.0     -315.0 =     1589.0

       6.0       10.0       -4.0       -4.0        5.0       -5.0       -5.0       -3.0        1.0        5.0       -9.0        9.0       -5.0       -5.0       -6.0       -6.0       -3.0       10.0       -2.0        9.0       -3.0       -5.0       -4.0        6.0       -6.0       -7.0       -2.0        9.0        3.0        1.0        6.0        1.0        8.0       -7.0       -7.0        6.0       -9.0        7.0       -3.0       -5.0      -10.0       -2.0        1.0        3.0       -7.0       -9.0        7.0       -5.0       -2.0        2.0        4.0       -7.0
