52
    -291.0      -10.0        8.0      -10.0        4.0        6.0        2.0       -8.0       -2.0        9.0       -8.0        0.0        6.0        8.0        2.0        2.0        3.0       -9.0        4.0       -6.0       -6.0      -10.0       -3.0       -8.0        5.0       -7.0       -8.0       -2.0       -5.0        9.0       -5.0        7.0        1.0       -4.0       -2.0       -9.0      -10.0       -5.0       -7.0        2.0       -5.0        5.0       -9.0        1.0        9.0       -6.0        6.0        1.0      -10.0       -6.0       -7.0       -2.0 =     2280.0
       1.0     -250.0        6.0       -4.0        6.0        2.0       -7.0        8.0       -7.0       -7.0        0.0        0.0        8.0        2.0       -8.0       -2.0        7.0        2.0        7.0       10.0        4.0        5.0       -5.0       -7.0       -7.0        5.0        6.0        2.0       -5.0        9.0       -9.0        6.0        1.0       -6.0       -1.0        5.0       -6.0       -2.0        0.0       -7.0        2.0       -3.0       -8.0        2.0        3.0       -5.0       -4.0        4.0        6.0        8.0       -5.0       -4.0 =     -968.0
      -8.0       -5.0     -261.0       -2.0       -9.0       -9.0       -6.0        7.0       -2.0        4.0       -4.0        3.0       -6.0        2.0       -5.0       -7.0      -10.0        2.0       -7.0       10.0       -1.0       -6.0        6.0        0.0        4.0        4.0        6.0        9.0        7.0        9.0       -4.0        5.0        5.0       -5.0      -10.0       10.0       -4.0       -5.0        0.0       -6.0       -7.0        2.0        1.0       -6.0       -1.0       -5.0        1.0       -5.0        5.0       -1.0        7.0       -4.0 =      302.0
       0.0      -10.0        1.0     -294.0       -8.0        4.0        8.0      -10.0       -7.0        9.0       -8.0        1.0        3.0        3.0        8.0        8.0        3.0       10.0       -1.0        9.0       -7.0       -7.0        8.0        4.0       -9.0        6.0       -7.0       10.0        9.0       -5.0        0.0        7.0       -5.0        9.0        7.0        0.0        0.0        7.0       -1.0       -3.0       -8.0        9.0        3.0       -2.0       -7.0        3.0        8.0       -4.0       -9.0        7.0       -1.0       10.0 =     -478.0
       6.0       -8.0       -3.0        3.0     -271.0        1.0        4.0        8.0       -5.0       -7.0        6.0       -7.0       -3.0       -7.0        0.0       -2.0       -3.0       -1.0       -9.0        5.0       -1.0        6.0       10.0        4.0       -3.0       -7.0       -6.0        7.0       10.0       -7.0       -9.0        7.0       -9.0        9.0        4.0        7.0        2.0        5.0        5.0        6.0        0.0        6.0       -7.0        0.0       -9.0        2.0        5.0       -6.0       -7.0        1.0        5.0        3.0 =     2080.0
      -6.0        0.0        5.0       -8.0        0.0      242.0        4.0       -7.0        2.0        2.0       -8.0        6.0       -6.0        0.0        8.0        5.0       -4.0       -7.0       -1.0       -6.0       -5.0       -5.0        5.0        7.0        4.0        1.0       -5.0        5.0        6.0        2.0        3.0        5.0       -7.0        7.0        3.0       -6.0       -9.0       -4.0       -8.0        5.0        1.0       -9.0        5.0        3.0       -1.0        1.0        3.0       -9.0       -6.0       -8.0        3.0        0.0 =     -624.0
      -8.0        0.0       -6.0        8.0        7.0       -3.0      256.0       -1.0       -2.0       -7.0       -2.0       -1.0        5.0       -9.0       -3.0       -6.0        2.0       -2.0        6.0       -1.0       -1.0        6.0       -7.0       -9.0        2.0        6.0       -9.0        4.0       -8.0       -9.0        5.0        1.0       -6.0       -8.0       -4.0        7.0       -3.0       -4.0        8.0        3.0        8.0        0.0        6.0        9.0       -6.0       -7.0       -3.0       -6.0       -4.0       -8.0        3.0        6.0 =     -205.0
       5.0       -3.0       -5.0       -3.0       -1.0        5.0       -6.0      288.0       -3.0        4.0        4.0        7.0       -7.0       -7.0        9.0       -9.0        5.0       -9.0        5.0       -2.0        1.0        4.0       10.0        3.0        3.0       -9.0        4.0       -3.0       -8.0        5.0       10.0       -6.0        4.0        9.0       -3.0        5.0       -4.0       -9.0       10.0        2.0       -5.0        8.0        6.0       -2.0        9.0       -9.0        5.0        7.0       -7.0       -5.0       -6.0       -1.0 =      305.0
       4.0       -9.0       -5.0        5.0        2.0        7.0        9.0        6.0     -296.0        8.0       -9.0       -4.0       -7.0       -7.0        9.0       -8.0       -4.0        4.0       -7.0       -5.0       -3.0       -9.0       -8.0       -5.0       -1.0      -10.0        0.0       -9.0       -1.0       -9.0       -5.0       -6.0       -9.0       -7.0       -2.0       -5.0       -3.0        7.0       -6.0       -9.0        6.0        3.0       -6.0       -4.0       -4.0        7.0        2.0       -2.0       -7.0       -8.0        2.0        4.0 =     2898.0
      -4.0       -7.0        5.0       -4.0        3.0        8.0        5.0        2.0        9.0     -243.0        8.0       -4.0       -2.0       10.0       -8.0       -7.0      -10.0        5.0       -2.0        4.0        1.0       -1.0       -9.0        0.0        5.0       -5.0       -2.0        9.0        5.0        3.0       -6.0        3.0        0.0       -1.0       -4.0        5.0       -3.0        5.0       -3.0       -9.0        0.0        1.0      -10.0       -1.0       10.0       -5.0        9.0        1.0        3.0        5.0       -1.0        9.0 =     -872.0
       8.0       -2.0      -10.0        7.0        9.0        5.0        3.0       -2.0        3.0       -6.0      272.0        6.0       -9.0       -8.0       -1.0       -7.0       -7.0       -5.0       -1.0        0.0       -6.0        3.0       -7.0       -8.0        8.0       -7.0        8.0       -7.0        9.0        5.0        5.0        3.0       -2.0       -4.0       -4.0       -6.0       -1.0       -6.0        7.0       -9.0       -6.0       -8.0        6.0       -6.0        3.0       -1.0        2.0       -7.0        3.0        6.0        3.0        2.0 =    -2097.0
      -3.0        8.0        2.0        8.0        0.0       -5.0        7.0        0.0        0.0        0.0        9.0      249.0        5.0        7.0       -3.0        5.0        1.0        0.0        9.0        9.0       -3.0       -5.0       10.0        7.0        9.0       10.0       -4.0        3.0       -6.0        6.0       -6.0       -2.0       -6.0        5.0        3.0        5.0        3.0       -4.0       -9.0        6.0        5.0        6.0       -1.0       -3.0        1.0        7.0        7.0       -3.0       -7.0       -1.0       -3.0       -5.0 =    -2664.0
       0.0       -4.0       -7.0      -10.0        2.0      -10.0       -2.0        2.0        2.0        5.0        2.0        3.0     -252.0        4.0        4.0        4.0       -4.0       -5.0       -3.0        0.0       -6.0       10.0       -5.0      -10.0        4.0        2.0       -9.0        2.0        5.0       -8.0        8.0        0.0        5.0       -3.0       -9.0        9.0        5.0       -9.0        6.0      -10.0        8.0        1.0        2.0       -2.0       -6.0       -7.0        2.0        6.0        7.0        3.0       -6.0       -3.0 =     2493.0
       4.0       -8.0      -10.0        8.0       10.0       -2.0        4.0       -5.0       -3.0        9.0        0.0        6.0        7.0      298.0       -9.0        1.0       -2.0        8.0      -10.0       -6.0       -6.0        1.0        9.0       -6.0       -9.0       -6.0       -8.0        3.0        1.0        4.0       -5.0       -7.0        8.0       -3.0       -3.0       10.0       -9.0        9.0       -8.0        4.0       -6.0       -4.0        3.0        1.0        8.0       -9.0        4.0       -8.0        9.0        2.0       -8.0       -4.0 =    -2136.0
       9.0        2.0        5.0        7.0        7.0       -1.0        5.0        5.0        6.0        8.0        0.0       -4.0        6.0        2.0      247.0        0.0        1.0       -3.0       -2.0       -1.0       -1.0      -10.0       -2.0      -10.0       10.0        4.0       -2.0        9.0        9.0        0.0       -1.0        9.0       -3.0        9.0        6.0        0.0       -4.0        8.0      -10.0        5.0        9.0       -4.0        9.0        3.0        3.0        6.0       -5.0       -6.0       -1.0       -9.0       -1.0       -4.0 =        0.0
       8.0        3.0        2.0       -6.0        5.0        6.0       -3.0        7.0        1.0       -6.0        7.0       -1.0        7.0       -6.0       -3.0     -263.0        4.0        2.0       -2.0       -9.0      -10.0        9.0        4.0       -7.0       -6.0        5.0       -4.0        9.0       -6.0       -2.0       -7.0       -8.0       -8.0       -1.0       -4.0        0.0       -4.0        9.0        5.0        4.0        8.0       -1.0       -4.0        6.0        7.0       -9.0       -2.0        4.0        1.0       -5.0       -7.0       -7.0 =    -1112.0
       2.0       -8.0       -8.0        9.0        2.0       -4.0       -9.0       -6.0       -1.0        6.0        1.0        9.0       -8.0       -4.0        0.0        3.0     -278.0       -9.0       -8.0       -7.0       -9.0        0.0        6.0        0.0        0.0        3.0       -9.0        8.0       -7.0       -4.0        7.0      -10.0       -9.0        8.0       -7.0        3.0       -5.0       -2.0       -4.0       -1.0       -8.0       -3.0       -3.0        7.0        7.0        9.0        2.0        8.0       -4.0       -5.0       -6.0        1.0 =     1380.0
      -2.0        8.0       -9.0        6.0      -10.0       -6.0        9.0       -7.0        9.0       -9.0        7.0        2.0       -3.0        6.0       -8.0        8.0       -6.0     -290.0       -8.0        2.0        2.0        2.0      -10.0       -4.0       -2.0       -5.0        1.0        5.0        7.0       -7.0        7.0       -6.0      -10.0       -3.0       -9.0        2.0        4.0       -9.0       -1.0        5.0        0.0        3.0       -4.0       -1.0        9.0        4.0       -6.0       -6.0       -9.0        2.0        4.0        6.0 =    -2970.0
       9.0       -4.0       -4.0        0.0       -4.0       -3.0        1.0       -1.0        8.0        4.0        3.0        1.0        4.0        9.0       -2.0        8.0       10.0        1.0     -246.0        5.0        3.0        7.0       -7.0        2.0        5.0       -2.0        3.0       -4.0       -9.0        7.0        2.0       -6.0        9.0       -6.0        4.0        4.0        9.0       -1.0       -4.0       -5.0       -3.0        4.0       -7.0       -9.0       -2.0       -1.0        3.0       -1.0       -4.0        6.0        9.0       -8.0 =      609.0
     -10.0        7.0       -3.0       -1.0        5.0       -1.0       -6.0       -4.0       -1.0       -9.0       -2.0        6.0       -3.0        4.0        5.0        9.0        0.0       -6.0        0.0     -253.0        3.0       -6.0       10.0       -8.0       -8.0      -10.0       -4.0       -1.0        8.0       -1.0        9.0        6.0        6.0       -7.0       -1.0        8.0       -7.0        5.0       -8.0       -7.0       -4.0       -1.0       -1.0        2.0        4.0       -4.0       -4.0        3.0       -3.0       -2.0       -9.0        4.0 =      873.0
       8.0        0.0       -9.0        2.0       -9.0        1.0      -10.0        1.0       -4.0       -4.0       -9.0       -8.0        2.0       -2.0       -2.0       -9.0        2.0        9.0       -8.0        2.0     -247.0        9.0        1.0        3.0        7.0       -6.0        5.0        9.0        7.0        1.0       -5.0       -7.0       -7.0       -2.0        4.0        2.0       -3.0       -2.0        1.0        0.0       -5.0        8.0       -4.0       -3.0       -9.0       -4.0        8.0        5.0       -5.0        1.0       -1.0        6.0 =     1680.0
      -6.0        7.0       -5.0       -4.0       10.0       -7.0       -4.0        8.0       -4.0        8.0       -6.0       -7.0        3.0       10.0       -1.0       -3.0       -2.0       -8.0       -1.0        3.0       -3.0      270.0      -10.0        6.0        3.0        1.0        2.0        7.0        1.0        1.0       -1.0       -2.0       -5.0       -6.0        6.0        5.0        0.0       -5.0        8.0        4.0        9.0       -7.0       -4.0       -2.0        9.0       -7.0       10.0       -3.0        8.0        5.0        7.0       -8.0 =      580.0
      -7.0        3.0       -1.0       -9.0        2.0       -1.0        0.0      -10.0       -9.0       -1.0       -5.0        2.0      -10.0        0.0        1.0        3.0       -5.0       -5.0       -5.0        4.0       -3.0        1.0      254.0        8.0       -6.0        5.0       -2.0       -3.0       -7.0       -9.0        0.0        6.0       -7.0       -6.0       -9.0       -8.0       -8.0        4.0       -6.0       -6.0       -1.0       -1.0       -3.0       10.0        3.0        6.0        7.0        8.0        6.0       -2.0       -6.0       -8.0 =     -328.0
      -8.0       -6.0       -5.0       -9.0        9.0       -8.0       -7.0        3.0        4.0       -5.0        0.0        8.0       -3.0       -1.0      -10.0       -4.0        3.0        5.0        2.0        3.0       -2.0        1.0       -6.0      260.0       -9.0        1.0       -6.0       -6.0       -8.0       -9.0        8.0       -2.0        8.0        2.0        2.0        3.0        3.0        4.0        6.0       -8.0       10.0        0.0        4.0       -7.0       -7.0       -1.0        3.0       -9.0       -4.0       -5.0       -2.0       -2.0 =     -579.0
      -5.0        8.0       -5.0       10.0      -10.0       -8.0       -2.0       -5.0      -10.0       -7.0       -4.0       -1.0        0.0        7.0        6.0       -4.0       -6.0        6.0       -6.0       -9.0       -6.0        2.0       -3.0        7.0     -269.0        7.0       -9.0       -2.0       -8.0        0.0        9.0       -1.0       -4.0        0.0      -10.0       -2.0       -4.0        4.0        3.0       -2.0       -7.0       -1.0       -8.0      -10.0        7.0        4.0       -6.0       -7.0        2.0        2.0        7.0       -1.0 =    -2808.0
      -9.0       -7.0       -1.0        1.0       -5.0        3.0       -7.0        6.0        2.0        1.0        6.0       -8.0       -7.0       -1.0       -9.0       -8.0        9.0        6.0        7.0        5.0       -6.0        2.0       -6.0       -7.0        3.0     -248.0       -1.0        0.0        3.0       -3.0        7.0       10.0       -3.0       -5.0        5.0       -8.0        7.0       -3.0       -5.0       -9.0        6.0       -2.0       -1.0       -3.0        9.0        0.0       -2.0       -1.0        0.0       -2.0       -8.0        4.0 =      566.0
       3.0        6.0        3.0       -7.0        2.0       -7.0        0.0       -7.0       -7.0        5.0        4.0       10.0        3.0        6.0       -5.0        2.0       -2.0        2.0       -2.0        7.0      -10.0       -2.0        0.0        4.0        0.0        0.0     -242.0       -3.0       -9.0        9.0        5.0        6.0       -4.0        4.0        7.0        4.0        5.0       -5.0       -1.0        9.0        0.0       -1.0       10.0       -1.0       -5.0        6.0        4.0        6.0        3.0       -8.0        5.0        6.0 =      910.0
      -3.0       -4.0        3.0        4.0        9.0       -5.0        9.0        3.0       -5.0        8.0       -9.0       -5.0        7.0        2.0        1.0       -6.0       -5.0        5.0        3.0       -1.0        5.0       -7.0       -9.0        2.0       -3.0       -1.0       -5.0      248.0       -3.0        5.0        5.0        1.0        5.0        2.0       -5.0       -4.0        0.0       -6.0       -1.0        0.0       -4.0        9.0        5.0        9.0        0.0       -8.0       -8.0        4.0        8.0        6.0       -2.0        9.0 =    -1340.0
       4.0        6.0       -5.0        7.0        9.0        3.0        6.0        7.0       -5.0        3.0        6.0       -2.0        6.0        7.0       -8.0       -7.0        0.0       -5.0       -6.0        5.0        5.0       -2.0        2.0       -3.0        6.0        1.0        6.0       -2.0     -265.0       -9.0       -3.0        6.0       -8.0        4.0       -6.0       -8.0       10.0        5.0        1.0       -4.0        4.0        9.0        2.0       -6.0       -1.0       10.0       -7.0        5.0        7.0       -9.0        4.0        2.0 =     -639.0
      -3.0       -9.0        6.0       -2.0        0.0       -5.0       -3.0        6.0        4.0       -4.0        5.0        6.0       -3.0        2.0      -10.0        0.0       -4.0       -3.0        6.0        8.0       -2.0        5.0        7.0        1.0        3.0       -1.0        5.0        9.0        6.0     -270.0       -3.0       -8.0        9.0        9.0        2.0       -9.0        3.0       -2.0      -10.0       -8.0       -8.0        6.0       -7.0       -3.0        6.0       -6.0       -6.0        9.0       -4.0       -6.0       -8.0       -1.0 =    -2565.0
       2.0        6.0        6.0        9.0        2.0        8.0        5.0       -7.0       -4.0      -10.0       -9.0        3.0        2.0        4.0        8.0        9.0       -9.0        6.0        0.0       -4.0       -2.0       -4.0       -8.0        7.0        4.0      -10.0        6.0       -9.0        7.0        2.0     -271.0        3.0        8.0       -1.0        5.0       -4.0       -2.0       -3.0        4.0       -7.0        9.0        1.0        7.0        3.0       -2.0        8.0        8.0        3.0        5.0       -2.0        5.0        2.0 =     -804.0
      -1.0       -1.0        9.0        3.0        0.0        5.0       -2.0       -6.0       -8.0       -4.0        4.0       -3.0       -2.0        9.0       -5.0        5.0        0.0       -8.0        6.0       -8.0       10.0       10.0       -5.0        3.0       -5.0        7.0        7.0       -1.0        2.0       -4.0       -7.0      257.0       -4.0      -10.0       -6.0       -8.0       -5.0        3.0       -9.0       -8.0        3.0       -1.0        2.0        2.0       -9.0        5.0        2.0       -2.0        1.0      -10.0        4.0       -7.0 =      420.0
       7.0        8.0       -1.0        8.0        0.0        5.0       -4.0       -6.0       -4.0        4.0        6.0        2.0       -7.0        8.0       -5.0       10.0       -4.0       -2.0       -5.0       -3.0       -9.0      -10.0        4.0       -2.0       -7.0        1.0        9.0       -6.0        4.0        0.0       -2.0       -9.0      275.0       -9.0      -10.0        8.0       -8.0        6.0       -6.0        1.0        0.0        3.0        8.0       -7.0       -7.0       -2.0        8.0       -4.0        3.0        3.0        6.0        9.0 =    -2403.0
      -7.0        1.0       -9.0        7.0       -8.0        4.0       -1.0       -6.0       -3.0       -8.0       -8.0       -2.0       -7.0       -8.0        5.0       -9.0        3.0       -6.0        5.0       10.0        9.0        0.0      -10.0        8.0       -8.0       -2.0       -3.0        6.0        3.0        1.0       -4.0        9.0        5.0      277.0       -6.0       -4.0       -5.0        7.0       -1.0        6.0       -3.0        9.0        8.0       -8.0        6.0        2.0        3.0       -5.0       -3.0        4.0        8.0        3.0 =     2650.0
      -5.0        0.0        1.0       -1.0        6.0       -6.0       -8.0        4.0        2.0        3.0       -6.0        0.0        4.0        8.0       -2.0        1.0        1.0        0.0        0.0        9.0        8.0       -5.0        8.0        6.0        8.0        5.0       -5.0        8.0       -3.0        4.0        4.0       10.0       -7.0        3.0     -241.0       -3.0        4.0        5.0       -9.0        2.0       -9.0        6.0       -1.0        4.0       -9.0       -5.0        5.0        3.0        6.0        1.0        9.0        5.0 =     -172.0
       9.0       -4.0        3.0       -5.0        1.0        1.0        7.0       10.0       -5.0        4.0        7.0       -8.0       10.0       -8.0        2.0       -8.0        8.0       -8.0       -7.0       -3.0       -8.0        9.0       -4.0       -6.0        2.0       -2.0       -1.0        4.0        6.0       -2.0        2.0        5.0        5.0        9.0        3.0     -263.0        7.0        1.0        0.0       -3.0       -8.0       -1.0        1.0        5.0       -3.0       10.0        7.0       -8.0        0.0        6.0        7.0       -4.0 =     2180.0
      -2.0       -1.0        4.0       -9.0       -7.0        7.0       -9.0       -7.0        8.0       -4.0        1.0       -9.0        8.0       -4.0        4.0        1.0        0.0       -6.0        8.0       -8.0       -2.0        2.0       -5.0       -2.0       -7.0       -9.0        0.0        1.0       -3.0       -5.0        0.0       -5.0       -8.0       -7.0        0.0       -5.0      267.0        8.0        4.0       -6.0       -4.0        8.0        9.0        7.0       -4.0       -8.0       -9.0       -2.0        7.0       -3.0        4.0        7.0 =    -1025.0
      -2.0        1.0        9.0       -5.0       -7.0       -5.0       -3.0       -5.0       -8.0       -2.0        9.0       -2.0       10.0       -5.0       -1.0        7.0        6.0        9.0       -2.0        6.0        1.0       -6.0       -2.0        1.0       -6.0       -7.0        3.0        3.0        4.0        6.0       -1.0        8.0        7.0       -3.0       10.0       -4.0       -9.0     -273.0        6.0       -6.0        0.0        5.0        8.0        3.0       -9.0      -10.0       -4.0       -7.0       -7.0       -2.0        7.0       -4.0 =    -1668.0
      -8.0        6.0        8.0       -1.0        0.0        7.0        9.0       -4.0        5.0       -1.0       -9.0        9.0        6.0       -8.0        8.0        5.0        7.0        3.0        1.0       -2.0       -9.0        2.0       -7.0        9.0       10.0        7.0        7.0       -1.0       -3.0       -7.0       -6.0       -5.0        1.0       -2.0        4.0        1.0        8.0       -6.0     -262.0        3.0        7.0        6.0       -2.0       -1.0       -1.0        8.0       -2.0        7.0       -6.0       -2.0        9.0       -6.0 =    -1584.0
       1.0       -8.0        0.0        4.0        0.0        7.0        7.0       -7.0       -8.0        4.0       -2.0       -5.0        5.0        9.0        7.0       10.0       -1.0        4.0        9.0        3.0       -1.0       -1.0       -2.0        4.0       10.0       -9.0       -4.0       -8.0        8.0       -8.0        8.0        4.0        3.0       -6.0       -6.0        8.0       -2.0       -6.0        2.0      252.0        0.0       -3.0       -2.0       -3.0        4.0       -7.0       -5.0        3.0        9.0        7.0       -5.0       -2.0 =     2248.0
       6.0       -7.0       -5.0        1.0        3.0        7.0        7.0        4.0       -3.0       -7.0       -1.0        5.0        7.0        4.0        4.0        2.0       -1.0       -1.0        9.0       -4.0        9.0        2.0        6.0       -9.0       -2.0       -7.0        4.0       -4.0        8.0        5.0       -8.0       -7.0       -8.0        3.0        5.0        0.0       -7.0        1.0       -6.0        1.0      239.0       -2.0       -5.0       -8.0       -8.0       -6.0       -1.0       -1.0       -5.0        5.0        3.0       -2.0 =      675.0
     -10.0       -3.0       -2.0        5.0       -3.0        5.0        6.0       -8.0       -9.0       -3.0        5.0        9.0      -10.0       -1.0        5.0        5.0       -3.0       -5.0        7.0        8.0        6.0        5.0        8.0        7.0       -8.0       -3.0       -7.0       -5.0        1.0       -1.0        7.0       -1.0        2.0        8.0        8.0       -5.0       -9.0        8.0        5.0       -8.0       -3.0     -267.0       -1.0       -3.0       -1.0        5.0        9.0       -3.0        0.0       -7.0        1.0        3.0 =    -1004.0
      -7.0       -6.0      -10.0       -8.0        4.0        2.0       -3.0       -9.0        0.0        0.0        0.0        1.0        6.0        7.0       -2.0        9.0        8.0       -9.0        8.0        3.0        0.0        5.0       -3.0        4.0        3.0        8.0        5.0       -5.0        3.0        3.0       -4.0       -8.0       -8.0        1.0        4.0       -6.0        1.0       -4.0       -5.0       -4.0        9.0        3.0     -229.0        2.0       -4.0        3.0        2.0       -8.0        2.0        0.0       -3.0        6.0 =     -932.0
       7.0        6.0      -10.0       -4.0        2.0       -4.0      -10.0        0.0      -10.0       -8.0       -4.0       -3.0       -9.0       -7.0       -4.0       -2.0        5.0       -7.0        1.0       -1.0        2.0       -9.0       -5.0        3.0        6.0        8.0        2.0        0.0        7.0       -1.0        3.0       -5.0       -4.0        2.0        3.0        0.0       -9.0       -2.0        5.0       -8.0        5.0       -1.0        8.0     -239.0        2.0      -10.0       -7.0       -1.0        0.0       -1.0        1.0        8.0 =     -897.0
       5.0        3.0        9.0       -3.0        0.0        5.0       -2.0       -6.0       -9.0       -6.0        3.0       -8.0        7.0       -8.0        8.0       -2.0       -8.0       10.0       -8.0       -1.0       -2.0       -9.0        9.0        9.0        4.0       -8.0        2.0        0.0       -3.0       -8.0       -1.0        9.0       -1.0       -5.0       -7.0       10.0        2.0       -2.0        3.0        9.0        6.0       -7.0        0.0        5.0      288.0        4.0       -5.0       -7.0      -10.0        6.0       -9.0       10.0 =    -2529.0
      -1.0        5.0        2.0       -6.0       -5.0       -8.0        5.0        3.0        9.0       10.0       -3.0        6.0        5.0        2.0        3.0      -10.0       -5.0       -7.0        6.0       -7.0        8.0       -4.0       -3.0       -7.0        8.0        1.0        9.0        2.0        8.0        1.0       -7.0       -5.0       -5.0       -3.0       -7.0       -4.0        9.0        5.0       -3.0        0.0       -8.0        5.0        7.0        4.0       -4.0     -265.0       -4.0        0.0       -3.0       -3.0       -9.0      -10.0 =     1981.0
      -1.0       -5.0        3.0        7.0       -1.0        2.0        2.0       -1.0        3.0        3.0        1.0        7.0        4.0        5.0       -9.0        3.0       -3.0        7.0       -8.0       -4.0        4.0       -9.0       -4.0        7.0        9.0        1.0       -2.0       -1.0       -6.0        8.0        2.0        3.0        4.0       -5.0        3.0        8.0       -3.0        3.0       -8.0       -9.0        1.0        7.0       -1.0        7.0       -1.0        5.0      228.0       -8.0       -5.0        4.0       -1.0       -5.0 =     1004.0
       0.0        9.0        3.0       -6.0       -4.0       -1.0       -3.0        2.0        9.0        4.0       -7.0        7.0       -5.0       -8.0        3.0      -10.0       -4.0      -10.0       -2.0       -4.0        0.0        9.0        5.0        9.0        9.0       -8.0       -8.0        0.0        8.0       -2.0       -6.0        6.0        7.0        2.0       -9.0        3.0       -7.0        2.0        6.0        0.0        8.0        0.0       -3.0        5.0       -7.0       -6.0       -9.0      274.0       -8.0        3.0       10.0        4.0 =      270.0
      -5.0        9.0        7.0       -3.0       -2.0       -7.0        7.0        2.0        0.0        5.0        1.0        2.0        3.0        3.0        8.0       -7.0        8.0       -5.0       -3.0       -6.0       -7.0        2.0        9.0       -7.0      -10.0        7.0       -8.0       -7.0        4.0        7.0        1.0        7.0        1.0        7.0       10.0       -5.0        6.0       -2.0        8.0        8.0      -10.0       -1.0       -9.0       -9.0        5.0        7.0        9.0        4.0      281.0        6.0       -3.0       -1.0 =     1635.0
       3.0        2.0       -7.0        0.0        0.0        1.0       -5.0       -8.0        5.0       -9.0       -3.0       -6.0        8.0        4.0       -8.0        3.0        4.0        4.0        1.0        4.0        8.0       -2.0        7.0       -4.0       -9.0       -1.0        0.0       -9.0       -1.0       -3.0        6.0        4.0       -2.0       -2.0       -8.0        1.0       -7.0        1.0       -6.0       -1.0        4.0        8.0       -4.0       -2.0        1.0       -3.0       -9.0        1.0        8.0      221.0       -2.0       -7.0 =    -1810.0
      10.0        6.0        0.0       -9.0        2.0       -5.0       -2.0       -8.0        6.0       -6.0        0.0        4.0        9.0       -4.0       -1.0        9.0        0.0       -1.0        2.0       -2.0        7.0       -8.0       -6.0       -1.0        9.0       -6.0        6.0        1.0       -6.0       -2.0       -4.0       -3.0        1.0        2.0       -1.0        8.0       -6.0       -2.0        1.0        7.0       -1.0        6.0        9.0       -5.0       -9.0        6.0       -7.0        5.0        4.0       -2.0      232.0       -3.0 =    -2178.0
       5.0       -6.0       -2.0        3.0        1.0       -4.0        1.0       -7.0        2.0       -4.0        2.0       -4.0        4.0       -8.0        2.0       -4.0        0.0       -7.0       -3.0       -4.0        6.0        4.0       -3.0       -2.0        8.0       -7.0       -1.0       -5.0       -2.0        3.0        1.0        4.0        4.0        6.0       -2.0        7.0        1.0       -7.0        1.0        0.0        2.0        4.0        6.0       -3.0       -6.0       -2.0       -1.0        5.0       -7.0        6.0        8.0     -206.0 =     2110.0

      -6.0        4.0       -1.0        2.0       -8.0       -3.0       -1.0        1.0       -7.0        4.0       -9.0       -8.0       -9.0       -8.0        0.0        4.0       -4.0        9.0       -3.0       -3.0       -6.0        2.0       -2.0       -3.0        8.0       -2.0       -5.0       -5.0        3.0        9.0        4.0        2.0       -9.0       10.0        1.0      -10.0       -5.0        6.0        8.0        8.0        3.0        4.0        4.0        3.0       -9.0       -7.0        4.0        1.0        5.0      -10.0       -9.0      -10.0
