54
     257.0        9.0        8.0       -3.0       -2.0       -1.0        7.0       -1.0        1.0        3.0       -1.0       -3.0       -6.0      -10.0       10.0       -4.0       -2.0       -5.0       -4.0        0.0        2.0        3.0        0.0        9.0        2.0        3.0        7.0       -6.0       -9.0        0.0       -3.0        3.0        8.0       -4.0       -4.0        5.0        3.0        5.0       -9.0        2.0        6.0        9.0       -3.0       -9.0        7.0        6.0        4.0       -9.0        4.0        8.0       -5.0       -6.0        5.0       -6.0 =    -1686.0
      -7.0      273.0        9.0        0.0        1.0       -3.0       -6.0       -6.0        6.0       -8.0       -5.0       -5.0        1.0       -7.0        5.0        7.0       -8.0        8.0        3.0        4.0        8.0        1.0       -5.0       -6.0        7.0        2.0       -3.0       -5.0       -3.0        8.0        0.0       -9.0       -2.0        7.0        2.0        3.0       -2.0       -6.0       -9.0        9.0        9.0       10.0       -1.0        3.0       -2.0        0.0        2.0        9.0        8.0       -5.0        3.0       -3.0        6.0      -10.0 =    -2016.0
      -1.0       -8.0     -256.0        1.0       -4.0       -1.0       -5.0       10.0       -3.0       -9.0       -4.0       -9.0        5.0       -3.0        9.0       -5.0       -5.0       -3.0        6.0       -5.0        6.0       -6.0        0.0        0.0        2.0       10.0        8.0        4.0        1.0        1.0       -2.0        9.0       -2.0        8.0       -5.0        9.0        2.0        0.0        6.0        0.0        8.0       10.0       -1.0       -2.0       -6.0       10.0      -10.0       -2.0       -7.0       -6.0        0.0       -2.0        9.0        1.0 =     2133.0
      -5.0       -9.0        9.0     -269.0       -4.0       -7.0       -8.0       -9.0        7.0        6.0       -2.0        0.0       -6.0        0.0        0.0       -5.0        3.0       -7.0        5.0       -7.0      -10.0       -4.0        3.0        9.0       -6.0       -6.0        6.0        6.0        0.0        3.0       -6.0        1.0       -8.0       -7.0        9.0        3.0       -6.0       -4.0       -1.0       -1.0       -6.0       -4.0       -6.0        6.0        7.0        3.0       -4.0       -9.0       -9.0       -1.0        1.0       -1.0       -8.0        4.0 =     -708.0
      -7.0       -3.0        8.0        0.0      251.0       -8.0        8.0        0.0        7.0        7.0       -1.0        4.0       -8.0       -2.0        3.0       -1.0       -4.0      -10.0        3.0       -5.0        4.0        7.0        6.0        6.0        1.0      -10.0       -1.0       -8.0        2.0       -8.0        0.0       -7.0        2.0        9.0       -2.0        0.0       -9.0       -4.0       -5.0      -10.0        3.0       -7.0       -1.0       -8.0      -10.0        3.0        0.0        3.0       -7.0       -1.0        3.0       -3.0        5.0        5.0 =      800.0
       2.0       -5.0       -7.0       -4.0        8.0     -223.0       -2.0       -7.0        3.0        2.0        8.0        2.0        0.0        6.0        1.0        1.0        9.0       -1.0       -6.0        5.0        1.0       -4.0        8.0        1.0        0.0       -2.0        3.0       -9.0       -9.0       -1.0        9.0       -3.0      -10.0        3.0        4.0       -8.0        2.0       -9.0        1.0        8.0        1.0       -7.0       -2.0        0.0        9.0        2.0        5.0        0.0        0.0       -5.0       -9.0        0.0        7.0        2.0 =     1980.0
       4.0        4.0        0.0       -1.0       -9.0       -7.0     -274.0        8.0        1.0       -3.0        2.0        9.0        3.0       -1.0        9.0        2.0       -2.0       -7.0        8.0        5.0       -7.0        4.0       -8.0        8.0       -5.0        1.0        8.0        1.0       -4.0       -9.0       -4.0       -9.0        8.0        5.0       -9.0        4.0       -7.0        1.0        4.0        4.0       -5.0       -6.0        1.0        6.0        2.0        9.0       -5.0       -9.0       -4.0       -1.0       -8.0       -8.0       -5.0       -9.0 =    -2135.0
       1.0        1.0       -3.0       -9.0        0.0        6.0        2.0      270.0       -3.0        9.0       -1.0       -5.0        4.0       -9.0        7.0        7.0        1.0       -7.0        7.0        6.0        3.0       -6.0        2.0        6.0       -5.0        0.0       -6.0        5.0       -5.0        1.0      -10.0        7.0       10.0       -5.0       10.0       -9.0       -9.0       -3.0        7.0        5.0       -9.0       -2.0        4.0        0.0       -2.0       -7.0       -4.0        1.0       -2.0        8.0       -9.0       -8.0       -3.0        2.0 =      502.0
      -4.0        3.0       10.0        0.0        0.0       -1.0        7.0      -10.0     -285.0       -4.0       -4.0       -4.0        4.0        0.0        3.0       -7.0        5.0      -10.0        0.0       -9.0        4.0        0.0        6.0       -9.0       -8.0       -8.0       -2.0        2.0       -5.0        6.0       -8.0        0.0       -9.0       -2.0       -9.0       -2.0        6.0       10.0        0.0       -7.0      -10.0       -7.0       -6.0       -5.0       -3.0        9.0        4.0        0.0        9.0       -4.0       -7.0        8.0        8.0       -7.0 =     -704.0
       4.0        4.0       -1.0        8.0        5.0        1.0        0.0        0.0        9.0      261.0       -4.0        0.0        2.0       -6.0        5.0        5.0        0.0        9.0       -6.0        3.0        6.0        9.0        4.0       -4.0        4.0       -3.0        6.0        2.0       10.0       -8.0       -4.0       10.0        3.0       -1.0      -10.0        1.0       10.0        7.0       -5.0       -7.0       -9.0        7.0       -3.0        8.0        4.0        3.0        2.0       -6.0       10.0       -2.0        4.0       -7.0       -5.0        2.0 =      674.0
      -9.0       -7.0        9.0        4.0       -6.0       -2.0        6.0        5.0       -6.0       -1.0     -291.0        2.0       -9.0       -2.0        3.0        8.0       -9.0        1.0        7.0        6.0        9.0        9.0       -4.0        7.0       -6.0        3.0        7.0       -6.0        5.0       -7.0       -5.0       -2.0       -1.0        8.0        1.0        7.0       -2.0        4.0       -1.0        7.0        2.0        7.0       -4.0       -5.0        3.0       10.0        8.0       -8.0       -8.0        9.0       -5.0        0.0        6.0       -8.0 =      502.0
       4.0        6.0        9.0       -8.0       -3.0       -1.0        6.0       -8.0       -7.0       -1.0       -8.0      298.0        4.0      -10.0      -10.0        8.0        0.0       -9.0       -6.0        9.0        9.0       -2.0       -8.0        9.0       -8.0       -6.0       -3.0       -7.0       -9.0       -7.0       -5.0        3.0        0.0        0.0        0.0       -1.0        2.0       -5.0       10.0        8.0       -8.0       -9.0        1.0       -6.0       10.0        9.0        0.0       -6.0        0.0       -5.0       10.0       -4.0        7.0        2.0 =     2032.0
       2.0      -10.0        2.0        8.0        1.0       -4.0       -6.0       -2.0       -7.0        6.0        8.0        8.0      308.0       -4.0        3.0      -10.0       -6.0        4.0       -4.0       -9.0       -2.0        2.0       -8.0        3.0        6.0        5.0        7.0       -2.0        3.0       10.0        7.0       -9.0        3.0        1.0       -7.0        5.0       -3.0        6.0       -9.0       -3.0       -5.0       -6.0        6.0      -10.0        8.0       -8.0        0.0       10.0       -6.0       -1.0       -8.0       -9.0        9.0        9.0 =      584.0
      -5.0        7.0        3.0       10.0        8.0       -3.0        6.0       -1.0        6.0       -8.0       -3.0       -2.0       -9.0      260.0        8.0        6.0        2.0        9.0       -8.0        3.0       -1.0        3.0        3.0       -9.0       -8.0       -8.0       -8.0        4.0        8.0        3.0       -1.0        2.0        8.0       -9.0       -4.0        0.0        5.0        2.0        9.0        2.0       -4.0        4.0       -5.0        3.0        2.0       -3.0       -6.0        8.0       -1.0       -1.0        0.0        4.0        8.0       -3.0 =     2960.0
      -8.0        0.0       -6.0       -7.0        2.0       -2.0        6.0        8.0        3.0        4.0       -2.0       -7.0        3.0       -4.0      284.0        2.0       -1.0       -6.0        6.0       -8.0       -8.0        7.0        8.0       -4.0        2.0        6.0        7.0       -6.0        6.0       -8.0       -5.0        5.0       -8.0        9.0       -6.0       -6.0        6.0       -3.0       -4.0        2.0        7.0        5.0       -1.0        7.0        0.0       -3.0        7.0       10.0       -8.0        0.0        9.0        5.0       10.0      -10.0 =      915.0
      -7.0        9.0        4.0        7.0        1.0      -10.0        6.0        4.0       -6.0       -1.0       -7.0        8.0        0.0        5.0        3.0     -244.0        2.0       -6.0        4.0        6.0        7.0        5.0       -1.0       -6.0        6.0        6.0        3.0        4.0        4.0        4.0        2.0        1.0        9.0       -1.0       -7.0       -8.0       -2.0        8.0       -1.0        5.0        7.0       10.0       -2.0        2.0        3.0        8.0       -8.0       -2.0        2.0        3.0       -4.0       -1.0        5.0        1.0 =    -1120.0
       4.0        5.0       -5.0       -6.0       -5.0        5.0       -1.0       -3.0        0.0        9.0       -6.0        3.0       -1.0        7.0       -1.0        3.0      242.0       -6.0        0.0       -6.0        9.0       -6.0       -9.0       -7.0       -7.0       -7.0        7.0       -5.0       -2.0        6.0        4.0       -3.0        7.0       -2.0       -3.0        1.0       -8.0        3.0        7.0       -2.0        0.0        6.0        7.0        0.0        5.0       -1.0        2.0       -9.0       -5.0        0.0       -8.0        3.0       -7.0        5.0 =     1752.0
     -10.0       -8.0       -6.0       -9.0        5.0       -3.0        8.0        1.0       -5.0       -1.0        4.0       -2.0       -2.0       -6.0       -3.0       -8.0       -2.0     -264.0       -6.0        7.0        4.0       -7.0       -3.0        1.0        1.0        1.0        8.0        2.0       -2.0        3.0       -5.0       -3.0       -6.0       -7.0        7.0       -6.0        2.0        4.0       -4.0       -1.0       -5.0        9.0        3.0       -3.0        9.0       -9.0        9.0        5.0       -3.0       -9.0        4.0       -4.0       -2.0       -7.0 =      972.0
       6.0       -8.0       -1.0       -4.0        2.0        6.0       -8.0       -1.0        9.0       -3.0        7.0       -5.0       -9.0        3.0        3.0       -4.0       -4.0       -7.0     -268.0       -4.0        1.0       -8.0       -4.0        7.0       10.0       -2.0        1.0        9.0        4.0        9.0        1.0        2.0       -3.0        7.0        7.0       -3.0      -10.0       -7.0       -3.0       -5.0       -7.0       -3.0        3.0       -5.0       -8.0        2.0       10.0        8.0       -1.0        4.0       -4.0        4.0       -1.0        3.0 =      544.0
      -2.0        2.0       -1.0        6.0       -9.0        2.0        4.0       -2.0       -1.0       -9.0       -9.0        2.0        7.0       -5.0       -6.0       -5.0       -5.0        7.0        9.0     -254.0        1.0       -3.0        6.0        1.0       -4.0        9.0        6.0       -1.0        0.0        2.0       -6.0        3.0        1.0        8.0        3.0        8.0       -8.0        3.0       -3.0       -8.0       -7.0        3.0        5.0        4.0        6.0       -2.0        6.0        2.0       -9.0       -6.0        9.0       -4.0        0.0       10.0 =     -234.0
      -8.0       -8.0        1.0        0.0        6.0        2.0       -1.0        1.0       10.0       -3.0       -2.0       -4.0        6.0       -5.0        2.0       -5.0       -3.0       -2.0        8.0        3.0     -245.0       -2.0       -7.0       -2.0        0.0        4.0        0.0       -2.0       -8.0       -9.0       -3.0        3.0       -3.0       -7.0       -9.0        3.0       -4.0       -5.0       -3.0       -6.0        9.0        9.0       10.0       -5.0        0.0       10.0        3.0      -10.0        1.0        9.0        0.0       -2.0       -4.0        5.0 =     -544.0
       1.0       -1.0        6.0       -5.0       -3.0        8.0       -7.0       -6.0       -6.0        7.0        2.0        2.0      -10.0       -7.0        6.0        0.0       -1.0       -9.0        7.0       -5.0       -5.0     -281.0       -3.0        8.0       -5.0        4.0        3.0       -1.0        3.0        9.0       10.0       10.0       -2.0        3.0       -2.0        0.0        6.0       -9.0        6.0        1.0       -7.0       -5.0        7.0       -8.0       -5.0        3.0       -5.0       -7.0       -4.0       -8.0       -6.0        8.0        4.0        6.0 =    -2930.0
      -1.0       -2.0       -4.0       -6.0       -2.0       -5.0        1.0       -6.0        5.0        6.0       10.0        6.0        9.0        7.0        7.0       -6.0       -4.0        3.0       -4.0       -9.0       -4.0        7.0      302.0       -8.0        7.0       -6.0        0.0       -7.0       -8.0        7.0       -3.0       -5.0       -8.0       -1.0       -7.0        6.0        9.0       -8.0        3.0       -3.0        4.0        9.0        8.0        7.0       -8.0        4.0        1.0       -7.0        4.0        5.0      -10.0        7.0       -4.0       -6.0 =    -2628.0
       1.0        7.0       -7.0       -8.0       -4.0      -10.0        9.0        8.0        3.0       -6.0       -2.0       -5.0        3.0       -1.0       -3.0        6.0       -4.0        2.0       -4.0       -3.0        1.0       -1.0      -10.0     -238.0        0.0       -5.0        2.0        7.0       -8.0        0.0       -6.0       -1.0       -8.0       -6.0        9.0        1.0        2.0       -9.0       -9.0        5.0        2.0        6.0        9.0       -2.0       -6.0       -1.0       -1.0       -5.0       -1.0        0.0        3.0       -3.0        6.0       -3.0 =      576.0
       9.0        1.0       -1.0        0.0       -2.0        7.0        0.0        5.0        8.0       -6.0        8.0       -4.0       -9.0        8.0       -5.0       -2.0        4.0       -3.0        2.0       -7.0       -4.0       -5.0        2.0        2.0      256.0        6.0        5.0       -8.0        8.0        7.0       -2.0        4.0        9.0        1.0       -8.0        3.0       -6.0        0.0        3.0        7.0       10.0       -8.0        1.0       -5.0        7.0        3.0        0.0        6.0       -3.0        1.0        5.0        9.0       -4.0        6.0 =     1284.0
       2.0      -10.0       -5.0       -9.0       -9.0        5.0       10.0       -3.0        2.0        2.0        1.0       -1.0       10.0       -6.0        4.0       -4.0       -6.0        4.0        7.0       -8.0        3.0       -1.0       -3.0       10.0       -8.0      285.0       -2.0        2.0       -3.0       -7.0       -5.0       -7.0        0.0       -3.0       -1.0       -5.0        4.0        7.0       -4.0       -7.0        9.0      -10.0        9.0       -9.0        3.0       -7.0        7.0       -2.0       10.0       -7.0        2.0       -1.0        7.0       -3.0 =     -498.0
       5.0       -4.0        5.0        1.0       -3.0        9.0        9.0        1.0       -5.0        4.0        0.0        9.0        0.0        4.0        2.0        2.0       -8.0        0.0       -5.0        0.0       -3.0       -4.0       -6.0        2.0        6.0        2.0     -273.0        7.0       -8.0       -7.0        9.0      -10.0       -3.0        1.0       -8.0        9.0       -8.0       -6.0       -9.0        7.0        2.0        5.0       -3.0       -8.0       -3.0        7.0        9.0        4.0       -1.0       -9.0        4.0        5.0        7.0       -5.0 =     2358.0
       5.0        0.0        1.0        5.0        6.0        4.0        9.0        8.0        8.0      -10.0       -9.0       -6.0        3.0       -6.0       -7.0        2.0        3.0        0.0       -9.0       -3.0        0.0       10.0        8.0      -10.0       -9.0       -4.0        0.0      287.0        7.0       -3.0        8.0       -8.0       -3.0        2.0        4.0        8.0      -10.0        0.0       -8.0       -2.0        9.0       -2.0        9.0        9.0        2.0        3.0        6.0       -7.0        0.0       -5.0        6.0        9.0       -6.0        0.0 =        0.0
      -8.0        5.0       -7.0        3.0       -3.0       -9.0       -2.0       -3.0       -3.0        2.0       -3.0       -3.0        7.0       -3.0        2.0       -6.0       -8.0       -4.0        6.0        7.0       -3.0        5.0        8.0        9.0       10.0        2.0       10.0       -8.0      270.0       -1.0        4.0        1.0       -5.0        9.0       -6.0       -9.0       -9.0        7.0        1.0      -10.0        0.0        4.0       -5.0        1.0        2.0       -2.0       -4.0        7.0       -5.0        7.0        0.0       -3.0       -1.0      -10.0 =    -2460.0
       8.0       -4.0       -9.0        6.0       -4.0       -9.0       -5.0       -4.0        2.0        9.0       -2.0        0.0        4.0       -6.0        2.0        4.0        4.0        5.0        1.0       -9.0        8.0        3.0        8.0        0.0       -5.0       -9.0       10.0       -9.0       -9.0     -274.0       -8.0       -2.0       -7.0       -6.0        3.0       -6.0        1.0        3.0        3.0       -3.0       -9.0        4.0        8.0        5.0        0.0      -10.0       -2.0       -3.0       -7.0        0.0        4.0        1.0       -8.0       -3.0 =    -2608.0
       8.0        8.0       -6.0        5.0        8.0        4.0       -9.0        1.0       -2.0        8.0        4.0        1.0        3.0        5.0        9.0       -1.0        5.0       -8.0       -5.0       -6.0       -4.0        8.0        8.0       -5.0        6.0        8.0        5.0       -7.0       -5.0       -3.0      284.0       -1.0       -1.0        6.0       -4.0        1.0        7.0       -5.0       -6.0      -10.0       -8.0       -3.0        1.0       -3.0        9.0        7.0       -7.0        5.0        2.0        5.0        6.0       -3.0        4.0        8.0 =     1011.0
       7.0       -3.0       -4.0       -1.0       -8.0       -1.0       -7.0        3.0       -1.0       -1.0        4.0        6.0       -1.0      -10.0       -9.0        0.0        9.0       -6.0       -2.0        8.0        3.0        0.0       -1.0        0.0       -9.0       10.0       -8.0       -7.0        7.0       -7.0        2.0      273.0       -8.0        3.0       -3.0       -1.0        6.0       -8.0        5.0        3.0        9.0       -6.0       -5.0        6.0       10.0       -6.0       -5.0        0.0        6.0       -4.0        2.0       -7.0      -10.0        9.0 =     -968.0
      -8.0       -2.0       -2.0        8.0        1.0        9.0       -4.0       10.0      -10.0        4.0       -4.0       -5.0        7.0       10.0       -8.0        9.0       -4.0       -5.0       -3.0       10.0        8.0       -1.0        0.0        9.0       -1.0       -6.0        6.0        7.0        8.0        9.0       -7.0       -2.0      307.0       -7.0       -9.0       -3.0       -4.0        6.0        9.0        1.0       -8.0       -9.0        1.0       -6.0        1.0       -1.0       -7.0        8.0       -2.0        4.0      -10.0       -2.0       -9.0        5.0 =    -3080.0
       8.0       -8.0        5.0       -5.0       -3.0       -6.0        9.0        6.0       -2.0        2.0        8.0        1.0        1.0      -10.0       -2.0       -9.0        3.0        0.0        8.0        9.0       -7.0      -10.0        6.0      -10.0       -1.0       10.0       -1.0       -9.0       -1.0        6.0        9.0       -2.0        0.0     -285.0        2.0        7.0       -7.0        5.0        4.0        9.0       -8.0       -6.0        2.0      -10.0        8.0       -4.0        1.0       -5.0       -2.0       -8.0       -6.0       -4.0       -2.0        4.0 =     1200.0
      -5.0       -1.0        6.0        1.0        8.0        9.0       -5.0        9.0       -4.0       -5.0      -10.0        2.0        6.0        2.0        3.0        3.0        5.0        1.0        6.0       -4.0        8.0       -6.0        8.0       -6.0       -6.0        4.0        1.0       -6.0       -8.0       -2.0       -6.0       -1.0        0.0       -6.0      259.0        9.0        7.0       -8.0       -9.0       -4.0        4.0        4.0        9.0        0.0        6.0        0.0        1.0       -9.0       -4.0        2.0        3.0        6.0        3.0        0.0 =    -1960.0
       8.0       -9.0       -5.0       -8.0        9.0       -7.0       -8.0        4.0        0.0        8.0       -7.0       -5.0       -5.0        5.0       -9.0        5.0        5.0       -5.0        7.0       -6.0      -10.0       -2.0       -5.0       -6.0        5.0       -8.0       -8.0       -3.0       -6.0        1.0       -3.0        5.0        2.0        9.0        7.0     -282.0       -7.0        2.0        0.0        0.0        6.0       -4.0        3.0       -6.0        2.0       -6.0        9.0       -3.0       -3.0        0.0        7.0        6.0        1.0       -4.0 =     1944.0
       6.0       -9.0        6.0        3.0        9.0        5.0       -2.0        8.0        7.0       -6.0       -2.0       -9.0       -7.0        0.0       -2.0       -1.0       10.0        1.0        7.0        4.0        8.0        2.0       -2.0        0.0        8.0        4.0       -5.0       -6.0        0.0        8.0        0.0        8.0       -8.0        7.0        4.0        9.0      286.0       -9.0        1.0        5.0        9.0        7.0       10.0       -1.0        0.0        7.0       -9.0        8.0        4.0       -9.0        2.0        9.0       -2.0       -2.0 =      381.0
       8.0       -1.0       -2.0       -4.0        3.0       -1.0        5.0        7.0       -6.0       -5.0       -5.0       -8.0       -1.0        2.0        2.0       -7.0       -8.0       -2.0      -10.0       -7.0       -6.0       -9.0       -6.0        3.0       -7.0       10.0        6.0        1.0       -7.0        8.0       -3.0        9.0        6.0        7.0       -2.0        0.0        3.0      302.0        6.0       -2.0       -6.0        4.0        9.0        9.0       -3.0      -10.0       -8.0        9.0        6.0        9.0       -7.0        8.0       -9.0       -5.0 =     1140.0
       2.0       -8.0        4.0        6.0       -7.0       -6.0        7.0        4.0       -4.0        7.0       -2.0       -6.0        4.0       -4.0        3.0       -8.0        2.0        7.0        0.0        9.0        8.0        6.0        6.0       -2.0        0.0       -3.0       -1.0       -8.0       -3.0        7.0        1.0        1.0        5.0       -3.0        7.0        9.0       -2.0       -6.0      263.0       -8.0       -7.0       -5.0       -8.0       -7.0        3.0       -3.0       -4.0        2.0        0.0       -6.0        5.0       -9.0        3.0       -8.0 =      729.0
      -9.0       10.0       -3.0        5.0       -6.0       -9.0       -8.0       -3.0       -8.0        2.0       10.0        9.0       -2.0        2.0        9.0        1.0       -8.0       -4.0        6.0       -1.0        2.0        0.0       -9.0       -2.0        3.0       -7.0        2.0       -8.0        1.0        9.0        2.0        9.0       -1.0        6.0        2.0        2.0        5.0        2.0        0.0      261.0       -9.0        0.0       -5.0       -1.0        3.0       -9.0        5.0        9.0        6.0       -2.0        1.0       -7.0        4.0       -7.0 =     -780.0
      -9.0       -3.0        4.0        9.0        3.0       -6.0       10.0        0.0        6.0        8.0        4.0       -1.0        2.0        8.0       -3.0        0.0       -4.0        0.0        0.0        6.0       -3.0       -2.0        3.0       -2.0       -7.0        9.0       -4.0        1.0       -4.0        8.0        6.0        2.0        4.0        1.0       -1.0       -3.0        1.0        1.0        9.0       -7.0      217.0        7.0       -7.0        4.0       -1.0        2.0        0.0       -6.0        7.0        8.0        0.0        0.0       -1.0       -2.0 =      274.0
       9.0       -1.0        2.0       -7.0        7.0       -2.0        1.0       -3.0        6.0        0.0        3.0        8.0       -6.0        4.0       10.0       -1.0       -3.0       -6.0        8.0       -9.0       -7.0       -4.0       -3.0        3.0       -8.0        4.0        9.0        2.0       -3.0       -6.0        1.0       -7.0        6.0       -6.0        1.0        4.0        3.0       -7.0        5.0       -4.0       -8.0     -274.0       -9.0       -5.0        9.0       -9.0        3.0        6.0        9.0        1.0       -7.0        2.0        4.0       -8.0 =    -1698.0
       7.0        2.0        8.0        2.0       -1.0        6.0        7.0        7.0        9.0        5.0       -9.0        9.0       -7.0        5.0        7.0       -1.0       -2.0        2.0        2.0      -10.0       -5.0        8.0       -3.0       -3.0        7.0        4.0       -9.0       -6.0       -4.0        9.0        5.0        9.0        6.0        8.0       -3.0       -4.0        9.0       -1.0        6.0        1.0        6.0       -5.0     -299.0       -1.0        8.0        1.0        8.0       -9.0      -10.0        7.0        7.0       -6.0        2.0        7.0 =     1212.0
      -8.0       -5.0        8.0       -5.0       -2.0       -6.0        8.0        3.0        1.0       -3.0        0.0       -4.0        9.0        2.0       -9.0        1.0       10.0        7.0        3.0       -3.0       -8.0       -7.0        3.0       -3.0       10.0        5.0        2.0        4.0       -1.0        0.0       -1.0       10.0       -9.0       -5.0       -7.0       10.0       -3.0       -4.0       -5.0        8.0        5.0       -7.0        6.0     -291.0       -2.0        5.0       -9.0       -3.0        9.0        8.0       -8.0        7.0       -9.0        6.0 =    -1108.0
       4.0       -6.0        9.0        0.0       -7.0       -7.0        8.0        7.0        9.0        4.0       -9.0        9.0        3.0        4.0        2.0        3.0        9.0        3.0       -6.0        3.0        2.0       -6.0        0.0        4.0        1.0        4.0        5.0        5.0        1.0        8.0        8.0       -8.0        5.0       -9.0        3.0        7.0        6.0       -9.0       -3.0        7.0       -2.0       -7.0        3.0       -6.0     -291.0        6.0       -5.0       10.0        9.0       -4.0       10.0        3.0        7.0        6.0 =      376.0
       2.0        3.0        3.0       -8.0       -6.0       -3.0       -8.0        2.0        2.0       -9.0       10.0        3.0       -2.0       -3.0       -4.0        0.0       -7.0       -6.0       -5.0        2.0      -10.0        5.0        3.0       10.0        8.0        3.0        3.0        4.0        9.0        8.0        4.0       -4.0        0.0        1.0       -1.0       -9.0        8.0        8.0        7.0       -3.0        6.0       -1.0        2.0       -4.0       -2.0      243.0        8.0       -4.0       -3.0       -1.0        5.0        2.0       -4.0        4.0 =    -1355.0
      -9.0       -4.0        1.0       -3.0        0.0       -3.0        1.0        5.0       -8.0       -2.0        3.0       -3.0       -3.0       -3.0        6.0       -5.0       -4.0        1.0        3.0       -1.0        4.0        5.0        3.0       -3.0        2.0       10.0        4.0        0.0       -6.0        9.0       -4.0      -10.0       -2.0        5.0       -7.0       -8.0        1.0       -4.0        1.0       -4.0        9.0       -6.0        4.0       -6.0       -7.0        5.0     -243.0        3.0        4.0       -7.0       -9.0       -9.0        5.0        5.0 =    -1420.0
       0.0        8.0       -3.0       -6.0       -8.0        4.0        4.0       -3.0       -2.0        4.0       -3.0        2.0       10.0        1.0        6.0        5.0       -5.0        5.0        7.0        3.0        3.0        3.0        8.0        0.0        4.0       -3.0        4.0       -3.0        8.0        5.0        4.0        8.0       -7.0       -2.0        7.0        2.0        8.0       10.0       -4.0        4.0       -9.0        1.0        9.0        0.0        9.0       -9.0       -6.0     -251.0       -3.0        8.0       -1.0       -3.0       -3.0        1.0 =     -676.0
       9.0        9.0        3.0        8.0        6.0        5.0        6.0        6.0        3.0       -1.0        6.0       -3.0       -2.0       -4.0       -5.0       -6.0        3.0       -3.0        0.0        5.0        7.0        7.0      -10.0        3.0       -9.0       -4.0       -5.0       -5.0        4.0        5.0       -1.0       -6.0        3.0        2.0       -6.0        1.0       -8.0        3.0       -8.0       -5.0        2.0      -10.0        8.0       -9.0        0.0       -1.0        0.0       -7.0      269.0       -5.0        7.0       -4.0       -5.0      -10.0 =    -1984.0
       2.0        8.0        2.0       -3.0       -5.0        4.0       10.0       -9.0        5.0       -3.0        3.0       -2.0        0.0        4.0        5.0       -8.0        8.0       10.0       -8.0       -8.0        8.0       -8.0       -6.0        0.0       -2.0       -5.0       -4.0       -3.0        7.0       -6.0       -3.0      -10.0       -5.0       -3.0        6.0        2.0       -3.0       -9.0       -5.0        6.0        5.0        0.0        6.0       -7.0        6.0        2.0        1.0       -9.0        3.0     -273.0       -6.0       -7.0       -9.0        0.0 =     2212.0
      -1.0       -2.0        1.0       -3.0       -2.0       -5.0        6.0       -9.0       -8.0       -2.0       10.0        5.0       -4.0       -9.0       -9.0        4.0       -3.0        6.0       -6.0       -6.0        9.0       -8.0        6.0        9.0       -3.0       -8.0        7.0        6.0       -2.0        6.0        9.0       -6.0       -2.0       -7.0        4.0       -7.0       -6.0        5.0        6.0       -7.0       -3.0        1.0        1.0       -5.0      -10.0       -4.0        5.0        0.0       -7.0        2.0      287.0       -9.0       -8.0        5.0 =      916.0
       8.0        8.0       -4.0        4.0       -4.0        8.0        2.0        0.0        3.0        3.0       -4.0       -5.0        8.0        8.0       -5.0       10.0       -1.0        2.0       -9.0        3.0       -6.0        8.0      -10.0       -7.0       -6.0       -5.0       -8.0        1.0       -9.0       -8.0        1.0       -2.0       -4.0       -6.0        1.0        0.0        8.0       -1.0        4.0       -1.0        7.0       -9.0        6.0        6.0       -3.0        0.0        7.0        3.0       10.0       -2.0       -7.0     -275.0       -9.0        9.0 =      816.0
       0.0        7.0        2.0       -8.0       -5.0        5.0       -6.0       -9.0        8.0        2.0       -4.0       -3.0        9.0       10.0        3.0       -4.0        9.0       -3.0       -1.0        2.0       -1.0        7.0        4.0       -8.0       -8.0       -7.0        6.0        1.0       -3.0       -8.0        4.0       -8.0        7.0       -2.0        5.0        4.0       -6.0       -1.0       -3.0        6.0      -10.0       -9.0       -2.0        0.0        5.0        8.0        0.0       10.0       -5.0        2.0       -7.0       -3.0     -267.0       -1.0 =      276.0
       2.0        2.0       -7.0       -8.0       -1.0        7.0       -8.0       -1.0       -8.0       -3.0       -4.0       -8.0       10.0       -8.0       -1.0        5.0        0.0      -10.0       -6.0        2.0        7.0        4.0        2.0       -3.0        1.0       -1.0        3.0        3.0       -2.0       -4.0        1.0       -4.0       10.0        2.0        4.0        1.0       -1.0       -5.0       -4.0        1.0        5.0       -3.0       -5.0        4.0       -3.0        9.0       -4.0       -6.0       -2.0        8.0       -5.0       -6.0      -10.0      235.0 =    -1683.0

      -6.0       -7.0       -9.0        2.0        4.0       -9.0        7.0        2.0        2.0        2.0       -2.0        8.0        2.0       10.0        3.0        7.0        8.0       -3.0       -2.0        1.0        2.0       10.0       -9.0       -2.0        4.0       -2.0       -9.0        0.0      -10.0        8.0        3.0       -4.0      -10.0       -4.0       -7.0       -6.0        1.0        4.0        3.0       -3.0        1.0        6.0       -6.0        4.0       -2.0       -5.0        5.0        4.0       -8.0       -7.0        4.0       -3.0       -1.0       -9.0
