54
    -307.0       -7.0       -7.0        2.0        4.0        4.0       -8.0       -5.0        7.0        8.0        9.0       -3.0        5.0       -3.0       -7.0        1.0       -7.0       -4.0      -10.0        5.0       10.0       -3.0        7.0       -7.0       10.0        9.0        7.0       -6.0        8.0        8.0       -3.0        3.0       -2.0        3.0        3.0        0.0       -9.0       -4.0        6.0      -10.0      -10.0       -1.0       -6.0        8.0       -4.0        3.0       -3.0      -10.0        8.0       -9.0       -2.0        7.0        6.0        2.0 =     2432.0
      -6.0     -295.0       -7.0        9.0       -9.0        9.0       -5.0       -3.0        6.0       -9.0       -8.0       -3.0       -2.0        0.0       -4.0       -2.0        7.0        8.0       -7.0       -6.0       -9.0       10.0       -9.0      -10.0       -7.0        3.0      -10.0        6.0        2.0        6.0       -3.0       -9.0        3.0        7.0       -1.0        1.0       -2.0        5.0       -4.0       -2.0       -3.0       -3.0       -1.0       -8.0       -3.0       10.0       -3.0       -5.0       -8.0        5.0       -4.0       -9.0       -4.0       -4.0 =      390.0
       6.0        1.0     -284.0        1.0       -9.0       -3.0        5.0       -4.0       -8.0        6.0        1.0        6.0        1.0       -6.0        4.0       -7.0        7.0        5.0       -2.0        4.0       -4.0        5.0       -3.0        6.0        7.0        8.0       -6.0        5.0        5.0       -9.0        5.0       -6.0        3.0       -5.0       -8.0       -6.0       -2.0       -6.0       -9.0        4.0       10.0        3.0        9.0        5.0       -7.0        1.0        7.0        6.0       -7.0        2.0        0.0       -8.0       -6.0        9.0 =     1876.0
      -5.0        7.0       -7.0     -292.0       -2.0        9.0        2.0        9.0       -1.0       -1.0        6.0       -8.0        4.0       -9.0        4.0        1.0       -3.0        2.0        8.0        2.0        5.0       -6.0       -7.0        3.0       -2.0       -2.0       -8.0       -8.0       -6.0       -1.0        1.0        8.0       -7.0       -8.0       -4.0       -2.0        6.0       -9.0       -7.0        2.0       -7.0       -9.0       -7.0      -10.0       -6.0        4.0       -7.0        3.0        9.0       -9.0        9.0        1.0       -2.0       -8.0 =     -365.0
      -5.0        0.0      -10.0       -2.0     -293.0       -8.0       -1.0        9.0        2.0        4.0        4.0       -8.0        6.0        7.0        0.0       -9.0        9.0        9.0        0.0        2.0       -7.0       -2.0       -6.0       -1.0        8.0       -2.0       -5.0        5.0       -6.0       10.0       -5.0       -9.0        7.0       -4.0      -10.0       -8.0        6.0        1.0        4.0       -9.0        1.0        4.0        3.0       -6.0        5.0       -7.0        8.0        7.0        7.0       -4.0       -9.0       -8.0        9.0       -4.0 =    -1555.0
       0.0       -3.0        6.0       -9.0      -10.0     -309.0      -10.0        9.0       -1.0       -5.0       10.0        6.0        5.0       -4.0        9.0       -6.0        9.0        4.0       -2.0       -8.0       -3.0       -6.0       -2.0        9.0        2.0      -10.0        4.0       -9.0       -6.0        8.0       -9.0        2.0        6.0       -3.0        5.0       -7.0       -8.0      -10.0        1.0        4.0        1.0       -4.0        7.0       -3.0       -1.0       -6.0       -9.0       -1.0       10.0        8.0        8.0       -7.0       -8.0        1.0 =     3105.0
       1.0        1.0       -9.0        3.0        8.0       -3.0      273.0      -10.0        8.0      -10.0        6.0        4.0        2.0        4.0       -2.0        6.0        8.0        3.0       -1.0        4.0       10.0        6.0       -9.0        5.0       -2.0       -7.0        2.0        4.0       -2.0       -6.0        7.0       -6.0       -3.0       -5.0        0.0        5.0        4.0       -8.0       -4.0       -7.0        4.0        8.0       -5.0       -2.0        0.0       -5.0       -8.0       -5.0       -8.0        7.0        2.0        8.0        2.0       -6.0 =     1360.0
      -5.0       -7.0        7.0        6.0       -7.0        1.0       -8.0     -266.0       -3.0        6.0        3.0       -3.0        5.0        1.0        3.0        2.0       -4.0        4.0       -5.0       -3.0       10.0       -5.0        7.0       -2.0       -4.0        2.0       -7.0        5.0        0.0       -5.0        3.0       10.0        8.0        8.0        8.0        1.0        4.0       -5.0        4.0        3.0        3.0       -6.0       -7.0        9.0        5.0       -7.0       -8.0        4.0       -6.0        1.0       -1.0      -10.0       -6.0       -8.0 =      265.0
       8.0        1.0        1.0        0.0       10.0       -1.0       -3.0       -9.0     -279.0        7.0        6.0        4.0      -10.0       -4.0       -7.0       -1.0        1.0       -8.0       -2.0       -4.0       -7.0        3.0       -7.0       -8.0        8.0        7.0       -9.0       -8.0       -8.0        7.0       -3.0        5.0       -8.0       -4.0        5.0       -2.0        7.0       -2.0        3.0       -9.0        9.0       -8.0        7.0       -8.0       -3.0        6.0       -6.0        4.0        3.0        1.0        3.0        5.0        3.0       -4.0 =     -616.0
       7.0       -3.0       -5.0       -7.0        7.0        5.0        4.0        4.0        1.0      248.0        2.0       10.0        2.0        0.0        5.0       -3.0       -7.0       -1.0       -6.0        3.0       -5.0        3.0        0.0       -4.0       -2.0       -9.0        8.0       -9.0       -1.0       -2.0        0.0        3.0        1.0        0.0        7.0        8.0        9.0       -4.0        6.0        3.0       -9.0       -5.0        7.0        1.0        7.0      -10.0        1.0       -4.0        7.0        7.0        9.0        5.0       -3.0        5.0 =    -1480.0
      -9.0       -5.0        6.0        2.0        8.0       -5.0       -2.0       -7.0       -2.0       -5.0     -298.0       -5.0        2.0      -10.0        9.0       -2.0       -6.0        3.0       -7.0       10.0      -10.0       -9.0       -6.0       -5.0       -3.0       -8.0        6.0      -10.0        1.0       10.0       -2.0       -4.0        4.0       -1.0        8.0        5.0        8.0       -5.0       -5.0        9.0       -6.0        5.0       -4.0       -4.0        7.0       -6.0        4.0       -2.0        9.0        1.0        7.0       -9.0        3.0        6.0 =    -1645.0
       6.0       -1.0        1.0        3.0        8.0       10.0       -9.0       -3.0        8.0        9.0       -7.0      262.0       -6.0        7.0        5.0       -4.0        1.0        1.0        4.0       -5.0        6.0        5.0       -1.0       -6.0        5.0        9.0        5.0       -1.0        4.0        8.0       -7.0       -1.0        3.0       -5.0       -4.0        6.0       -9.0       -6.0        1.0       -3.0      -10.0        2.0        5.0        9.0        5.0        0.0       -6.0       -9.0        0.0       -7.0        3.0        9.0       -2.0       -1.0 =     2376.0
      -7.0       -3.0       -1.0        8.0        0.0       -2.0        5.0        8.0       -5.0        0.0       -1.0        3.0      239.0        3.0       -7.0        0.0       -3.0       -2.0        5.0       -6.0        5.0        6.0       -7.0       -1.0       -8.0       -9.0       -3.0        5.0        5.0        0.0       -6.0        2.0       -7.0       -5.0       -1.0       -7.0       -7.0       -1.0       -6.0       -3.0      -10.0       -6.0       -6.0       -9.0       -2.0       -2.0        5.0        1.0       -2.0        1.0       -9.0        9.0        1.0       10.0 =     -167.0
      -7.0        9.0       -4.0       -9.0        8.0        2.0       -9.0        4.0        1.0        3.0       -4.0        5.0       10.0     -272.0        9.0       -5.0        8.0       -4.0       -3.0       -7.0        2.0        0.0        6.0        7.0       -2.0        8.0        1.0       -7.0        1.0       -6.0       -5.0       10.0        3.0        6.0        0.0       -3.0      -10.0       -7.0       -4.0        4.0      -10.0       -1.0       -5.0       -5.0       -7.0        0.0       -4.0       -4.0        4.0       -5.0       -6.0       -5.0        7.0        0.0 =    -1812.0
       0.0        4.0        8.0        0.0        2.0       10.0       -1.0        9.0      -10.0        7.0        3.0        1.0        6.0       -5.0      236.0        1.0        0.0        9.0       -6.0        2.0        0.0        7.0       -9.0        5.0       -3.0        4.0        8.0       -2.0       -9.0       -1.0        4.0        2.0        6.0        5.0       -5.0        3.0        7.0        8.0       -1.0       -8.0        5.0        3.0       -1.0       -3.0       -9.0       -9.0        3.0        1.0       -1.0        6.0        6.0       -1.0        4.0        0.0 =      301.0
      -6.0        5.0        7.0       -3.0       -1.0        2.0       10.0       -1.0        4.0       -8.0       -7.0       -3.0       -4.0       -7.0       -5.0     -267.0        5.0       -1.0        7.0        3.0        6.0       -6.0       -7.0       -4.0        8.0       -8.0        9.0        2.0       -7.0        1.0        1.0        0.0        3.0       -8.0       -7.0        7.0       -6.0       -1.0        4.0       -3.0       -1.0        4.0        6.0       -5.0        7.0        6.0        3.0       -2.0       -9.0       -9.0       10.0        8.0       -2.0       -6.0 =     1656.0
       9.0       -3.0       -5.0       -3.0       -9.0       -2.0        7.0        8.0       -5.0       -9.0       -1.0       -3.0        9.0       -4.0        6.0        1.0      261.0       -6.0        7.0       -7.0        0.0        7.0       -5.0        4.0        8.0       -8.0       -9.0       -6.0       10.0       -2.0       -8.0       -2.0        1.0       -3.0        1.0        5.0        4.0       -2.0       -9.0        6.0        3.0        1.0        8.0        9.0        1.0        1.0        4.0        1.0       -9.0        5.0        4.0        5.0        0.0       -2.0 =    -2466.0
       7.0        3.0        1.0        0.0       -5.0        0.0       -1.0        4.0       -8.0        5.0        6.0        1.0        2.0       -3.0        7.0       -3.0        9.0      258.0       10.0        0.0        5.0       -2.0        8.0       -4.0        8.0        4.0        9.0        5.0        5.0       -9.0        9.0       -6.0       -8.0        8.0        2.0       -4.0       -7.0        3.0       -1.0        0.0        1.0       -3.0       -2.0       -7.0        6.0       -5.0        7.0        1.0       -7.0        7.0        8.0        5.0       -7.0       -6.0 =      632.0
       7.0        1.0       -5.0        9.0        9.0       -9.0       -7.0        4.0        5.0       -8.0       -3.0        5.0        0.0        0.0       -2.0       -9.0        5.0        8.0     -287.0        6.0        6.0        5.0        9.0        5.0      -10.0       -3.0        1.0       -3.0       -1.0        1.0       -4.0        0.0       10.0        8.0        2.0        6.0        6.0        4.0       -7.0       -7.0       -8.0        5.0        3.0        3.0       -1.0        9.0        9.0       -2.0      -10.0        9.0       -6.0        6.0        5.0       -9.0 =        0.0
       8.0        4.0       -4.0        4.0        5.0        1.0       -4.0       -3.0        9.0       -2.0        0.0        8.0       -9.0       -3.0        6.0        3.0        6.0       -6.0       -4.0     -243.0        7.0        5.0       -7.0       -5.0        9.0       -4.0        0.0       -3.0        4.0       -3.0       -2.0       -5.0        3.0       -4.0       -7.0        5.0        9.0        1.0        9.0       -3.0        3.0        0.0        2.0        9.0        4.0        3.0        5.0       -6.0       -5.0       -8.0        4.0        9.0       -1.0        0.0 =     -784.0
      -9.0        0.0        0.0        4.0       -4.0        4.0        0.0       -7.0        4.0       -9.0       -3.0       -8.0       -9.0      -10.0        3.0       -4.0        7.0       -5.0       -7.0       -3.0     -230.0       -2.0        6.0       -1.0       -2.0       -7.0        6.0        1.0       -6.0       -3.0        2.0       -8.0       -1.0       -6.0       -1.0        2.0       -6.0        6.0        1.0       -3.0       -3.0        3.0        3.0        5.0        3.0        1.0        5.0       -7.0        0.0       -3.0        5.0        2.0        6.0       -5.0 =    -1758.0
      -4.0       -5.0        4.0       -4.0        0.0       -4.0        0.0       -8.0        5.0        0.0       -2.0       -3.0       -4.0       -7.0       -2.0       -5.0        9.0       -4.0       -3.0        1.0       -8.0     -258.0       -1.0       -7.0       -5.0       -9.0        4.0        9.0        1.0       -5.0        2.0       -8.0        9.0       -5.0        3.0        2.0       -8.0       -6.0        0.0       10.0       -5.0        6.0        5.0        7.0        2.0       -8.0       -9.0       10.0       -9.0       -9.0       -1.0        2.0        4.0       -1.0 =     1932.0
      -7.0       -3.0        3.0       -9.0       -1.0        7.0       -8.0        2.0       -7.0       -1.0       -6.0       -6.0       -6.0       10.0        8.0        7.0       -9.0       -3.0       -2.0        1.0        3.0       -7.0     -256.0        0.0        4.0       -5.0       -5.0       -6.0       -6.0       -2.0        3.0       -2.0       -9.0        4.0      -10.0       -8.0        6.0        9.0        5.0       -1.0       -3.0        6.0       -4.0        6.0        1.0        5.0        6.0        0.0      -10.0       -3.0       -1.0        0.0       -1.0       -6.0 =     -951.0
       8.0       -1.0        8.0        3.0        0.0       -6.0        9.0        0.0       -7.0        3.0       -7.0        8.0       -6.0       -9.0        1.0        3.0        9.0       -9.0        6.0       -1.0        2.0        2.0       -9.0      257.0       -8.0        3.0        1.0        6.0        5.0       10.0       -3.0        0.0       -1.0        3.0       -9.0       -6.0       -5.0       -7.0       -2.0       -4.0       -5.0       -1.0       -6.0       -8.0       -1.0       -3.0       -9.0      -10.0        4.0        1.0        4.0       -7.0       -1.0       -6.0 =    -1393.0
      -8.0       -5.0        8.0        0.0       -6.0        9.0        0.0       -6.0        2.0        8.0       10.0       -9.0       -8.0       -9.0       -4.0        3.0        8.0       -6.0        4.0        0.0       -5.0        6.0        1.0       -5.0      257.0        8.0       -6.0        0.0        2.0        4.0        0.0       -5.0       -5.0       -5.0       -1.0       -7.0        4.0        1.0       10.0        3.0       10.0        1.0        4.0        3.0        2.0        0.0        3.0        0.0       -8.0       -5.0        5.0       -9.0        8.0        3.0 =     1855.0
       2.0        5.0      -10.0        8.0       -6.0        7.0        5.0       -7.0        5.0        2.0        9.0       -1.0       -3.0       10.0        8.0       -6.0        5.0        5.0        3.0        1.0       -1.0        2.0       -6.0       -9.0       -6.0     -278.0        8.0      -10.0      -10.0        0.0       -7.0       -3.0        7.0       -5.0       -7.0       -5.0        1.0       -1.0       -2.0        7.0       -7.0       -4.0       -7.0        0.0       -6.0        9.0        8.0        6.0       -6.0       -8.0       -1.0        1.0       -1.0        0.0 =    -1794.0
      -6.0       -1.0        4.0       -1.0        2.0       -2.0        1.0        3.0       -8.0        8.0       -3.0       -3.0        2.0        0.0        6.0        5.0        5.0        3.0        1.0       -1.0       -7.0       -6.0       -5.0        0.0       -7.0       -3.0      236.0       -9.0       -2.0       -2.0       -6.0       -3.0       -9.0        4.0        0.0        2.0       -8.0       -2.0        6.0        7.0        9.0       -5.0       -2.0        5.0        6.0       -9.0       -8.0        0.0       -6.0        2.0       -7.0       -4.0       -7.0       -8.0 =    -1169.0
      -2.0       -6.0        7.0        2.0      -10.0       -2.0        1.0        0.0        6.0      -10.0        0.0        1.0       -6.0       -2.0       -9.0       -4.0        9.0        1.0       -6.0        4.0        4.0       -9.0       -1.0       -5.0      -10.0       -4.0        2.0      264.0        3.0        9.0        0.0        6.0       -4.0       -8.0       10.0       -8.0       -2.0       -6.0        9.0        1.0        5.0        1.0       -7.0        7.0       -5.0       -1.0        4.0        6.0       10.0        2.0        8.0       -2.0       -1.0       -6.0 =      984.0
      -5.0        6.0       -3.0        3.0       -7.0        0.0       10.0       -2.0        8.0        6.0       -5.0       -3.0        6.0        0.0       -3.0       -2.0       -8.0       -6.0       -9.0        1.0       -1.0       10.0       10.0       -4.0        4.0        4.0       -5.0       -5.0     -243.0        4.0        0.0       -2.0        8.0       -9.0        8.0       -7.0       -7.0        7.0       -4.0        1.0       -8.0        3.0       -1.0        3.0        2.0        3.0       -1.0        5.0        0.0        1.0       -8.0        2.0        5.0       -5.0 =      972.0
      -9.0        0.0        3.0        4.0       10.0        3.0       -3.0        2.0        6.0        5.0       -6.0        4.0       -1.0       -9.0        1.0        3.0       -5.0        3.0        6.0        3.0        2.0       -4.0       -4.0        5.0        4.0        7.0       10.0        8.0       -9.0     -268.0       -1.0       -4.0       -9.0       -4.0        4.0       -5.0       -6.0       -9.0      -10.0        9.0        0.0       -1.0       -1.0       -9.0        9.0        1.0       -8.0        9.0       -7.0        0.0        1.0        6.0        5.0        5.0 =    -1016.0
      -6.0       -4.0       -8.0       -7.0        6.0        2.0        6.0        2.0        9.0       -9.0       -3.0       -5.0        7.0        9.0        2.0        3.0       -2.0        2.0        5.0       -2.0       -3.0       -7.0        1.0       -9.0       -8.0       -3.0       -5.0        0.0        1.0        3.0     -245.0        3.0        4.0       -8.0       -4.0       -1.0        3.0        2.0       -7.0        5.0        0.0        9.0        7.0       -2.0       -6.0        7.0       -1.0        2.0       -1.0        0.0       -4.0        2.0       -9.0       10.0 =    -2056.0
       9.0       -9.0        2.0        7.0      -10.0        3.0      -10.0       -3.0       -9.0       -5.0        9.0        9.0        7.0       -6.0       -4.0       -7.0        3.0        4.0       -6.0       -8.0       -8.0        2.0       -1.0       -3.0       -9.0        3.0        1.0        4.0        6.0        2.0       -1.0      295.0       -2.0       -8.0        4.0        9.0        6.0        1.0       -2.0        2.0        6.0       -8.0       -6.0      -10.0        7.0        3.0        7.0       -1.0        3.0       -8.0       -9.0        8.0        4.0       10.0 =    -1698.0
       1.0        9.0       -7.0        1.0        2.0       -5.0       -5.0        5.0        7.0        2.0       -7.0        6.0        9.0        4.0        5.0       -5.0       -1.0       -1.0        9.0        1.0       -5.0        1.0       -3.0        5.0       -8.0        8.0        4.0      -10.0       -7.0       -5.0        7.0       -1.0     -251.0        5.0       -8.0       -8.0        0.0        6.0       -1.0        0.0        1.0       -3.0      -10.0       -4.0        1.0        3.0       -8.0        3.0       -3.0       -8.0        5.0       -7.0        0.0       -4.0 =     1375.0
     -10.0       -5.0       -8.0        1.0        8.0        4.0        1.0       -4.0        1.0        1.0       -2.0       -2.0      -10.0       -3.0       -3.0       -8.0       -3.0       -4.0        5.0       -9.0       -2.0      -10.0        9.0        5.0        2.0        9.0        3.0        8.0        3.0        2.0        3.0       -6.0       -2.0      251.0       -1.0       -4.0       -3.0        5.0        5.0       -5.0        0.0       -9.0      -10.0        7.0        5.0       -6.0       -3.0        2.0        4.0        0.0        6.0      -10.0       -2.0       -1.0 =     1435.0
       1.0       -5.0        5.0        2.0        6.0       10.0       -9.0        5.0       -4.0        0.0        1.0        2.0        8.0        9.0        5.0        2.0        9.0       -2.0       -4.0        4.0       -4.0       -9.0       -2.0       -8.0       -1.0       -1.0       -6.0       -6.0        2.0       -4.0        3.0       -1.0       -8.0        3.0      260.0        4.0        3.0       -8.0       -8.0       10.0        8.0        0.0       -1.0       -6.0       -8.0        0.0       -7.0        8.0       -5.0        9.0        5.0       -2.0       -6.0      -10.0 =    -1245.0
      -7.0       -9.0        7.0       -5.0        0.0       -2.0       10.0        8.0        4.0        0.0       -2.0        1.0        5.0        5.0       -1.0       -3.0       10.0        3.0        7.0        9.0        6.0       -3.0       -2.0        3.0       -6.0       -4.0        5.0        2.0        4.0       -4.0        4.0       -4.0       -5.0        8.0      -10.0     -244.0       -1.0        2.0       -4.0       -6.0        8.0       -1.0        0.0        2.0       -9.0       -2.0        9.0        3.0       -3.0       -9.0        6.0        0.0        2.0       -4.0 =     -217.0
       6.0        7.0        4.0        7.0        9.0       -8.0        2.0       -8.0        6.0        0.0       -6.0        1.0        1.0        7.0        2.0        8.0       -6.0        0.0       -6.0        6.0        8.0       -5.0        4.0      -10.0        5.0        0.0       -9.0        9.0       -4.0       -5.0       -1.0        3.0       -8.0        3.0        7.0        5.0     -273.0        6.0       -8.0        3.0        5.0       -2.0       -4.0       -8.0       -8.0        9.0        5.0        1.0       -4.0       -2.0       -3.0       -7.0        1.0        5.0 =    -2500.0
      -8.0        1.0        2.0      -10.0       -9.0        1.0       -1.0       -4.0        0.0       -7.0      -10.0       -5.0       -7.0        6.0        3.0       -8.0       -2.0        7.0       -6.0       -8.0       -6.0       -6.0      -10.0        5.0        0.0       -9.0       -5.0        5.0        2.0       -2.0        0.0        4.0        5.0       -4.0       -8.0        8.0        4.0      285.0       -8.0        4.0        1.0        6.0       -3.0        4.0       -9.0       -4.0        3.0       -7.0        8.0       -9.0       -9.0        2.0        8.0        9.0 =     -796.0
       9.0       -3.0        7.0       -9.0        7.0       -7.0       -8.0        3.0        4.0        8.0        7.0       -1.0        3.0        8.0        3.0       -8.0       10.0       -3.0       -6.0        9.0       -5.0        4.0        3.0        7.0        3.0        8.0        4.0       -9.0       -8.0        1.0       -9.0        2.0        1.0        7.0        3.0        1.0       -3.0        5.0     -306.0       -2.0       -9.0        1.0        7.0       -7.0       -5.0        3.0       -8.0       -9.0       10.0        5.0       -6.0        9.0       -7.0        2.0 =    -1644.0
      -6.0       -1.0       -6.0        8.0        0.0       -2.0       -6.0        6.0        7.0       -1.0        2.0        7.0        1.0       -5.0        8.0        6.0        0.0        1.0       -2.0       -9.0       -6.0        4.0        3.0       -9.0       -7.0        1.0       -9.0        2.0       -6.0        6.0        2.0       -3.0       -5.0       -6.0        4.0        4.0       -4.0        2.0       -6.0     -252.0       -4.0       10.0        1.0        5.0       -4.0        9.0       -1.0        9.0        7.0        2.0       -4.0       -4.0        3.0       -9.0 =    -2570.0
       7.0       -7.0       10.0        3.0        0.0       10.0       -7.0        8.0       -8.0       -8.0       -8.0        0.0        6.0       -5.0        2.0        1.0       10.0        2.0        3.0        3.0        6.0       -4.0        7.0       -5.0       -7.0       -5.0       -9.0        7.0       -2.0       -4.0        8.0        1.0        5.0       -2.0        5.0       -3.0       10.0        1.0        4.0        1.0     -274.0        0.0       -2.0       -7.0       -7.0        8.0        9.0       -1.0       -1.0       -9.0        3.0       10.0        2.0        6.0 =    -1816.0
       0.0        1.0        3.0        0.0       -7.0       -1.0        0.0       -1.0       -9.0        5.0        0.0       -4.0       -2.0        8.0       -8.0       -1.0       -3.0        9.0       -7.0       -1.0       -9.0        5.0        1.0       -9.0        7.0       -1.0        4.0       -9.0       -6.0        3.0        3.0       -7.0        8.0       -2.0        1.0        9.0       -5.0        9.0        4.0      -10.0       -8.0     -248.0       -9.0       10.0        6.0       -1.0       -6.0       -3.0       -1.0        1.0        3.0       -9.0       -6.0       -1.0 =     2352.0
      -1.0       -2.0       -9.0      -10.0        2.0        6.0        2.0        0.0      -10.0       -2.0       -1.0       -4.0      -10.0        4.0        5.0       -7.0        3.0        1.0        4.0       -5.0        9.0        7.0       -4.0        3.0        1.0       -5.0       -4.0       -3.0        6.0        8.0        7.0       -3.0        0.0       -6.0        0.0       -3.0       -2.0       -6.0        0.0       -3.0        3.0        7.0     -256.0       -5.0       -9.0       -6.0       -9.0        3.0       -9.0       -8.0       -2.0       -4.0       -8.0       -9.0 =    -2408.0
       1.0        6.0        4.0        0.0        2.0       -9.0       -6.0        7.0       -5.0       -1.0        2.0        5.0       -1.0       -3.0        2.0       -9.0      -10.0       -6.0        2.0       -2.0        5.0       -4.0        4.0       -3.0       -6.0        7.0       -6.0       -4.0       -5.0        4.0        2.0        5.0        5.0       -7.0        1.0      -10.0        7.0        5.0       -6.0        7.0       -6.0       -2.0        3.0      266.0        5.0        8.0        0.0       -8.0        2.0       -8.0       -9.0      -10.0        7.0       -9.0 =      657.0
       3.0        0.0        7.0        7.0       -9.0       -5.0        2.0       -6.0        8.0        4.0       -2.0       -8.0        1.0        4.0       -7.0       -4.0       -1.0        7.0        2.0        4.0       -1.0        5.0       -4.0        5.0       -8.0        2.0        1.0        0.0        1.0       -6.0        3.0       -5.0       -1.0        4.0       -3.0        1.0       -9.0       10.0       -6.0        1.0       -8.0       -4.0       -8.0        9.0      241.0        5.0       -4.0       -3.0       -3.0       -5.0        1.0       -3.0       -5.0        9.0 =    -1971.0
       8.0        7.0        6.0       -2.0       -2.0        3.0       -2.0        0.0       -8.0       -7.0        0.0        2.0       -6.0       -6.0       -1.0        8.0       -9.0       -7.0       -3.0       -5.0       -3.0        1.0        5.0        6.0       -6.0        5.0        3.0        5.0        6.0       10.0        2.0        3.0        6.0       -1.0       -7.0       -9.0        4.0       -1.0       10.0        4.0        5.0       -3.0        0.0        1.0        0.0      253.0        8.0        8.0        3.0       -8.0       -3.0        4.0       -2.0       10.0 =     2065.0
       5.0        7.0       -4.0       -7.0        7.0       -3.0      -10.0        8.0       -3.0       -5.0        7.0        7.0       -5.0        5.0       -1.0        7.0      -10.0       -6.0        2.0        1.0       -8.0       -7.0        6.0       -8.0       -3.0       -5.0       -9.0       -9.0        2.0        2.0       10.0        1.0        2.0       -6.0        9.0       -8.0       -3.0      -10.0       -8.0       10.0       -8.0        6.0       -7.0        0.0        7.0       -5.0     -307.0       -7.0        3.0        6.0        8.0        2.0        3.0       -7.0 =     1384.0
       5.0       -5.0       -2.0       -3.0       -3.0        9.0        1.0      -10.0        7.0       -9.0       -3.0       -1.0       -3.0        9.0       -2.0        7.0       -3.0        3.0       -5.0       -2.0       -9.0        1.0        3.0        7.0        6.0        7.0       -3.0        6.0        9.0        5.0       -3.0        5.0       -5.0        7.0        7.0       -5.0       -2.0        9.0        7.0        3.0        6.0       -1.0       -5.0        4.0       -8.0       -6.0       -5.0     -263.0       -9.0       -1.0        1.0       -3.0       -2.0       -8.0 =     1275.0
      -9.0       -7.0       -6.0        2.0       -7.0        8.0        3.0       -3.0        1.0        5.0       -4.0       -4.0        2.0        8.0       -8.0        1.0        2.0        7.0        0.0        6.0       -3.0       -5.0        6.0        8.0        1.0        2.0        0.0        9.0      -10.0       -9.0        5.0       -7.0       10.0        1.0       -1.0       -3.0       -9.0        9.0       -7.0        2.0       -8.0        6.0       -8.0        0.0        6.0        4.0        9.0       -7.0     -285.0       -2.0       -9.0       -8.0        2.0        9.0 =    -2950.0
      -1.0       -9.0        4.0       -8.0       -9.0        1.0       -1.0       -2.0        0.0       -9.0       -5.0      -10.0        9.0       -3.0      -10.0        7.0       -8.0        7.0       -6.0        8.0       -1.0        9.0        3.0        1.0       -9.0        2.0       -9.0        2.0        5.0       -4.0       -3.0        2.0       -1.0        0.0       -7.0        0.0        7.0       -2.0       -8.0       -7.0       -9.0       -6.0       -5.0        6.0        5.0        1.0       10.0       -9.0       -4.0      272.0       -9.0        1.0        2.0       -4.0 =     -372.0
       2.0       -9.0       -7.0       -2.0       -8.0      -10.0       -9.0       -3.0        0.0        3.0        1.0       -8.0       -8.0       -4.0        6.0        4.0       10.0        1.0        7.0        7.0       -3.0      -10.0        0.0       -8.0      -10.0        1.0        1.0        2.0       -1.0        5.0       -6.0        9.0       10.0       -1.0       -8.0       -3.0        0.0        0.0        1.0        1.0        8.0       10.0       -7.0        7.0       -2.0        0.0        8.0        5.0        4.0        0.0     -274.0        6.0      -10.0        9.0 =    -2547.0
       1.0        0.0        0.0       -2.0       -8.0        4.0       -9.0      -10.0       -8.0        5.0       -9.0        0.0        1.0       -1.0        9.0        1.0        5.0        2.0        5.0       -9.0        1.0       -9.0       -4.0       -6.0        8.0       -3.0        4.0       -5.0       -7.0        4.0       -9.0       -1.0        6.0       -3.0        5.0       -4.0       -1.0       -1.0       -1.0        4.0        8.0       -3.0       -4.0        9.0        9.0        2.0       -4.0        4.0       -5.0        2.0       -3.0      256.0       -9.0       -9.0 =      208.0
       7.0        6.0      -10.0       -2.0        9.0        0.0        7.0       -7.0       -7.0        2.0       -5.0        0.0       -4.0        6.0       -8.0        9.0        3.0        0.0        6.0        1.0       -2.0        1.0        2.0        2.0        8.0        7.0       -9.0       10.0       -7.0        7.0        1.0        4.0       -8.0        5.0       -6.0        1.0       -9.0       -6.0       -3.0        7.0        6.0       -7.0       -3.0        5.0        2.0       -3.0        3.0        1.0        0.0        7.0        8.0        6.0      261.0        0.0 =     1216.0
       9.0        4.0       -6.0       10.0        2.0       -1.0       -7.0        7.0       -9.0       10.0       -5.0       -9.0        2.0       -7.0       -5.0        7.0        3.0       -9.0        3.0       -2.0        6.0        0.0        5.0        1.0        3.0       -3.0        0.0        5.0        3.0       -1.0       -4.0        2.0       -6.0        4.0       -2.0        3.0        6.0        9.0        9.0        4.0        7.0      -10.0       -4.0        1.0       -9.0       -1.0       -7.0      -10.0        3.0       -5.0       -2.0       -2.0       -4.0     -260.0 =     1834.0

      -8.0       -1.0       -7.0        1.0        5.0       -9.0        5.0       -1.0        2.0       -5.0        5.0        8.0       -1.0        6.0        1.0       -6.0       -9.0        2.0        0.0        4.0        6.0       -6.0        3.0       -7.0        7.0        6.0       -7.0        4.0       -4.0        4.0        8.0       -6.0       -5.0        7.0       -5.0        1.0       10.0       -4.0        6.0       10.0        8.0       -8.0        7.0        3.0       -9.0        7.0       -4.0       -5.0       10.0       -2.0        9.0        1.0        4.0       -7.0
