54
     261.0       -1.0        8.0       -9.0       10.0        5.0        8.0        3.0       -5.0       -8.0        8.0        4.0       -1.0       -3.0        6.0        3.0       -1.0        9.0       -5.0        0.0       -8.0        6.0       -3.0       -9.0        4.0        5.0       -7.0       -2.0       -8.0       -3.0        7.0       -4.0       -2.0       -6.0        0.0        3.0       -3.0       -4.0       -5.0       -5.0       -5.0        6.0        5.0       -1.0        7.0        8.0        2.0        5.0        5.0       -7.0        6.0        6.0        0.0        2.0 =    -1722.0
       1.0      262.0        9.0      -10.0       -8.0        7.0        6.0      -10.0      -10.0        2.0        2.0        3.0       -5.0        2.0        2.0        4.0       -1.0       -5.0       -5.0        1.0        4.0       -4.0       -8.0       -2.0        9.0      -10.0       -7.0        6.0        1.0        1.0        9.0        4.0        1.0        6.0       -1.0        0.0        3.0        0.0        8.0        7.0       -5.0       -6.0       -4.0        3.0       10.0        8.0       -4.0        6.0        4.0       -4.0        0.0        3.0        7.0       -7.0 =     1140.0
      -8.0       -6.0      266.0       -1.0        3.0       -9.0        6.0        1.0       -9.0        8.0        9.0       -1.0        2.0       -7.0       -2.0        6.0        0.0        9.0       -9.0        3.0        7.0       10.0       -4.0        0.0       -1.0       -2.0       -4.0       -5.0        0.0       -5.0      -10.0       -9.0       -3.0        7.0        7.0        7.0        0.0       -5.0       -3.0       -4.0       -1.0        7.0        5.0       -7.0       -9.0        2.0       -4.0        0.0       -5.0       -7.0        4.0        1.0       -8.0       -5.0 =      434.0
      -9.0       -1.0       -7.0      262.0       -9.0       -7.0       -6.0       -9.0        3.0       -3.0        2.0       -7.0        4.0        9.0        5.0       -8.0        0.0        5.0       -4.0        9.0       -5.0       -3.0       -9.0        3.0        0.0        5.0      -10.0       -1.0        1.0        4.0        5.0        1.0       -3.0        1.0       -6.0       -3.0       -7.0       -1.0       -8.0        1.0       -4.0        0.0       -9.0        4.0        2.0       10.0       10.0       -6.0        2.0       -7.0       -9.0       -3.0        5.0        3.0 =     1920.0
       8.0        0.0        4.0       -1.0      280.0       -8.0       -3.0        6.0       10.0        8.0       -2.0        6.0        0.0       -2.0        7.0      -10.0        0.0        1.0       -2.0        8.0       -8.0       -5.0       -8.0        6.0       10.0        4.0       -8.0        3.0       -6.0       10.0        7.0        7.0        3.0        3.0        4.0        8.0       -2.0       -3.0       -1.0        4.0       -2.0       -4.0       -9.0       -8.0        0.0       -6.0       10.0        7.0        5.0       -3.0       -2.0        5.0       -9.0       -9.0 =     -939.0
      -8.0        0.0       -5.0       -4.0        8.0     -270.0        8.0       -4.0       10.0       -8.0       -8.0       -4.0       -6.0        2.0        3.0        5.0       -3.0       -7.0        5.0       -3.0        4.0        3.0       -8.0       -7.0      -10.0       -4.0        5.0        1.0       -5.0        5.0      -10.0       -8.0        4.0        4.0        7.0        1.0        0.0       -1.0        0.0        1.0        2.0       -7.0        9.0       -8.0       10.0        2.0        8.0        9.0        5.0        2.0       -2.0        2.0        3.0       -6.0 =     2502.0
       4.0        2.0        5.0       -6.0        4.0       -4.0     -248.0        9.0        7.0        6.0      -10.0        6.0        9.0        6.0       -5.0        2.0       -8.0        7.0        2.0      -10.0        2.0       -1.0        7.0        5.0       -7.0        7.0       -1.0        7.0       -3.0        0.0       -9.0       -2.0        3.0       -6.0        3.0       -1.0       -1.0       -1.0        0.0        9.0       -1.0       -3.0       -3.0        5.0        5.0       -2.0        5.0       -9.0        9.0        0.0        3.0        5.0       -1.0       -7.0 =     1435.0
       2.0        1.0        9.0       -7.0       -7.0        7.0        3.0      266.0       -6.0       -5.0        3.0        1.0        0.0       -4.0       -5.0       10.0       -6.0        4.0        1.0       10.0       -7.0      -10.0        0.0        1.0        3.0        5.0       -4.0        9.0        6.0        1.0      -10.0       -7.0        1.0        6.0       -2.0        9.0        5.0        3.0        9.0       -1.0       -6.0       -3.0        6.0       -4.0        7.0        1.0        9.0        0.0        4.0       -8.0       -6.0       -1.0        7.0       -4.0 =    -1480.0
       9.0      -10.0        0.0        7.0        1.0       -1.0        8.0        0.0      255.0       -7.0        8.0        2.0        0.0        9.0        8.0       -2.0       -9.0        6.0        5.0       -2.0        5.0        2.0       -3.0       -2.0       -4.0        4.0       -9.0        3.0       -3.0        1.0        1.0        1.0      -10.0      -10.0        2.0        5.0       -2.0        1.0        7.0        8.0        4.0       -8.0       -9.0        0.0       -4.0        3.0      -10.0        0.0       -5.0       -7.0       -8.0       -2.0        6.0       -8.0 =     1652.0
      -8.0       -9.0        9.0       -3.0        8.0        2.0        0.0        7.0       -2.0     -304.0       -5.0       -4.0        8.0        7.0        0.0       -6.0       -2.0        8.0        3.0        0.0       -7.0        9.0        6.0        8.0       -2.0        6.0       -9.0        9.0        3.0       -4.0        2.0        3.0        8.0       -8.0        6.0        0.0        2.0       -6.0        6.0        6.0       -9.0        1.0        5.0       -6.0       -2.0      -10.0        9.0        9.0        9.0       -4.0       -8.0       -6.0       10.0        6.0 =    -1743.0
       9.0        5.0        1.0        2.0        7.0      -10.0        2.0       -8.0        7.0       -7.0     -254.0       -2.0        4.0       -2.0       -2.0      -10.0       -7.0        2.0       -3.0        8.0        0.0        8.0        0.0        9.0        3.0        2.0        2.0        5.0        5.0       -5.0        6.0        2.0        6.0       -1.0        7.0        2.0        6.0        6.0        2.0       -8.0       -2.0      -10.0       -1.0        4.0       -1.0        7.0       -1.0       -6.0        7.0       -6.0        7.0       -7.0       -4.0        8.0 =      206.0
       2.0        2.0        3.0       -3.0       -5.0      -10.0        6.0       -6.0       -9.0        6.0       -2.0     -280.0        4.0      -10.0       -1.0        9.0        1.0        9.0       -1.0       -6.0        0.0        8.0        0.0        5.0       -1.0       -3.0       -8.0       -9.0        6.0       -6.0        8.0        1.0       10.0        1.0       -8.0       -4.0        3.0        3.0        9.0        5.0        6.0        8.0        8.0      -10.0       -2.0        3.0       -8.0        2.0       -2.0       -8.0        8.0        4.0       -6.0        5.0 =      526.0
       7.0       -1.0       -2.0        7.0        1.0       -1.0        1.0        4.0        9.0        5.0       -8.0        3.0     -263.0       -6.0        1.0       -7.0        6.0        3.0        8.0       -6.0       -8.0       -1.0        7.0        7.0        2.0        2.0       -4.0        9.0        3.0        5.0       -5.0        3.0       -7.0        5.0       -5.0       -8.0        3.0        6.0        8.0       -2.0       -9.0        8.0       -6.0       -7.0       -1.0        0.0        2.0       -7.0        7.0        8.0        3.0        3.0       -7.0       -2.0 =      681.0
      -7.0        7.0        0.0       -2.0        5.0        9.0        4.0       -3.0        2.0       -3.0        7.0       10.0        6.0      266.0        2.0        8.0       -2.0       -9.0        3.0       -6.0       -1.0        4.0       -6.0        7.0       -3.0       -8.0        8.0        2.0        7.0        1.0        4.0        5.0       -8.0        3.0       -4.0        7.0       -6.0       -3.0        7.0        8.0       -3.0       -3.0       -6.0        6.0        5.0       -1.0        2.0        2.0       -6.0        3.0        6.0       -7.0       10.0        2.0 =     2979.0
       3.0       10.0       -6.0        1.0       -4.0        1.0        4.0        7.0       -2.0       -6.0        0.0        0.0       -7.0       -2.0     -246.0        0.0       -1.0        2.0       -1.0        5.0       -3.0       -8.0       -2.0        2.0       -8.0        3.0       -7.0      -10.0        5.0        2.0       -7.0        5.0       -8.0       -6.0       -9.0       -6.0       -6.0        0.0       -3.0        7.0       -8.0       -3.0       10.0        3.0       -2.0        9.0        5.0       -2.0       -5.0        3.0       -8.0       -6.0        2.0       -4.0 =     3070.0
       5.0        5.0       -3.0       -3.0        8.0       10.0        2.0        2.0       -4.0        4.0        5.0        6.0        8.0        8.0        8.0     -281.0        0.0       -6.0        0.0        3.0        1.0        8.0       -2.0        0.0        9.0        1.0        7.0       -9.0       -1.0       -9.0       -5.0        8.0       -9.0       -3.0        1.0       -2.0        7.0        7.0        9.0        5.0       -8.0        6.0        5.0        8.0      -10.0       -9.0        6.0       -7.0        6.0       -4.0       -6.0       -1.0        1.0        3.0 =      210.0
      -3.0        0.0        0.0       -5.0        9.0        9.0       -7.0        5.0       -4.0        0.0       -8.0       -2.0       -8.0      -10.0       -9.0        4.0     -268.0       -8.0        7.0       -7.0       -5.0        2.0        0.0       -3.0        7.0       -4.0       -9.0        0.0        0.0       -6.0       -5.0        2.0       -1.0        9.0       -4.0        9.0        1.0        3.0       -5.0       -5.0        8.0       -9.0       -7.0       -9.0       -9.0        3.0       -2.0       -6.0       -3.0       -7.0       10.0       -3.0        6.0        1.0 =     -692.0
       7.0       -6.0        5.0       -8.0        7.0       -9.0       -8.0       -4.0        5.0       -1.0        3.0        9.0      -10.0        2.0       -3.0        7.0       10.0      302.0       -1.0        7.0        6.0      -10.0        5.0       10.0      -10.0        6.0        3.0        0.0       -6.0        7.0       10.0        0.0       -7.0       -7.0       -6.0       -1.0        9.0        7.0       -2.0        0.0      -10.0        1.0       -8.0        7.0        6.0        8.0        2.0        1.0       -4.0       -5.0        5.0        0.0       -9.0        5.0 =     -981.0
       2.0       -3.0       -7.0        9.0        3.0        4.0       -2.0       -6.0       -5.0       -4.0       10.0       -1.0       -2.0       -1.0        8.0        1.0       -7.0        9.0      240.0       -2.0        0.0       -5.0       -5.0       -2.0        9.0        7.0        7.0        2.0       -5.0        8.0        0.0       -3.0        7.0        8.0        0.0        4.0        8.0        2.0        9.0        8.0        4.0       -2.0       -7.0       -2.0        0.0        3.0        6.0       -9.0        0.0       -1.0       -4.0        3.0        7.0        3.0 =    -1836.0
      -3.0        5.0        6.0       -1.0       -4.0        4.0        0.0        5.0       -1.0        8.0        9.0        0.0        2.0        0.0       -9.0       -3.0       -1.0        1.0        4.0     -249.0        0.0        1.0       -4.0        7.0       -4.0        9.0       -6.0        9.0        9.0       -6.0       -9.0        7.0        7.0        6.0        9.0        4.0        4.0      -10.0       -2.0       -6.0        2.0        1.0      -10.0       -4.0       -2.0        3.0        7.0        4.0       -6.0        2.0       -5.0       -1.0       -2.0        9.0 =     -408.0
       5.0        8.0        6.0       -7.0      -10.0        6.0       -2.0        8.0       -5.0       -9.0       -2.0        4.0        9.0        2.0      -10.0        6.0        7.0        1.0        4.0        6.0      290.0       -8.0        4.0       -1.0        8.0        4.0        0.0        4.0       -4.0       -8.0        5.0       -5.0        5.0      -10.0        7.0       -9.0        5.0       10.0        1.0        7.0       -3.0        9.0        5.0        0.0       -5.0       -4.0       -1.0       -9.0        0.0        5.0       -2.0       -2.0        6.0       -9.0 =        0.0
       3.0        3.0        5.0        7.0        2.0       -3.0        7.0        0.0       -8.0       -9.0       -9.0       -1.0       -1.0        4.0       -6.0       -5.0       -6.0        0.0        6.0       -6.0        9.0     -264.0        4.0       -7.0       -6.0        7.0        4.0       -6.0       -7.0        1.0        1.0      -10.0       -5.0        6.0        8.0        7.0        3.0       -6.0        6.0       -8.0       -3.0        4.0       -4.0        8.0        0.0       -5.0        4.0        5.0        8.0        1.0       -7.0       -8.0        1.0        4.0 =    -1632.0
      -4.0        3.0        2.0        8.0       -5.0        6.0       -6.0       -5.0        5.0        9.0        2.0       10.0        4.0        6.0        5.0        9.0       -7.0        4.0       -3.0       -4.0      -10.0       -4.0     -260.0        2.0       -1.0       -3.0      -10.0       -8.0       -7.0        1.0        6.0        0.0        6.0        6.0       -3.0       -7.0       -7.0       -7.0       -2.0       -2.0        0.0        1.0        1.0        7.0        0.0       -5.0       -9.0        6.0        1.0       -9.0       -5.0       -2.0       -6.0        7.0 =    -1988.0
       0.0       -7.0       -4.0        0.0        1.0       -3.0        3.0        1.0        1.0        9.0        0.0        8.0       -5.0        2.0      -10.0       -1.0        7.0        7.0       10.0        2.0       -8.0       -9.0       -9.0     -248.0        6.0       -3.0       -1.0       -5.0       -3.0        1.0        0.0        9.0        0.0        6.0        9.0       -6.0        7.0       -3.0      -10.0        7.0       -1.0        7.0        0.0       -7.0        9.0      -10.0        3.0        4.0       -9.0       -2.0        0.0       -2.0       -2.0        9.0 =     2400.0
      -4.0        8.0        8.0        7.0        2.0       -7.0        5.0        9.0        8.0       -1.0       -6.0        2.0        5.0       -2.0        4.0        5.0       10.0        8.0        7.0       -5.0       -8.0       -4.0        8.0        6.0      302.0        4.0       -1.0       -6.0        1.0       -2.0       -7.0       -3.0        9.0       -9.0        6.0       -2.0       10.0        6.0       -6.0       -4.0        9.0       -7.0        4.0       -4.0       -9.0       -2.0        6.0        9.0       -2.0       -8.0        4.0        7.0        1.0       -9.0 =    -2172.0
       3.0        8.0        7.0       -5.0        2.0        3.0       -7.0       -3.0        0.0      -10.0       10.0        6.0        1.0        1.0        5.0        5.0       -8.0      -10.0        7.0        2.0        0.0        6.0        2.0       -3.0        3.0     -261.0       -9.0       -5.0        3.0       -3.0       -3.0        4.0       -8.0        2.0       -1.0       -5.0       -4.0        0.0       -3.0       10.0       -9.0       -8.0       -2.0        9.0       -7.0       -9.0       -7.0        3.0       -6.0       -1.0        6.0        5.0       10.0       -1.0 =     2200.0
       2.0        5.0        4.0        1.0       -3.0        1.0        2.0       -3.0        4.0        1.0       -1.0        6.0       -2.0       -2.0        0.0       -2.0      -10.0        1.0       -2.0        3.0      -10.0       -6.0        8.0        3.0       -9.0       -8.0     -254.0       10.0       -1.0       -1.0        3.0        9.0       -8.0        3.0       -8.0        7.0       -7.0        7.0       -3.0      -10.0        6.0        1.0       -8.0        3.0        2.0        2.0       -7.0        3.0        7.0       -4.0      -10.0       -6.0        9.0        2.0 =      270.0
       6.0        2.0       -6.0        1.0        1.0       -3.0        8.0        3.0       -1.0       -2.0        3.0        5.0        5.0        4.0       10.0        2.0        6.0       -1.0       -9.0        5.0       -5.0        6.0      -10.0        6.0        2.0       -7.0       -1.0     -282.0       -8.0       -5.0        5.0        0.0       -4.0       -9.0       -1.0        7.0       -4.0      -10.0        6.0        1.0        8.0        2.0        1.0        8.0       -3.0        7.0       -6.0       -7.0        9.0       10.0        9.0        8.0        6.0        9.0 =      852.0
      -6.0        6.0        5.0        3.0       -8.0        4.0        1.0        1.0        7.0        7.0        1.0       10.0        9.0       -7.0        8.0       -4.0       -6.0       -1.0        4.0        2.0       -5.0       -2.0       -4.0       -9.0        2.0        1.0        1.0       -4.0     -258.0        0.0       -3.0        7.0        0.0        3.0        4.0        8.0        3.0        5.0       -7.0       -8.0      -10.0        9.0        6.0       -5.0       -5.0       10.0        2.0        6.0        2.0       -3.0        0.0        9.0        4.0        4.0 =    -1005.0
      -5.0        0.0        9.0        0.0        9.0       -4.0        6.0       -8.0       -9.0        2.0       -6.0        0.0        7.0        8.0        8.0       -6.0        5.0       -1.0        4.0        7.0        0.0        5.0        6.0        9.0       -1.0       -4.0       -4.0       -3.0       -1.0     -289.0       10.0        8.0       -9.0       -1.0        0.0        0.0        7.0       -6.0      -10.0      -10.0       -5.0       -7.0        9.0       10.0        6.0        2.0      -10.0        8.0        7.0        1.0       -7.0       -5.0        0.0       -4.0 =      262.0
      -9.0       -8.0        5.0        3.0        4.0       -9.0       -3.0        4.0       -1.0      -10.0        9.0        8.0       -2.0        9.0       -1.0        1.0        9.0       -6.0       -2.0        6.0       -1.0       -9.0       -9.0        5.0        6.0        8.0       -4.0        2.0      -10.0        7.0     -261.0        1.0        3.0        5.0        0.0       -5.0       -7.0       -1.0        1.0       -7.0        2.0       -6.0       -2.0        2.0        3.0       -3.0        1.0        4.0       -1.0        1.0       10.0       -6.0       -3.0       -8.0 =     2200.0
       9.0        6.0        9.0       -8.0        8.0        8.0       -6.0        8.0      -10.0        1.0       -6.0       -6.0       -1.0       -9.0       -6.0       10.0        1.0        1.0       -5.0        9.0       -9.0       -6.0       -6.0        7.0       -5.0       -9.0        4.0        2.0       10.0        7.0        6.0     -318.0       10.0        6.0       -1.0       -9.0        3.0        1.0       -8.0       10.0        0.0        4.0       -4.0        8.0       -5.0        9.0        5.0       -2.0        9.0        9.0        5.0       -1.0        5.0       -2.0 =     -504.0
      -8.0       -8.0       -6.0        6.0        0.0       -6.0        4.0       -9.0        1.0       -2.0        8.0       -3.0        0.0       -1.0       10.0        6.0        9.0       -5.0        8.0       -7.0        3.0       -7.0       -4.0        1.0       -1.0       -5.0        8.0       -1.0        1.0        4.0        2.0       -8.0     -247.0        4.0        9.0       -2.0        0.0       -6.0       -6.0       -2.0       -2.0       -2.0       -7.0       -9.0        1.0       -8.0       -1.0        1.0        8.0        7.0       -7.0       -8.0        3.0        0.0 =    -1988.0
      -8.0        7.0       -2.0        8.0        8.0        3.0      -10.0      -10.0        4.0        7.0        7.0       -9.0       -5.0       -1.0       10.0        5.0        5.0        9.0       -7.0       -9.0        5.0        4.0       -3.0       -5.0       -7.0        5.0        0.0       -1.0        7.0        0.0        5.0       -4.0        7.0      289.0        4.0        8.0        5.0        7.0       -5.0        0.0       -6.0        9.0        7.0       -6.0       -9.0        5.0       -3.0        0.0       -4.0       -6.0        2.0       -3.0       -3.0       -9.0 =    -2763.0
      -2.0       -7.0        6.0       -1.0       -7.0        1.0       -7.0        4.0        1.0       -7.0       -7.0        9.0        2.0       -7.0       -8.0        5.0       -5.0        7.0        4.0        3.0        4.0        3.0        1.0       -6.0        4.0       -2.0       -4.0        7.0       10.0        5.0       -7.0        1.0        9.0        2.0     -256.0       -2.0       -4.0      -10.0        7.0       -1.0        6.0        5.0       -2.0       -7.0       -1.0        6.0        4.0       -2.0       -4.0        5.0        8.0       -1.0        8.0       -2.0 =    -1392.0
      -8.0        5.0        1.0       -2.0        4.0        0.0        9.0       -6.0       10.0       -4.0        3.0       10.0        5.0       -5.0        3.0       -2.0       -7.0        5.0        6.0        3.0        9.0       -2.0        3.0        7.0       -4.0       -2.0       -2.0       -9.0        8.0        8.0       -1.0       -7.0        6.0       -2.0        5.0     -251.0       -9.0        9.0       -2.0        4.0        0.0       -6.0      -10.0       -1.0       -6.0        2.0        0.0        3.0       -1.0        4.0       -1.0        4.0       -5.0       -8.0 =     -454.0
       4.0       -4.0       10.0       -1.0       -8.0        8.0        1.0        5.0        4.0       -8.0       -6.0       -1.0        7.0       -9.0        5.0       -6.0       -4.0        9.0       -5.0       -8.0        3.0        5.0       -4.0       -8.0        9.0        4.0        9.0       -5.0       -6.0       -8.0       -4.0       -3.0        3.0       -5.0        2.0       -5.0      284.0        2.0        7.0        4.0       -3.0        0.0        7.0       -2.0       -8.0       10.0       -9.0        8.0        2.0        0.0       -4.0       -3.0       -8.0        6.0 =      273.0
       3.0       -3.0       -8.0        6.0       -6.0        0.0       -2.0        6.0       -4.0       -8.0       -7.0        1.0        3.0       -8.0       -4.0       -5.0        7.0        1.0        1.0        4.0       -5.0        9.0        0.0        1.0       -7.0       -8.0        5.0       -2.0        5.0        2.0        9.0        6.0        9.0        0.0       -1.0       -5.0       -8.0     -262.0       -3.0        5.0       -2.0       -7.0       -4.0       -4.0        7.0        9.0       -5.0        5.0       -5.0        7.0        0.0      -10.0       10.0        4.0 =    -2412.0
      -2.0        2.0       -4.0        4.0        9.0        4.0       -2.0       -9.0       10.0        4.0       -3.0       -3.0       -2.0        0.0        5.0        9.0        9.0        7.0        8.0        4.0       -7.0        6.0        1.0        6.0        2.0        7.0        3.0        8.0        8.0        8.0        9.0        2.0        3.0        7.0        5.0        5.0       -9.0        5.0     -282.0        2.0       -9.0       10.0       -9.0        2.0        1.0        9.0       -1.0       -9.0       -3.0       -4.0       -4.0        4.0       -8.0        1.0 =    -1267.0
      -9.0       10.0       -5.0       -1.0       -9.0       -7.0       -4.0       -6.0        5.0       -4.0       -5.0       -2.0       -8.0        1.0        7.0       -6.0       -4.0       -5.0       -4.0        2.0        1.0        3.0        2.0        4.0        1.0       -2.0        4.0       -5.0       -8.0        2.0        4.0       -6.0       -5.0        2.0        4.0        2.0       -4.0       -9.0       -4.0      247.0      -10.0       -7.0       -1.0        4.0       -5.0        9.0       -2.0       -1.0       -2.0        4.0        7.0       -3.0       -7.0       -5.0 =     -640.0
       5.0        6.0        0.0      -10.0       -4.0       -2.0       -7.0        3.0        1.0       -5.0        4.0        7.0       -5.0       -5.0        7.0       -7.0        5.0        1.0        3.0        8.0        2.0        0.0        7.0        8.0       -6.0        4.0        2.0        5.0        0.0       -7.0        8.0        2.0        6.0       -3.0       -7.0        7.0        7.0        1.0      -10.0       -3.0      262.0        0.0        5.0        3.0        2.0       -6.0       -7.0        1.0       -9.0       -9.0        6.0      -10.0       -3.0        9.0 =    -2176.0
      -5.0        9.0        7.0        1.0      -10.0       -2.0       -2.0       -9.0       -9.0       -1.0       -5.0        7.0       -8.0        2.0        9.0       -7.0        6.0        8.0        0.0       -6.0       -4.0       -6.0        9.0        3.0        9.0        2.0       -1.0       -5.0        4.0        3.0       -8.0        0.0        1.0       -7.0       -8.0        1.0        3.0      -10.0       -8.0       -2.0       -7.0     -268.0       -1.0        6.0       -9.0       -3.0       -8.0       -1.0        3.0        0.0      -10.0       -7.0       -2.0       -1.0 =     -694.0
      -1.0        0.0        6.0        3.0       -1.0        1.0        1.0       -9.0       10.0       -2.0        0.0        3.0        3.0       -6.0       -5.0        6.0       -5.0        9.0       10.0        0.0       -4.0       -2.0        4.0       -1.0       -4.0        1.0       -3.0       -4.0        0.0       -7.0       -8.0        6.0        1.0       -7.0       -9.0        5.0      -10.0       -9.0        9.0       -7.0       -5.0       -5.0      244.0       -9.0       -3.0        2.0        0.0        5.0        6.0        1.0       -3.0        7.0       -9.0        0.0 =     -615.0
       0.0       -7.0       10.0       -5.0       -5.0        3.0       -1.0       -1.0        4.0        1.0        5.0        4.0       -3.0        9.0        9.0       10.0       -5.0        2.0        8.0        2.0        2.0       -8.0        8.0        7.0       -8.0        1.0       -3.0       -5.0       -4.0        6.0       -5.0       -8.0        6.0       -1.0      -10.0       -6.0        8.0       -1.0        4.0       -5.0       -2.0        6.0        3.0     -276.0        9.0        3.0        4.0       -5.0       -8.0       -1.0       -8.0        8.0       -9.0        1.0 =    -1028.0
      -7.0       -3.0        0.0       -2.0       -4.0       -2.0        8.0        0.0        3.0       -7.0       -8.0       -9.0        3.0       -8.0       -1.0        6.0       -8.0        0.0        2.0        0.0        0.0        0.0        3.0      -10.0        3.0        2.0        9.0       -1.0        0.0        8.0       -5.0       -2.0        8.0        3.0        3.0        0.0       -2.0       -1.0        6.0       -5.0        3.0        0.0       -7.0       -1.0     -202.0       -1.0       -4.0       -6.0       -3.0       -9.0        7.0       -8.0        0.0        0.0 =      249.0
       2.0        0.0       -8.0        0.0       -4.0        8.0       -4.0       -5.0        8.0        1.0        6.0        7.0        3.0       -2.0        2.0        3.0       -7.0       -1.0       -1.0        9.0        6.0        5.0       -9.0        2.0       -6.0        6.0       10.0       10.0       -7.0        8.0        5.0       -6.0        1.0        3.0        2.0        3.0        1.0       -8.0        8.0        3.0        2.0        3.0       -9.0       -4.0        6.0      260.0       -7.0        5.0       -5.0        2.0        6.0        7.0        6.0       -7.0 =     -319.0
       4.0        2.0       -6.0       -2.0        1.0       -9.0       -5.0       -6.0        1.0       -6.0        2.0        7.0       -8.0        4.0       -6.0       -2.0       -4.0      -10.0        5.0       -7.0       -7.0        9.0       -8.0        2.0       -8.0       -7.0       -7.0        0.0       -7.0       -8.0       -2.0        0.0        2.0        7.0        7.0        9.0      -10.0       -1.0       -7.0       -7.0       -9.0       -4.0        7.0        8.0       -7.0        9.0     -310.0       -7.0       -2.0       10.0       -8.0      -10.0       -7.0        5.0 =     2065.0
       4.0        9.0        1.0       -4.0        5.0       -5.0      -10.0       -5.0        4.0       -7.0        2.0      -10.0       -2.0       -9.0        2.0      -10.0       -5.0       -1.0        8.0       10.0       -7.0        0.0        4.0        1.0        8.0       -6.0        0.0       -5.0        0.0       -8.0       -6.0        1.0        6.0       -4.0       -8.0        5.0        3.0       -2.0        6.0       -9.0        7.0        4.0        5.0        4.0       -5.0        8.0       -4.0      268.0        7.0       -1.0        9.0       -1.0        2.0        2.0 =    -2088.0
       9.0       -2.0        0.0        5.0       -6.0        5.0        5.0        2.0        1.0        5.0       -7.0        4.0       -6.0        3.0       -3.0        8.0       -9.0       -4.0        8.0       -4.0        1.0       -8.0        3.0       10.0       -4.0       -8.0        4.0        2.0        9.0        2.0        9.0        6.0        2.0        9.0       -4.0       -4.0       -9.0        9.0        4.0       10.0       10.0        0.0       -1.0        0.0       -2.0       -2.0      -10.0       -3.0      271.0       -3.0       10.0        4.0        9.0       -1.0 =      678.0
      -9.0       -2.0        6.0        5.0        7.0        2.0        1.0        8.0       -2.0        6.0        8.0       -1.0        1.0       10.0        0.0        5.0        7.0        2.0       -3.0        8.0      -10.0       -7.0       -9.0        4.0        0.0       -6.0        6.0        0.0       -8.0       -6.0       -3.0       -2.0       -8.0        6.0        6.0       -6.0       -7.0       -9.0       -8.0       -2.0       -6.0       -2.0        5.0       -9.0        1.0        0.0       -1.0       -7.0        6.0     -253.0       -5.0        0.0        4.0        0.0 =     1108.0
       9.0        4.0        1.0       -7.0        5.0       -2.0       -3.0       -6.0        9.0       -4.0        9.0       -2.0        9.0        6.0        6.0        6.0        2.0        3.0       -4.0        0.0       -5.0       -5.0      -10.0       -8.0       -3.0        5.0        6.0        9.0       -4.0       -8.0        3.0      -10.0       -1.0       -7.0        6.0        4.0        1.0        8.0       -7.0       -6.0       -3.0        1.0       -8.0       -8.0       -6.0       -4.0       -1.0       -1.0        2.0        9.0      278.0        1.0        9.0       -4.0 =    -1918.0
      -5.0        7.0        1.0       -1.0       -7.0       -9.0       -3.0       -5.0       -9.0        1.0       10.0        1.0       -2.0        5.0        3.0       -1.0       -1.0        2.0      -10.0       -3.0       -3.0        8.0        6.0        5.0       -7.0       -4.0      -10.0       -6.0        0.0        4.0        1.0       -9.0       -4.0       -7.0        8.0        8.0        0.0        6.0        9.0       -3.0        9.0        9.0       -6.0       -7.0       -4.0       -6.0        1.0        2.0        7.0        2.0       -9.0     -276.0        7.0       -6.0 =      903.0
      -9.0       -2.0       -6.0        0.0        4.0        7.0       -9.0       -4.0        6.0       -4.0       -8.0        7.0        5.0        0.0        3.0       -4.0       -1.0        6.0        4.0        1.0       10.0       -9.0        7.0       -4.0       -1.0       -6.0       -2.0       -2.0       -9.0        0.0        4.0       -7.0        6.0        9.0       -8.0        9.0       -1.0       10.0       -4.0       -9.0       -1.0       -8.0        5.0        3.0        3.0       -7.0       -7.0       -5.0        6.0        0.0        7.0        1.0     -276.0       -8.0 =     2682.0
      -2.0        9.0       -3.0       -5.0        4.0       -7.0        1.0       -1.0       -4.0        9.0        9.0      -10.0        9.0       -3.0        2.0        8.0        0.0        9.0        7.0        5.0       -8.0       -5.0      -10.0       -1.0       -2.0       -2.0        1.0       -2.0        1.0       -5.0      -10.0       -9.0        5.0        5.0       -8.0       -5.0        7.0       -9.0        1.0        7.0        0.0        7.0       -4.0       -4.0       10.0       -4.0        2.0        1.0       -5.0        0.0        6.0       -1.0        0.0      260.0 =     1536.0

      -6.0        4.0        2.0       10.0       -3.0       -9.0       -7.0       -5.0        7.0        7.0       -1.0       -2.0       -3.0        9.0      -10.0       -1.0        2.0       -3.0       -6.0        2.0        0.0        6.0        7.0      -10.0       -6.0       -8.0       -1.0       -4.0        5.0       -1.0       -8.0        2.0        7.0       -9.0        6.0        2.0        1.0        9.0        7.0       -4.0       -8.0        2.0       -3.0        4.0       -1.0       -1.0       -5.0       -8.0        2.0       -4.0       -7.0       -3.0       -9.0        6.0
