54
     283.0       -5.0        8.0        0.0        6.0       -7.0       -2.0        8.0        8.0       -3.0       -9.0       -1.0       -3.0        4.0       -7.0        7.0       -1.0        1.0        5.0       -7.0        1.0        1.0        7.0       -7.0       -4.0        6.0       -6.0        7.0        7.0        8.0        6.0        1.0        1.0       10.0        9.0       -3.0        6.0       -8.0       -7.0       -3.0       -7.0       -7.0       10.0        7.0       -1.0        5.0      -10.0       -8.0        1.0       -2.0       -3.0      -10.0       -1.0        5.0 =    -1184.0
      -9.0      257.0        7.0        4.0        5.0        4.0        5.0       -8.0       -4.0        8.0        5.0        3.0        5.0        7.0       -1.0       -1.0        7.0        1.0       -1.0       -2.0       10.0        4.0       -3.0        1.0       -1.0        8.0        0.0        7.0        3.0       -4.0        6.0       -4.0        3.0        3.0       -4.0        4.0       -3.0       -7.0        8.0       -5.0        9.0        5.0       -9.0       -1.0       10.0       -4.0        8.0        2.0        2.0       -4.0      -10.0        5.0        5.0       -3.0 =     1998.0
       9.0        4.0      242.0       -1.0       -2.0        0.0       -9.0       -6.0       -4.0       -6.0       -6.0       -2.0       -8.0       -8.0       -8.0        9.0      -10.0       -1.0        6.0       -1.0        9.0       10.0        1.0       -3.0        7.0        0.0       -9.0        2.0        2.0       -3.0       -4.0       -1.0        8.0        1.0        5.0        2.0        0.0       -8.0       -6.0       -6.0        9.0        0.0       -2.0        4.0        5.0       -3.0        4.0        4.0       -1.0        2.0        6.0        1.0       -4.0       -3.0 =     1816.0
      -8.0       -4.0        9.0      303.0       -9.0       -3.0        7.0        7.0        7.0       -7.0        5.0       -8.0        5.0        4.0        0.0       -1.0       -1.0       -9.0        5.0        4.0       -8.0        6.0       -9.0       -2.0       -2.0      -10.0       -8.0       -3.0        1.0        4.0       -6.0        7.0        7.0        8.0       10.0       -1.0        4.0        1.0       -9.0       -3.0        9.0       -9.0       10.0        3.0        8.0       -2.0       -7.0        5.0        5.0        8.0       -6.0        6.0       -1.0       -5.0 =    -1585.0
       8.0        7.0       -2.0        6.0     -260.0        5.0       -7.0        3.0        0.0       -9.0       -7.0        5.0        8.0        1.0       -9.0       -2.0        8.0        4.0       -7.0        0.0        0.0       -6.0       -8.0        3.0        7.0        1.0        3.0       -1.0       -5.0        1.0       -7.0        2.0       -9.0        8.0        6.0       -3.0        9.0       10.0        7.0        0.0        0.0       -1.0        1.0       -8.0       -4.0       -1.0       -7.0       -4.0       -7.0       -4.0        6.0        4.0        9.0        4.0 =      968.0
       5.0        7.0        8.0       -2.0       -9.0      296.0        3.0       -5.0        7.0       -3.0        7.0        1.0        7.0      -10.0        2.0       -9.0       -2.0        5.0       -9.0        8.0        4.0        0.0        0.0      -10.0       -4.0        9.0        9.0       10.0        3.0      -10.0        7.0       -6.0       -9.0        2.0       -6.0       -5.0        4.0        6.0       -4.0        2.0       -3.0       -7.0       -7.0       -5.0        7.0        5.0        3.0        3.0       -6.0       -2.0        4.0        2.0        6.0        9.0 =     -954.0
       8.0        1.0        9.0       -1.0        8.0       -7.0      296.0        2.0        0.0        2.0      -10.0       -7.0       -8.0        1.0       -2.0       -7.0        3.0        4.0       -7.0        9.0       -5.0        6.0       -7.0        4.0       -5.0        8.0        5.0       -4.0       -3.0       -4.0       -5.0       -7.0        9.0        6.0        9.0       -1.0       -6.0       -9.0       -7.0        6.0        6.0        4.0       -5.0        8.0        8.0        3.0        8.0        2.0       -1.0        9.0        5.0       -2.0        8.0       -7.0 =    -1320.0
       0.0        8.0        5.0       -3.0       -6.0        2.0        5.0     -249.0       -8.0       -3.0        9.0        8.0       -1.0        6.0        5.0       -3.0        4.0        2.0       10.0        4.0        8.0        8.0       -6.0       -7.0       -3.0       -4.0      -10.0        1.0        5.0        1.0       -9.0        3.0       -8.0        0.0       -7.0        5.0        7.0        5.0        5.0        0.0       -6.0       -3.0        9.0        0.0        0.0       -3.0       -8.0        1.0        1.0        2.0        3.0        5.0        2.0       -3.0 =    -1055.0
       4.0       -1.0        1.0       -7.0        2.0       -9.0       -3.0        2.0     -237.0       -1.0        6.0        4.0       -6.0        4.0        7.0        7.0       -3.0       -7.0       -2.0        5.0        7.0       -4.0       -4.0       -2.0        0.0       -2.0       -8.0        7.0      -10.0       -8.0        0.0        4.0       -5.0        6.0       -3.0        1.0        8.0        3.0       -2.0       -3.0        6.0        2.0       -1.0       10.0       -5.0       -7.0       -4.0        6.0       -3.0        1.0        4.0        2.0       -9.0       -4.0 =     -753.0
      -2.0        5.0        1.0      -10.0       -7.0        6.0       -7.0        3.0        0.0      286.0      -10.0       -5.0        9.0       -4.0        8.0        7.0        8.0       -8.0       -2.0        2.0       -9.0       -9.0        4.0       -7.0       -9.0        9.0      -10.0        7.0        4.0       -5.0       -8.0        1.0        9.0        6.0       -2.0       -6.0        0.0        0.0        5.0        5.0        5.0       -4.0       -5.0        6.0       -4.0       -5.0       -4.0       -4.0       -4.0        0.0        6.0        6.0        7.0        3.0 =     2144.0
      -9.0        3.0        1.0        2.0       -4.0      -10.0       -8.0       -3.0       -6.0       -7.0     -256.0       -7.0        7.0       -5.0        8.0       -1.0       -8.0       -2.0        4.0       -7.0       -2.0        0.0       -7.0        8.0       -2.0       -2.0        3.0        7.0       -9.0        1.0        5.0        3.0        6.0       -9.0        2.0       -4.0        6.0       -5.0        5.0       -2.0       -6.0       -7.0       -8.0        2.0        3.0       -7.0        4.0        1.0       -5.0        3.0        2.0        4.0        9.0        1.0 =    -1540.0
      -2.0        7.0       10.0       -9.0       -9.0        3.0        8.0        5.0        3.0       -7.0       -9.0     -286.0       -1.0       -4.0        0.0       -9.0       -9.0       -9.0        1.0       -2.0        9.0       -5.0        8.0        8.0       -1.0        7.0        6.0        4.0        3.0       -6.0        4.0        0.0        4.0       -7.0        8.0        4.0       -5.0        4.0       -9.0        3.0       -1.0      -10.0       -3.0        4.0        1.0        2.0        9.0        4.0       -6.0       -3.0        6.0        7.0       -8.0       -4.0 =    -2256.0
      -4.0        3.0       -8.0       -7.0       -6.0        4.0      -10.0        5.0        6.0       -9.0        2.0        1.0      287.0        7.0       -3.0        1.0       -9.0        5.0       -2.0        1.0       -6.0        7.0      -10.0        4.0        7.0       -8.0       -6.0       -3.0       -5.0       -3.0       -3.0        5.0        3.0       -9.0        9.0       -7.0       -6.0       -6.0        2.0        3.0       -6.0        9.0        5.0       -5.0        1.0       -9.0       -1.0        8.0        9.0        3.0       10.0        3.0        1.0        5.0 =     -265.0
       3.0        4.0       -9.0        7.0       -2.0       -1.0        8.0       -8.0        9.0       -8.0        0.0       -3.0        8.0      261.0        3.0       -9.0       -5.0        2.0       -5.0        8.0       -3.0        6.0        9.0       -9.0        2.0        0.0       -5.0       -4.0       -1.0        2.0        7.0        7.0        2.0       -6.0        2.0       -4.0       -9.0        0.0       10.0        6.0       -2.0        1.0        6.0        0.0        9.0       -7.0        7.0        3.0        1.0        2.0      -10.0       -8.0       -7.0        1.0 =     2168.0
      -8.0        7.0       -1.0       -5.0       -4.0       -9.0       -2.0        8.0       -8.0       -6.0        8.0       -5.0        5.0        3.0      277.0        1.0        5.0        1.0       -8.0        5.0        7.0        7.0       -4.0        5.0        5.0       -4.0        4.0       -1.0        4.0       10.0        5.0        0.0        5.0        2.0       -8.0       -1.0        1.0        8.0       -4.0       -9.0        9.0        0.0        7.0        8.0        5.0       -4.0       -9.0        5.0        7.0       -7.0        1.0       -1.0       -9.0       -5.0 =     2424.0
       1.0        1.0       -4.0        4.0        7.0       -5.0       -2.0       -6.0       -1.0        8.0       -6.0       -5.0       10.0       -1.0       -3.0      298.0       -2.0       -5.0       10.0        3.0        0.0       -9.0        6.0       -9.0        1.0        8.0       -7.0       -4.0      -10.0       -7.0       -7.0        5.0        8.0        0.0        4.0        4.0       -4.0        7.0       10.0        5.0       -6.0       -9.0        7.0        6.0        7.0       -9.0        8.0        0.0        5.0        7.0        3.0       -6.0       10.0       10.0 =     2688.0
      -2.0        6.0        4.0       -6.0       -5.0        3.0       10.0       -9.0        1.0        7.0        4.0        0.0        5.0        3.0       -5.0       -3.0     -238.0        5.0        1.0       -2.0        7.0       -4.0        6.0       -2.0       -1.0        1.0        2.0        7.0        3.0       -8.0       -2.0       -7.0       10.0       -8.0        0.0        6.0        3.0        1.0        2.0        4.0        1.0        0.0       -8.0       -9.0       -9.0       -8.0        2.0        4.0        5.0        7.0       -1.0       -3.0        4.0        4.0 =      848.0
       4.0        5.0        2.0        1.0       -9.0        5.0        7.0       -6.0       -9.0       -2.0       -5.0        5.0       -9.0        0.0       -4.0        3.0        7.0      253.0        6.0        8.0       -3.0        4.0        5.0       -3.0        7.0        6.0        1.0        1.0        3.0       -3.0       -6.0        9.0        1.0       -4.0       -8.0        0.0        7.0       -2.0       -2.0       -4.0      -10.0       -2.0      -10.0       -2.0        1.0        6.0      -10.0       -9.0        0.0       10.0        4.0        0.0       -8.0       -2.0 =    -1434.0
      -3.0       -3.0       -2.0       -9.0        7.0       -8.0       -6.0        2.0       -1.0        3.0       -4.0        3.0       -2.0       -6.0        2.0       -6.0        7.0       10.0      256.0        7.0        9.0        3.0        7.0       10.0        1.0        4.0        4.0        7.0       -8.0        2.0       -6.0        8.0        4.0        1.0       -3.0        8.0        9.0       -3.0       -9.0       -9.0        6.0       10.0        4.0       -3.0        5.0       -2.0        0.0        4.0        1.0       -4.0        1.0        0.0       -1.0        2.0 =    -2472.0
      -2.0       -9.0       -3.0       -8.0       -9.0        4.0        8.0        5.0        1.0       -9.0        6.0        1.0      -10.0       -9.0        7.0       -4.0       10.0       -8.0        9.0     -296.0        9.0       -4.0       -1.0      -10.0       -5.0       -3.0       -8.0        6.0        4.0       -6.0        9.0       -1.0       -1.0       -9.0       -1.0       -2.0       -6.0        4.0       -2.0        2.0        0.0        6.0       -4.0       -5.0       -8.0      -10.0        9.0       -1.0       10.0        1.0       10.0       -5.0        0.0        6.0 =    -1660.0
      -2.0        7.0       -7.0        9.0       -8.0        1.0        7.0      -10.0       -2.0       -7.0        8.0       -8.0       -9.0      -10.0        3.0        7.0        0.0        4.0        2.0       -4.0     -277.0        2.0        0.0        2.0        8.0        1.0        4.0        8.0       -4.0        7.0        8.0        6.0       -5.0        4.0        5.0        3.0        9.0        0.0       -2.0       -2.0       -9.0        8.0        0.0        5.0       -4.0        1.0       -9.0       -9.0        9.0       -3.0       -9.0       -3.0        8.0        2.0 =    -2295.0
      10.0       -6.0       -9.0        2.0       -4.0        1.0        7.0        8.0        7.0        2.0       -6.0       -6.0        9.0        3.0        5.0       -8.0        6.0       -4.0        8.0        1.0       -5.0     -281.0       -9.0       -3.0        6.0        2.0        2.0       -8.0       -8.0        9.0        9.0      -10.0        0.0        3.0       -3.0       -3.0        0.0        3.0        5.0        3.0       -2.0       -7.0        4.0       -7.0        1.0       -3.0        6.0       -8.0       -6.0        6.0       -7.0       -6.0       -1.0        7.0 =    -1140.0
      -2.0        1.0       -3.0       -8.0        6.0        2.0       -2.0       -6.0       -6.0        5.0       -8.0       -5.0        5.0       -1.0        4.0        2.0        7.0        5.0        8.0        4.0       -4.0       -9.0     -262.0       -8.0        0.0        4.0       10.0        4.0       -1.0       -4.0       -3.0       -2.0       -7.0        6.0        3.0        5.0       -3.0        4.0        3.0        7.0      -10.0        6.0        7.0        8.0       -5.0       -7.0       -2.0       -2.0        4.0        7.0       -4.0        7.0       -4.0       -5.0 =     1245.0
      -3.0       -7.0       -5.0       -9.0       -1.0       10.0       -8.0      -10.0        5.0        7.0       -4.0       -1.0        9.0       -7.0        7.0        6.0        2.0       -5.0       -2.0        5.0        1.0       -2.0        8.0      291.0       -3.0       -8.0        1.0      -10.0       -3.0       -9.0        5.0       -4.0       -5.0        4.0        3.0        9.0       -6.0        3.0       -5.0       10.0       -7.0       -6.0       -9.0       -4.0        4.0        3.0        9.0       -8.0        6.0       -5.0       -7.0       -4.0        5.0        1.0 =    -2223.0
       6.0       -1.0      -10.0       -6.0       -4.0       -1.0        0.0        5.0        8.0        0.0       -3.0        7.0       -8.0        8.0        6.0        0.0        8.0       -7.0       10.0       -4.0       -8.0        5.0       -3.0       -3.0      245.0       -3.0        6.0        4.0       -2.0       -5.0        1.0       -1.0        7.0       -4.0       -4.0        2.0        2.0        1.0        2.0        8.0        4.0       -2.0        4.0        3.0       -9.0        8.0        6.0        0.0       -5.0       -5.0       -2.0       -7.0        5.0        5.0 =     -538.0
      -9.0        2.0        0.0        4.0       -1.0       -2.0       -8.0        3.0       -8.0       -9.0       -4.0       -4.0        3.0       -7.0        2.0        0.0        2.0       -4.0        1.0       -1.0       -4.0       -8.0       -4.0       -7.0        2.0      226.0       -6.0        2.0       -3.0        1.0       -9.0       -9.0       -6.0       -9.0        3.0        1.0       -9.0       -3.0       -2.0        4.0        4.0        1.0       -4.0        3.0        6.0        4.0       -5.0        8.0       -5.0       -1.0        1.0       -2.0        3.0        7.0 =      840.0
       6.0       -7.0        3.0        1.0       -8.0       -2.0        7.0        4.0       10.0        6.0       -8.0       -4.0        7.0       -3.0      -10.0       -6.0       -7.0        1.0       -1.0        5.0        3.0        1.0        9.0       -6.0       -6.0       -8.0     -276.0        1.0        7.0        2.0       -2.0       -6.0       -3.0        8.0        7.0       -3.0        9.0       -9.0       -5.0       -1.0        1.0       -4.0        3.0       -4.0       -3.0        7.0        7.0        5.0       -5.0       -8.0        1.0      -10.0       -6.0       -2.0 =      604.0
       5.0        4.0        5.0        2.0       -6.0       -4.0       -3.0       -2.0       -5.0       -2.0       -9.0       -6.0       -9.0       -4.0        1.0       -8.0       -3.0        8.0        3.0        0.0        5.0        1.0       -4.0       10.0       -7.0       -5.0       -8.0     -288.0       -2.0        8.0        2.0        8.0       -7.0       -9.0       -1.0      -10.0       10.0        5.0        3.0        8.0        8.0        8.0        4.0       -2.0       -1.0      -10.0      -10.0       -7.0       -5.0        8.0        8.0       -5.0       -1.0       -4.0 =     1615.0
       8.0        9.0        3.0       -5.0        0.0       -5.0        8.0       -3.0       -5.0        2.0       -8.0       -8.0        2.0        4.0       -1.0       -8.0        3.0        3.0       -9.0        9.0        0.0        7.0       -1.0        1.0        2.0       -4.0        2.0        6.0     -290.0        2.0       -8.0       -9.0        6.0        9.0        2.0       -5.0        4.0        9.0       -5.0      -10.0        0.0       -8.0       -3.0        9.0       10.0       -5.0        0.0        7.0        7.0        9.0       -5.0       10.0        9.0       -6.0 =     -996.0
      -2.0       -7.0       10.0       -7.0        1.0        8.0       -8.0       -2.0        6.0        5.0       -6.0        1.0       -9.0       -7.0      -10.0       -8.0        5.0       10.0       -7.0        4.0       -4.0       -3.0        3.0       -3.0        7.0       -3.0       -2.0       -2.0        0.0     -273.0        6.0       -8.0       -9.0        7.0        6.0        2.0        9.0        3.0        6.0        2.0       -1.0        6.0        3.0        9.0       -2.0        1.0        3.0       -7.0        9.0       -3.0       -5.0        5.0        1.0        2.0 =    -1032.0
       0.0        5.0        4.0        7.0        6.0       -3.0       -9.0       -6.0       -5.0        7.0       -7.0       -3.0        4.0       -1.0       -6.0        6.0        4.0       -6.0       -6.0       -8.0       10.0        3.0       -6.0       -3.0        9.0        7.0        4.0      -10.0       -2.0       -9.0     -296.0        4.0        3.0       -1.0        9.0        2.0       -5.0       10.0        0.0        5.0        9.0      -10.0       -6.0       -3.0        8.0       -6.0        8.0        7.0        5.0       -6.0        2.0       -2.0       -2.0       -7.0 =     1716.0
       5.0        3.0        3.0       -6.0       -4.0       -8.0        8.0        5.0        6.0        4.0      -10.0        8.0       10.0        1.0        4.0        7.0        5.0       -5.0       -9.0        2.0       -5.0       -7.0       -2.0        3.0        5.0       -4.0       -3.0        4.0        5.0       -9.0       -1.0      277.0        0.0        2.0        4.0        3.0       -6.0        7.0        4.0        4.0        7.0       -1.0       10.0       -2.0       -6.0       -5.0        9.0       -3.0        6.0       -1.0       -5.0       -9.0       -9.0       -8.0 =     1465.0
      -6.0        2.0        5.0       -2.0        7.0        7.0       -6.0        5.0        1.0      -10.0       -2.0        7.0        1.0        2.0        2.0        5.0        4.0        8.0       -1.0        3.0        9.0       -7.0        9.0       -3.0        3.0        3.0        5.0        2.0        4.0       -5.0        0.0        6.0     -247.0       -2.0       10.0       -6.0        8.0       -4.0      -10.0        0.0       -2.0        4.0        2.0        1.0        6.0       -6.0        5.0       -5.0       -6.0        3.0        2.0        2.0        3.0       -8.0 =      384.0
      -8.0       10.0        2.0       -4.0        8.0        1.0       -9.0       -6.0        0.0       -6.0       -6.0       -2.0      -10.0       -5.0        1.0        4.0        1.0        7.0       -1.0        5.0        1.0       -8.0       -7.0       -2.0       -1.0        8.0       -3.0       -7.0        1.0        9.0       10.0       -6.0        5.0      292.0        7.0       -2.0        7.0        6.0       -4.0       -3.0        8.0      -10.0        6.0      -10.0        0.0       -1.0       -4.0       -7.0      -10.0       -3.0       -9.0       -3.0      -10.0      -10.0 =      222.0
       9.0        9.0        4.0       -4.0        5.0        7.0       -3.0       -6.0       -8.0        4.0        5.0       -9.0        4.0       -4.0       -9.0        2.0        9.0        5.0        5.0        1.0       -2.0       -6.0       -4.0        1.0        7.0       -5.0       -8.0        2.0        5.0        0.0       -1.0       -6.0       -2.0       -1.0      248.0       -7.0        5.0        6.0        0.0      -10.0       -3.0       -6.0        0.0        1.0       -9.0        2.0       -6.0       -5.0        4.0       -2.0        1.0        9.0       -9.0        0.0 =     1350.0
       0.0       -2.0        9.0        0.0       -6.0       10.0        2.0        9.0        0.0       -6.0        5.0       -7.0        1.0       -4.0       10.0       -1.0        6.0        4.0       -7.0       -4.0       -8.0       -4.0        9.0       -1.0       -5.0        4.0        4.0        6.0       -4.0       -4.0       -1.0        9.0        9.0       -9.0        4.0     -266.0       -5.0       -7.0       -2.0        8.0       -3.0        1.0        6.0       -2.0       -9.0        3.0        3.0       10.0        4.0        3.0       -9.0       -1.0        9.0        3.0 =     1130.0
       3.0        6.0        8.0       -7.0        5.0      -10.0        3.0        7.0       -7.0        9.0        5.0        8.0       -9.0       -6.0        5.0        5.0        8.0        7.0        5.0        8.0        2.0        7.0       -8.0       -8.0        1.0       -7.0        3.0       -1.0       -9.0       -5.0       10.0       -7.0        9.0        8.0       -7.0        3.0     -324.0       -9.0        3.0        5.0        7.0        0.0        9.0        4.0       -2.0       -5.0        3.0        8.0        3.0       -8.0       -1.0       -4.0       10.0        8.0 =     -498.0
       9.0        8.0        6.0       -7.0       -7.0        0.0       -3.0        9.0       -7.0       -5.0       -6.0       -9.0        8.0       10.0       -5.0        5.0        7.0        0.0       10.0       -6.0        3.0        2.0        3.0        1.0        2.0       -2.0       -3.0       -1.0        1.0       -9.0        3.0       -5.0        6.0       -6.0        9.0       10.0       -9.0     -290.0        0.0       -9.0        9.0        0.0       -8.0        3.0       -5.0        7.0       -5.0        6.0        1.0       -5.0       -8.0        8.0        0.0       10.0 =      264.0
       8.0        4.0       -3.0        1.0       -3.0        9.0        0.0       -9.0       -9.0       -6.0        8.0        2.0        4.0       -1.0       -1.0        0.0       -3.0       -5.0        1.0       -2.0       -5.0        9.0        8.0       -9.0        7.0       -7.0      -10.0       -1.0       -4.0       -1.0       -2.0        8.0        1.0        6.0       -5.0       -5.0        3.0        9.0     -284.0       -1.0       -6.0        3.0        4.0        3.0        9.0       -9.0       -6.0       -9.0        7.0       -9.0        6.0       -9.0       -9.0      -10.0 =      969.0
       5.0       -2.0        8.0      -10.0       -1.0        0.0        6.0       -8.0        6.0        9.0       -6.0       -2.0       -3.0       -1.0        8.0        0.0       -7.0       -6.0       -7.0        4.0        7.0        6.0       -7.0       -8.0        6.0       -6.0        9.0       -9.0        7.0        3.0        5.0       -7.0        5.0       -7.0        6.0        0.0       -4.0       -8.0       -5.0      286.0       -7.0        7.0       10.0       -9.0        5.0        9.0        4.0       -3.0        2.0       -5.0       -1.0        2.0       -6.0        1.0 =     1686.0
      -3.0       -7.0       -4.0        3.0        9.0        9.0       -5.0        5.0       -7.0        8.0       -2.0       -6.0       -8.0       -2.0        5.0       -8.0        7.0        1.0        7.0      -10.0        3.0       -1.0        6.0        1.0        9.0        9.0       10.0       -3.0       -7.0       -6.0        2.0        8.0       -4.0       -9.0        4.0        2.0        4.0       -8.0        5.0        8.0     -295.0        4.0        6.0       -6.0        4.0        2.0      -10.0       -6.0       -2.0       -8.0        0.0       -7.0       -3.0       -8.0 =     2736.0
       4.0        9.0        4.0       -9.0        8.0        4.0        1.0       10.0        9.0       -2.0       -1.0        2.0        9.0       -7.0        6.0        4.0        6.0       -5.0        7.0        2.0        2.0        2.0       -7.0        8.0       10.0        1.0       -5.0        3.0        7.0        5.0       -6.0        6.0       -6.0       -4.0        2.0       -9.0       -3.0       -4.0        1.0        6.0        2.0     -258.0        0.0        5.0        4.0        4.0       -5.0       -1.0       -1.0       -3.0        5.0        1.0        7.0       -8.0 =     -356.0
       1.0       -7.0        3.0       -1.0        6.0        4.0       10.0        2.0       -4.0        8.0       10.0       -4.0       -4.0        5.0        9.0       -8.0       -7.0       -9.0        3.0       -3.0        2.0       -5.0       -7.0        2.0        8.0       10.0        8.0       -4.0        4.0       -3.0        6.0       -1.0        5.0        9.0        6.0       -6.0        2.0        5.0        5.0        3.0        2.0       -1.0     -269.0       -1.0        1.0       -9.0        6.0        6.0        6.0        7.0      -10.0        4.0       -3.0        1.0 =     -394.0
       8.0        4.0        5.0       -7.0        3.0       -5.0       -2.0        7.0       -7.0       -6.0       -1.0        4.0        2.0        5.0        9.0       10.0        6.0        7.0       -5.0       -7.0        2.0       -6.0       -8.0       -8.0       -1.0       -6.0        7.0        2.0       -3.0      -10.0        3.0        5.0       -2.0        3.0        1.0        3.0        9.0        5.0       -3.0       -8.0       -9.0        6.0        4.0      271.0        2.0       -8.0       -6.0       -8.0        9.0        0.0        3.0        7.0       -1.0       -2.0 =     1981.0
      10.0       -2.0        6.0        8.0        0.0      -10.0       -8.0        5.0       -7.0       -3.0      -10.0       -7.0        1.0       -6.0       -2.0        7.0        5.0        6.0        7.0       -3.0        7.0       -3.0        1.0        3.0        9.0       -3.0        9.0       -8.0       -6.0       -3.0        4.0        7.0       -3.0        6.0        0.0        1.0        2.0       -1.0       -4.0        9.0        1.0       -7.0        7.0       -8.0     -261.0        2.0        2.0        5.0        3.0        6.0        6.0       -2.0        0.0       -6.0 =     -684.0
       3.0        2.0       -4.0       -6.0       -3.0        8.0        3.0       -8.0       -8.0       -8.0       -9.0        1.0       -7.0       -7.0        9.0        7.0       -5.0        7.0        9.0       -4.0       -2.0        6.0       -6.0        5.0       -6.0        2.0       -6.0        0.0       -4.0        6.0        7.0        0.0        3.0       -9.0       -7.0        4.0       10.0       -4.0        4.0       -8.0        9.0       -7.0       -9.0        9.0       -2.0      296.0        9.0        5.0       10.0       -1.0        3.0       -8.0       -5.0        1.0 =    -2565.0
      -3.0        6.0        2.0       -1.0       -8.0        9.0       -1.0       -2.0       -5.0        4.0        2.0      -10.0       -4.0        3.0        8.0        2.0        8.0       10.0       -9.0       10.0       -7.0        6.0       -7.0        0.0        8.0       -7.0        2.0       -7.0      -10.0        4.0       -5.0        5.0       -7.0       -8.0       -3.0      -10.0       -5.0        1.0       -5.0        0.0        8.0        5.0       -1.0       -3.0       -6.0       -8.0      281.0        6.0        1.0        8.0       -3.0       -1.0       -8.0        5.0 =      250.0
       0.0        4.0       -4.0       -4.0       -5.0       -7.0       -6.0       -9.0        3.0       -3.0        5.0       -1.0        5.0       -7.0        7.0        5.0       -1.0       -6.0       -8.0       -7.0        1.0       -8.0        5.0       -8.0       -8.0        8.0        9.0        2.0      -10.0        3.0        4.0       10.0        1.0      -10.0       -2.0       -6.0       -3.0       -2.0       -4.0        2.0       -8.0       -9.0        9.0        0.0        5.0        2.0        4.0      266.0        2.0        2.0        1.0       -3.0        3.0        6.0 =     -900.0
       6.0        7.0        3.0        7.0       -2.0       -9.0       -8.0        3.0        8.0        0.0       -8.0        6.0        2.0        9.0        9.0        7.0       -8.0       -6.0       -9.0        6.0        7.0       -7.0       -5.0        7.0       -2.0        1.0       10.0       -9.0      -10.0       -6.0       -9.0       -2.0        9.0       -9.0       -8.0        9.0       -6.0        4.0       -6.0        1.0        4.0        8.0       -4.0      -10.0        6.0        4.0       -9.0        8.0     -329.0        2.0       -5.0        1.0        8.0       -3.0 =     -654.0
       9.0       -1.0       -5.0       -8.0       -5.0        1.0       -7.0       -2.0       -6.0        5.0       -4.0       -2.0       -5.0        0.0        9.0       -6.0       -5.0       10.0       -6.0       -9.0       -7.0       -3.0       -3.0       -4.0       -1.0        0.0        8.0        6.0        3.0       -2.0        1.0       -6.0        2.0       -2.0        6.0       -2.0        9.0       -5.0      -10.0        4.0       -1.0        7.0        8.0       -2.0       -6.0       -4.0       -4.0        1.0       10.0     -260.0       -1.0       -3.0        9.0       -6.0 =      885.0
      -1.0        4.0      -10.0        0.0       -3.0       -2.0        4.0        4.0       -4.0       -4.0        8.0       -9.0        1.0        4.0       -9.0        9.0        8.0       -4.0       -3.0        4.0        3.0        5.0       -7.0       -7.0        9.0        9.0       -7.0       -3.0       -8.0       -9.0       -9.0        0.0        5.0        3.0        2.0        7.0       -5.0        4.0       -1.0        2.0       -6.0       -3.0        0.0       -5.0        1.0        2.0       -7.0        3.0       -4.0        0.0     -255.0       -5.0        3.0        9.0 =    -2493.0
       7.0       -8.0       -6.0       -8.0        6.0       -1.0        6.0        5.0        0.0       -8.0       -6.0        0.0        4.0        2.0        4.0       -8.0        7.0        4.0        9.0       -3.0       -2.0        1.0        0.0       -2.0        8.0        3.0        3.0        9.0       -4.0       -7.0       -2.0       -7.0        0.0       -2.0       -5.0       -3.0       -1.0        0.0       -2.0       -1.0       -8.0        7.0       -7.0        8.0        3.0       -1.0        6.0        3.0        9.0       -2.0       -3.0      240.0       -8.0        6.0 =    -1470.0
       7.0        9.0        0.0        3.0        3.0       -8.0       -1.0       -9.0       -5.0       -2.0        1.0       -9.0        4.0       10.0        5.0        5.0       -7.0        1.0       -5.0       -9.0       -4.0        0.0       -9.0       -5.0        7.0       -6.0       -3.0        7.0        1.0        9.0       -3.0        3.0       -1.0       -1.0        0.0        7.0       -5.0       -6.0        2.0       -7.0       -7.0       -8.0       -3.0        9.0        2.0        3.0        8.0        3.0        0.0        8.0       -4.0        8.0     -265.0       -7.0 =    -2192.0
      -9.0       -3.0        2.0        4.0        9.0        1.0        1.0        3.0        3.0        3.0       -7.0        7.0       -5.0       -9.0       -6.0        6.0       -2.0        1.0        0.0       10.0        3.0       -7.0       -4.0        7.0        1.0        5.0      -10.0        9.0        0.0        9.0        7.0        5.0        9.0       -1.0       -4.0       -7.0        6.0        3.0      -10.0        3.0       -8.0       -3.0        2.0        7.0       -7.0       -7.0        0.0        3.0        3.0       -3.0      -10.0       -5.0       -7.0      270.0 =     1608.0

      -4.0        6.0        8.0       -5.0       -4.0       -3.0       -4.0        5.0        3.0        8.0        5.0        8.0       -1.0        8.0        8.0        8.0       -4.0       -6.0       -8.0        5.0        9.0        4.0       -5.0       -9.0       -2.0        6.0       -2.0       -5.0        4.0        4.0       -6.0        5.0       -2.0        1.0        6.0       -5.0        2.0       -1.0       -3.0        6.0       -9.0        2.0        2.0        7.0        3.0       -9.0        1.0       -4.0        2.0       -3.0        9.0       -6.0        8.0        6.0
