54
    -309.0       -5.0        9.0        1.0       -2.0       -9.0       -9.0       -8.0        5.0        9.0       -8.0        7.0       -3.0      -10.0        8.0        8.0        2.0      -10.0        3.0       -2.0        7.0        8.0       -8.0        8.0        1.0        7.0        0.0       -8.0        1.0       -8.0        1.0       -9.0        6.0        5.0       -8.0        4.0        7.0        4.0        4.0        5.0       -8.0       -3.0       -3.0       -7.0        1.0       -8.0        5.0       -1.0      -10.0        4.0        9.0        4.0       -6.0       10.0 =        0.0
       7.0     -276.0        3.0        7.0        1.0        2.0        4.0        0.0       -2.0       -5.0       -1.0       -3.0        1.0       -8.0        2.0        1.0        2.0        9.0        1.0        8.0       -6.0       -2.0       -7.0       -2.0       -8.0        8.0       -5.0       10.0       -2.0       -4.0       10.0       -4.0        9.0       -4.0       10.0        7.0       10.0       -3.0        2.0       -7.0        5.0        8.0       -2.0       -9.0        1.0       -2.0       -9.0       -8.0        4.0        9.0        6.0        5.0       -8.0       -8.0 =     -243.0
       0.0       -5.0      275.0       -9.0       -4.0        1.0        4.0        2.0        4.0       -4.0       -3.0       -9.0       -6.0        0.0       -5.0       -6.0       -9.0        9.0       -6.0        2.0        8.0       -7.0        8.0        0.0       -4.0       -2.0        9.0      -10.0        5.0        3.0      -10.0        7.0        9.0       -3.0        9.0        8.0        3.0        2.0        0.0        7.0       -5.0        7.0        4.0       -1.0        6.0        3.0        1.0       -3.0       -7.0        2.0       -5.0        7.0       -5.0      -10.0 =    -1335.0
      -9.0       -7.0        6.0      281.0       -6.0        4.0       -1.0        9.0        2.0       -5.0        6.0       -4.0        6.0        2.0       -6.0       -1.0       -4.0        8.0       -2.0       -3.0       10.0       10.0       -9.0       -4.0       -3.0        2.0        8.0       -7.0        6.0        8.0        3.0       -1.0        3.0        6.0        6.0        7.0       -5.0       -7.0        7.0        7.0        1.0        1.0       -2.0        8.0       -4.0       -6.0        6.0       -3.0       -5.0        1.0       -5.0       -9.0        3.0       -8.0 =    -3010.0
      -4.0        8.0       -6.0       -1.0     -248.0       -6.0       -3.0        8.0        0.0       -8.0        0.0       -3.0       -3.0        7.0        3.0        1.0        7.0        9.0        0.0        8.0       -1.0        2.0       -1.0        6.0       -7.0       -3.0        3.0        6.0        6.0       -9.0        3.0       -9.0        0.0        6.0       -7.0       -3.0       -8.0       -6.0        6.0        5.0       -3.0       -6.0        7.0       -7.0       -6.0       -4.0        1.0        5.0        0.0       -5.0       -6.0       -2.0       -9.0       -1.0 =     1390.0
       2.0        5.0       -8.0        2.0        0.0     -271.0        3.0       -6.0      -10.0       -6.0        5.0       10.0       -7.0       -1.0        8.0        4.0        9.0       -1.0        0.0        5.0        0.0        6.0       -8.0       -9.0        8.0       -2.0       -7.0        3.0       -8.0       -2.0        5.0        7.0        5.0        5.0       10.0      -10.0        8.0        6.0        9.0        3.0       -3.0       -3.0       -8.0       -2.0        5.0       -3.0        4.0       -5.0        6.0       -3.0       -4.0        4.0        3.0       -3.0 =     1680.0
       7.0       -4.0       -7.0       -6.0        5.0       -1.0      274.0       -6.0        9.0       -4.0        7.0        8.0        3.0        8.0        6.0        5.0       -4.0        1.0        6.0        4.0       -3.0        2.0        6.0       -1.0        7.0        7.0        4.0      -10.0        2.0       -5.0        9.0        8.0       -2.0        5.0        3.0        9.0        7.0        0.0        1.0        2.0        5.0        5.0        2.0       -3.0       -2.0        9.0       -4.0        7.0       -9.0       -8.0       -9.0        3.0       -2.0       -8.0 =     2784.0
      -1.0        8.0       -6.0        4.0       -9.0       -5.0       -2.0     -285.0       -4.0        6.0        2.0       -8.0       -7.0        1.0        1.0       -9.0        3.0        0.0       -7.0       -7.0        7.0        1.0       -7.0        3.0        3.0      -10.0       -8.0        9.0       -7.0       -7.0       -9.0       -7.0        4.0       -3.0        1.0       -6.0        7.0       -9.0        8.0        9.0       -5.0       -2.0       -8.0        9.0      -10.0       -7.0       10.0        2.0        3.0        0.0        2.0        0.0       -2.0        3.0 =     3510.0
       2.0        2.0        4.0        7.0       -6.0       -6.0        0.0        0.0      255.0       -9.0        9.0        3.0        8.0       -1.0       -6.0        8.0       -3.0       -7.0       -9.0        1.0        7.0       10.0        1.0        4.0        4.0       -3.0       -9.0       10.0        5.0        1.0        6.0        0.0        8.0       -3.0       -5.0        3.0        4.0        0.0       -5.0       -1.0       -1.0       -4.0      -10.0        5.0       -9.0       -3.0        3.0        4.0       -5.0        6.0        3.0        9.0       -7.0       -5.0 =    -1925.0
       2.0        1.0       -5.0       -1.0       -6.0       10.0        4.0       -2.0       -5.0     -261.0       -3.0       -2.0       -6.0      -10.0        4.0       -4.0        2.0       -8.0        1.0        1.0       -2.0       -5.0       -9.0        9.0       -3.0       -6.0       -3.0       -5.0        7.0       -5.0        0.0        8.0       -8.0       -6.0       -1.0        2.0        1.0        1.0        4.0        5.0       10.0       -8.0        3.0       -9.0       -3.0       -4.0        7.0       -4.0       -7.0       -9.0        1.0       -5.0        9.0       -9.0 =     1328.0
      -6.0       -6.0        3.0        3.0       -5.0       -7.0       -1.0        5.0       -8.0        0.0     -254.0        6.0        4.0       -4.0       -7.0        0.0       -2.0       -1.0        6.0        3.0       10.0       -9.0        5.0        6.0        7.0        1.0       -5.0       -2.0        4.0        5.0        6.0        4.0        2.0        0.0        6.0        8.0        6.0       -6.0        9.0       -6.0       10.0       -2.0       -1.0       -4.0       -5.0       -4.0        9.0        6.0       -2.0        3.0       -6.0       -6.0       -3.0        5.0 =      880.0
      -8.0        2.0       -3.0       -2.0        3.0       -8.0        7.0       -3.0        1.0        6.0       -6.0      261.0       -4.0       -8.0       10.0        6.0       -7.0        8.0       -7.0        0.0       -1.0       -1.0        0.0       -3.0       -5.0        4.0        6.0       -6.0        9.0       -4.0        8.0       -3.0        8.0       -9.0      -10.0       -1.0        6.0      -10.0       -1.0        4.0        5.0       -5.0        4.0        6.0        8.0       -5.0       10.0        3.0        3.0       -1.0       -3.0        3.0       -3.0       -1.0 =      789.0
       7.0       -4.0        0.0        2.0       -7.0       -9.0       -6.0        9.0        8.0       -9.0        0.0       -6.0      302.0        8.0       -9.0      -10.0        3.0        2.0       -5.0       -4.0       -9.0       -1.0        0.0       -9.0        3.0        0.0        7.0       -4.0       -7.0       -9.0        9.0        7.0        2.0        7.0       -9.0        2.0       -5.0      -10.0       -9.0        8.0       10.0        0.0        9.0        0.0        9.0        4.0        5.0        4.0        0.0        7.0       -1.0       -8.0       -7.0       -9.0 =     -268.0
       3.0        4.0       -6.0        6.0       -1.0       -2.0       -2.0       -1.0       -5.0       -1.0        5.0        3.0       -9.0      221.0        5.0        0.0        4.0        1.0       -7.0       10.0       -1.0        0.0       -1.0        3.0        1.0        8.0       -8.0       -9.0        2.0        9.0        1.0      -10.0        6.0        1.0        5.0       -6.0        6.0       -5.0        4.0       -1.0        2.0        2.0       -1.0        5.0       10.0        0.0        0.0        2.0       -6.0       -2.0        0.0       -4.0        8.0        7.0 =    -1792.0
       9.0        3.0       -4.0       -1.0        7.0       -3.0        2.0        0.0       -2.0       -3.0        3.0       -4.0        1.0        7.0     -244.0        3.0        2.0        0.0       -6.0        9.0       -3.0       -3.0       -3.0        5.0        9.0        9.0       -7.0        6.0        5.0       -4.0       -3.0       -2.0        3.0       -7.0        9.0        8.0       -7.0       -2.0       -2.0        2.0       -4.0       -9.0        7.0        1.0       -6.0       -1.0        6.0        6.0        2.0        9.0       -7.0        8.0       -5.0        2.0 =      995.0
      -7.0        0.0       -4.0        5.0       -2.0        4.0        0.0      -10.0        5.0        8.0       -2.0        6.0       -2.0        6.0        3.0     -263.0       -3.0       -2.0        7.0      -10.0      -10.0        0.0        1.0       10.0        0.0        4.0       -5.0       -1.0       -8.0       -2.0        7.0       -5.0       -8.0        9.0       -9.0       -3.0        3.0        6.0       -7.0       -8.0        9.0       -2.0        7.0        3.0       -5.0        7.0       -5.0        6.0        0.0        0.0       -3.0       -8.0        9.0       -4.0 =     2457.0
       6.0        7.0       -2.0        1.0        9.0        5.0        6.0        3.0       -9.0       -7.0        9.0       -6.0       -6.0        7.0       10.0       -1.0     -281.0       -8.0       -9.0       -2.0        1.0       -2.0        4.0        4.0        0.0       -2.0       -6.0       -4.0        6.0        4.0       -9.0        7.0        8.0       -9.0        6.0        9.0       -1.0        7.0        0.0       -5.0       -7.0       -8.0        7.0       -6.0        4.0        0.0        6.0       -3.0       -7.0        4.0        4.0       -3.0       -4.0       -7.0 =    -2430.0
       0.0       -9.0       -9.0        1.0        2.0        8.0       -6.0       -3.0        7.0        9.0       -7.0        5.0        4.0        5.0        9.0        3.0       -8.0     -274.0        3.0        2.0        6.0        4.0        3.0       -5.0        3.0        7.0       -8.0        2.0        5.0        9.0        5.0       -2.0       -5.0       -4.0       -5.0        7.0       -2.0       -2.0       -7.0        8.0       -4.0        1.0        0.0       -5.0       -1.0       -6.0        6.0        4.0       -5.0        7.0        3.0        9.0       -9.0        8.0 =    -2079.0
      -8.0       -3.0       -3.0       -6.0       -8.0       -6.0       -9.0        5.0        0.0        4.0        0.0      -10.0       -1.0       -8.0       -2.0        4.0        9.0       -3.0      244.0       -4.0        4.0        4.0        5.0       -3.0       -3.0        7.0        1.0       -1.0       10.0        5.0       -5.0       -7.0       -6.0        2.0        6.0        0.0        1.0       -2.0        3.0        4.0       -6.0       -9.0      -10.0        5.0        0.0       -6.0        5.0       -3.0        2.0        0.0       -4.0       -9.0       -2.0        9.0 =    -1536.0
       7.0        3.0       -5.0        2.0       -9.0        6.0        7.0        2.0       -6.0        2.0        3.0        1.0       -5.0       10.0        2.0        0.0        0.0        4.0        7.0      250.0       -5.0        6.0        8.0       -8.0       -3.0        3.0       -4.0       -2.0       -5.0        5.0       -8.0        3.0        5.0       -2.0        8.0       -1.0        9.0       -1.0        6.0       -2.0       -5.0       -4.0        7.0       -8.0        2.0       -7.0       -9.0        4.0        0.0        0.0        7.0       -7.0        6.0        5.0 =    -1704.0
       8.0        3.0        2.0        0.0        9.0       -6.0        5.0       -6.0        7.0        6.0        3.0       -9.0        3.0       -1.0        7.0       -6.0      -10.0       -6.0       -2.0        9.0      264.0       -1.0       -6.0       -5.0        2.0       -4.0       -9.0       -3.0        6.0       -6.0       -1.0        5.0        4.0        1.0       -3.0        1.0        4.0       -3.0        1.0        0.0        5.0       -3.0       -4.0       -9.0        6.0       -4.0        6.0        8.0        6.0        6.0       -7.0        9.0        3.0      -10.0 =    -1650.0
      10.0       -6.0      -10.0       -5.0       -5.0        1.0       -4.0        3.0       -5.0       -6.0       -5.0       -9.0       -5.0       -9.0       10.0        6.0        2.0       10.0       -1.0       -8.0       -8.0     -293.0        0.0       -5.0        7.0       -6.0        4.0        7.0      -10.0        9.0       -3.0        7.0        7.0        6.0       -2.0        4.0       -7.0       -3.0        0.0        1.0        9.0        7.0       -2.0       -3.0        8.0       -5.0       -9.0        5.0       -4.0       -2.0        3.0       -4.0        3.0       -7.0 =     1932.0
      -1.0       -2.0        6.0        0.0        0.0        1.0        8.0       -7.0        6.0        8.0       -4.0      -10.0        4.0        8.0        4.0       -9.0        6.0        7.0        5.0        9.0        7.0       -9.0      289.0        1.0        8.0        2.0        5.0        9.0       -8.0        1.0       -3.0       -1.0       -3.0      -10.0       -4.0        5.0       -1.0       -9.0       -3.0        4.0       -8.0       -2.0       -4.0        8.0       -9.0       -9.0       -9.0        3.0        7.0        4.0       -8.0       -6.0        8.0        0.0 =     2058.0
       4.0       -1.0       -2.0       -8.0        5.0       -1.0        3.0       10.0        0.0       -7.0        9.0        2.0       -6.0        2.0        3.0        9.0       -9.0        4.0       -8.0        1.0        2.0        1.0        9.0     -296.0        1.0       -8.0       -1.0        7.0       -7.0        7.0        9.0       -8.0       -6.0       -6.0        8.0        9.0        5.0       -7.0        5.0        3.0       -9.0        9.0       -9.0       10.0       -4.0        4.0       -7.0        8.0       -3.0       -7.0       -3.0       -4.0       -6.0        3.0 =     2810.0
       4.0        4.0        7.0       -5.0       -8.0        0.0      -10.0        9.0        4.0       -5.0        6.0       -7.0       -2.0        9.0        4.0        7.0        3.0       -4.0        2.0       10.0       -4.0        1.0        3.0       -6.0     -273.0        1.0       -1.0       -9.0        5.0        8.0      -10.0        8.0       -1.0       -3.0       -2.0        1.0       -9.0       -7.0       -1.0       -4.0        3.0       -3.0        6.0        9.0       -9.0      -10.0       -5.0        2.0       -2.0       -6.0       -1.0        2.0       -8.0       10.0 =    -2009.0
      -9.0        5.0       -5.0       10.0        5.0       -5.0       -4.0       -9.0       -6.0       -3.0        6.0       -7.0        1.0       -4.0       10.0       -2.0       -1.0       -9.0        4.0        4.0        7.0        8.0       -1.0        2.0       -1.0     -296.0        6.0       -9.0       -9.0       -5.0        5.0        1.0        2.0        1.0       -8.0        6.0        7.0       -9.0       -2.0       -7.0       -4.0        7.0       10.0       -5.0        0.0       -9.0       10.0        4.0       -9.0        6.0      -10.0        8.0        1.0       -6.0 =    -1272.0
      -3.0      -10.0       -5.0        0.0        7.0       -5.0        5.0        8.0        7.0        1.0        6.0       -7.0        8.0        4.0        7.0       -1.0        9.0       -2.0       -4.0        2.0        7.0       -6.0       -5.0        1.0       -1.0       -5.0     -278.0        6.0       -5.0        6.0       -9.0       -8.0       -9.0       -1.0      -10.0        0.0       -6.0       -7.0       -4.0        9.0       -9.0       -4.0       -3.0        3.0       -4.0        1.0       -6.0       -9.0        9.0       -4.0       -3.0       -1.0       -6.0       -6.0 =      680.0
       5.0       -1.0        3.0        1.0        3.0       -2.0       -2.0        3.0        2.0        7.0       -6.0        7.0       -2.0        6.0        3.0       -6.0       -1.0        3.0        5.0       -2.0        8.0       -6.0       -8.0       -3.0       -4.0       -1.0       -8.0     -226.0        0.0       -4.0        9.0       -5.0        4.0        6.0       -2.0        4.0       -5.0       -3.0        6.0        0.0       -5.0        9.0        3.0        2.0        9.0       -4.0       -3.0       -4.0       -6.0        0.0      -10.0       -7.0       -6.0        0.0 =     1872.0
     -10.0        8.0        4.0       10.0        6.0       10.0        9.0        6.0      -10.0       -4.0        7.0       -3.0        6.0        1.0        2.0       -5.0        0.0        0.0        5.0        6.0        1.0       -8.0        3.0        3.0       -2.0        5.0        3.0        4.0     -257.0       -1.0        2.0       -9.0        7.0       -3.0       -7.0       -1.0        4.0       -4.0        0.0       -7.0       -8.0        2.0        6.0       -4.0       -8.0       -7.0        0.0        6.0        6.0       -5.0        3.0        8.0       -4.0        0.0 =     1344.0
      -5.0        9.0       -9.0       -7.0        1.0       -3.0       -4.0       -3.0       -6.0        7.0        2.0        4.0       -1.0       -8.0       -1.0        8.0        9.0        4.0       -1.0        5.0        8.0       -1.0        4.0        8.0        6.0       10.0        2.0       -3.0        8.0      278.0        3.0        5.0        2.0        1.0       10.0       10.0       -6.0       -5.0       -2.0       -8.0      -10.0        4.0        6.0        3.0       -3.0       -5.0        3.0        8.0        3.0       -8.0       10.0        9.0       -1.0        4.0 =    -2478.0
      -4.0        6.0        2.0       -7.0       -4.0        4.0        8.0        5.0       -1.0        5.0        3.0       -7.0        9.0        2.0       -2.0       -3.0       -1.0        0.0        6.0        6.0        4.0        0.0       -3.0       -7.0       -7.0        6.0        8.0       -2.0       -3.0        2.0     -251.0       -5.0        7.0       -6.0       -5.0        1.0        3.0        1.0        0.0       -3.0       -8.0        6.0        6.0       -2.0        4.0       -9.0        9.0       -4.0        8.0       -9.0        6.0      -10.0       -7.0        1.0 =     2178.0
       4.0        0.0      -10.0        5.0        3.0       -9.0       -4.0        1.0       -2.0        9.0       -8.0       -2.0       -7.0       -1.0       -4.0       -3.0       -8.0        2.0        4.0        6.0        7.0       -8.0        5.0        0.0        5.0        7.0        9.0        0.0        1.0        4.0       -3.0     -252.0        0.0       -1.0       -5.0        2.0      -10.0        6.0        6.0       -7.0       -9.0        1.0        0.0       -8.0       -2.0       -7.0       -4.0        9.0        3.0        1.0        5.0        4.0       -8.0        7.0 =     -532.0
       9.0        5.0       -4.0       -5.0       -9.0       -9.0        7.0        9.0       -7.0      -10.0       -8.0        4.0        6.0        6.0      -10.0        3.0       10.0       -3.0       -6.0       -6.0        2.0        8.0        5.0       -7.0       -2.0        2.0       -5.0        1.0       -4.0       -7.0        7.0        9.0      294.0        3.0       -1.0        0.0        3.0       -8.0       -8.0       -2.0        4.0       -1.0        1.0       -4.0        6.0       10.0       -6.0        9.0      -10.0       -6.0        5.0        1.0        1.0        4.0 =     2288.0
       0.0        2.0       -9.0       -4.0      -10.0        0.0       -4.0        0.0       -6.0       -7.0        8.0        3.0        7.0      -10.0        4.0      -10.0       -4.0       -9.0        0.0        6.0       -1.0       -8.0       -3.0        6.0       -8.0        6.0        8.0       -8.0       -4.0        9.0       -4.0       -5.0       10.0      299.0       -4.0       -4.0        3.0        0.0       -1.0        8.0      -10.0        6.0        9.0        9.0        7.0       -5.0       -6.0       -8.0       -5.0        4.0        4.0       -3.0        7.0       -9.0 =    -2048.0
      -4.0        7.0        1.0       -2.0       -6.0        1.0        0.0        9.0       -6.0       -5.0       -6.0        1.0        4.0        5.0        6.0        3.0        7.0       -2.0        9.0       -2.0        3.0       -7.0        3.0        2.0        3.0       -5.0       -9.0        5.0        6.0       -9.0       -4.0        9.0       -5.0        2.0     -228.0       -1.0       -1.0        2.0       -2.0        5.0       -7.0       -5.0      -10.0       -8.0       -6.0       -2.0        3.0       -1.0        3.0        0.0       -3.0        0.0       -2.0        9.0 =    -1440.0
       1.0        8.0       -9.0       -8.0      -10.0        9.0       -1.0       -8.0       -3.0       -9.0       -4.0        4.0       -8.0       -5.0        7.0       -2.0        9.0        6.0       -7.0       -4.0       -2.0       -8.0        8.0        2.0       -7.0       10.0       -9.0        9.0       -7.0       -4.0       -3.0        0.0      -10.0       -9.0        2.0      299.0        1.0       -9.0        4.0        7.0       -2.0        6.0        6.0        0.0       -5.0        3.0       -2.0       -4.0        3.0       -6.0       -7.0       -2.0       -4.0        8.0 =     -468.0
      10.0        8.0       -4.0       -5.0        5.0       -6.0       -6.0       -4.0        5.0        6.0       -3.0        0.0      -10.0        5.0       -9.0       -4.0       -7.0        6.0        4.0       -1.0       -6.0       -4.0       -6.0        8.0        7.0       -8.0        2.0       -2.0        3.0       -5.0       -7.0        3.0       -7.0       -7.0       -4.0        0.0     -268.0        0.0       -7.0       -2.0        6.0        5.0        1.0        9.0        4.0       -7.0        6.0        2.0        4.0       -4.0       -6.0        8.0        6.0        0.0 =     -858.0
      -1.0       10.0       -1.0       -4.0       -4.0        5.0       -2.0       -6.0        1.0        6.0        0.0        5.0       -2.0       -3.0       -2.0       -3.0        0.0        5.0       -2.0       -8.0        0.0        9.0       -1.0       -9.0        8.0       10.0       -3.0        1.0       -5.0        3.0        9.0        6.0       -7.0        4.0       -9.0        6.0        3.0      240.0        0.0       -1.0        3.0        3.0       -7.0        5.0       -6.0        3.0       -4.0        1.0        7.0        8.0        8.0       -7.0        0.0        9.0 =    -2810.0
       8.0       -9.0       -1.0        0.0        3.0       -4.0        8.0       -3.0        4.0        9.0        8.0       -4.0        0.0       -1.0        7.0       -9.0        7.0        1.0        3.0       -3.0        7.0      -10.0       -3.0       -6.0        1.0       -4.0      -10.0       -4.0       -5.0        5.0       -3.0       -1.0        9.0       -9.0       -2.0        5.0        1.0       -5.0     -272.0        3.0       -5.0       10.0        1.0        8.0       -5.0       -9.0        3.0      -10.0        9.0        5.0       -7.0       -1.0       -8.0        3.0 =     1710.0
      -9.0        2.0       -5.0       -5.0       -6.0        0.0       -9.0       -2.0        2.0       10.0       -3.0       -1.0       -2.0        3.0        2.0       10.0       -2.0        6.0       -7.0       -9.0        3.0       -5.0       -4.0        8.0       -8.0       -5.0        4.0        5.0       -2.0        1.0        4.0        7.0       10.0       -2.0      -10.0       -6.0       -6.0       -5.0        8.0     -275.0       -9.0        5.0       -5.0       -6.0       -5.0        8.0       -2.0       -9.0        3.0        6.0        9.0       -7.0        0.0       -3.0 =      636.0
       4.0        9.0       10.0       -3.0       -8.0        3.0       -7.0       -4.0        3.0       -8.0       10.0        2.0        1.0        2.0        4.0        8.0       -3.0       -2.0        3.0       -9.0        2.0        1.0        6.0       -7.0        4.0        7.0       -5.0       -5.0        9.0       -6.0        0.0        5.0       -4.0        5.0       -3.0       -6.0      -10.0       -1.0        4.0       -6.0     -272.0        6.0        5.0        0.0       10.0       10.0        8.0        3.0       -8.0      -10.0       -4.0       -3.0        1.0       -2.0 =    -1255.0
       7.0        4.0        6.0        1.0       -4.0        1.0        6.0        9.0        3.0       -7.0       -1.0       -7.0        0.0        7.0       -5.0       -2.0        1.0       10.0      -10.0        1.0        1.0       10.0        0.0       -4.0       -8.0        3.0       -4.0        4.0        7.0       -9.0        6.0        6.0       -8.0        7.0        0.0       -9.0        2.0        1.0        3.0        2.0       -1.0     -256.0       -5.0       -8.0       -9.0        1.0        9.0       -7.0       -3.0        4.0       -9.0        3.0       -5.0        1.0 =    -2040.0
      -9.0        8.0        9.0       -8.0       -9.0       -7.0       -9.0        2.0        6.0        4.0       -4.0       -4.0       -5.0       -7.0        6.0       -6.0        5.0        0.0       -2.0        7.0        5.0        1.0        6.0       -8.0       -8.0       -8.0       -4.0       -2.0        4.0       -2.0       -3.0        2.0        6.0       -2.0       -5.0       -8.0       -6.0        4.0       -1.0       -3.0        6.0       -4.0     -262.0       -5.0       -3.0        4.0        6.0       -1.0       -9.0        0.0       -9.0        3.0       -3.0       -4.0 =    -2352.0
      -8.0       10.0       -6.0       -9.0        2.0       -3.0       -7.0       -4.0       -1.0       -3.0        8.0        8.0        4.0       -3.0        0.0        5.0        8.0        2.0       -6.0       -9.0       -5.0       -5.0       -3.0        2.0       -4.0        7.0        8.0       -5.0       -6.0       10.0       -5.0       -7.0        3.0        3.0        5.0        9.0        8.0       -7.0        8.0      -10.0        7.0        3.0        0.0      291.0        7.0       -3.0        7.0        1.0        5.0       -2.0       -9.0        3.0       -6.0       -4.0 =      882.0
      -9.0      -10.0       -3.0       -2.0        3.0       -6.0       -4.0       -7.0       -4.0       -9.0       -8.0       -7.0        1.0       -9.0        1.0       -1.0       -4.0        3.0        3.0        9.0        5.0       -9.0       -1.0      -10.0        2.0        7.0        7.0        4.0       -5.0       -8.0        9.0       10.0        9.0       -7.0        9.0       -7.0        6.0       -3.0       -1.0       -4.0       -3.0       -3.0       10.0       -1.0     -295.0        4.0        6.0        2.0        4.0        6.0        9.0        3.0       -1.0       -7.0 =    -1264.0
      -3.0        7.0        0.0        4.0        1.0       -8.0        1.0        2.0       -7.0       -3.0       10.0      -10.0        2.0        2.0       -8.0       -8.0        5.0        5.0        4.0       -4.0        7.0        6.0       -4.0       -3.0        9.0       -7.0       -1.0       -1.0       -7.0        1.0       -2.0        9.0        9.0       -5.0        0.0       -2.0       -4.0       10.0       -6.0        3.0        7.0        5.0      -10.0       -3.0        0.0     -255.0        6.0       -6.0        9.0       -1.0        2.0       -1.0       -3.0        8.0 =    -1904.0
       3.0        3.0        4.0        8.0       -9.0        7.0        2.0       -8.0      -10.0       -5.0        1.0        7.0        0.0        1.0        8.0        0.0        2.0       10.0        4.0       -2.0        2.0       -6.0        0.0        3.0       -9.0        3.0       -7.0        2.0        8.0        2.0        6.0       -6.0       -8.0       -7.0      -10.0       -4.0       -9.0        9.0        7.0        2.0       -2.0        2.0       -6.0      -10.0        0.0        2.0     -263.0        9.0        0.0       -4.0        0.0        9.0       -4.0        4.0 =     1554.0
      -1.0       -6.0        5.0        4.0       -3.0       -2.0        4.0       -3.0        5.0       -7.0       -8.0        5.0       -6.0        4.0        1.0        5.0        5.0       -4.0        1.0      -10.0        5.0       10.0        9.0        6.0       -3.0        9.0        9.0        4.0       -4.0       -2.0       -4.0        6.0        6.0        1.0       10.0       -3.0       -4.0       -6.0        0.0        5.0        5.0       10.0        9.0       -1.0       -8.0      -10.0        1.0      265.0        2.0        9.0        4.0        2.0        4.0       -2.0 =     1998.0
      -5.0        4.0        3.0        8.0        6.0        6.0        9.0        9.0        8.0       10.0        0.0        3.0        0.0       -8.0       -1.0       -9.0       -2.0       -4.0        9.0       -4.0        0.0       -4.0        9.0        1.0       -7.0       -8.0       -7.0        7.0        3.0        0.0       -1.0        8.0        2.0        6.0      -10.0        9.0       -4.0        4.0       10.0        0.0       -1.0       -7.0       -6.0        9.0       -6.0       10.0       -2.0        6.0      285.0        9.0        5.0       -8.0        1.0        1.0 =     -712.0
      -3.0        4.0        9.0       -6.0       -2.0       -7.0       -4.0        1.0        4.0       10.0       -9.0        5.0       -1.0       -9.0       -5.0       -2.0       -2.0       -3.0       -2.0       -5.0        3.0        3.0        8.0      -10.0      -10.0       -6.0        6.0       -8.0       -6.0        2.0       -4.0       -5.0       -2.0       -4.0       -7.0       -3.0       -8.0       -6.0        0.0        5.0        1.0       -3.0       -2.0       -8.0       -1.0      -10.0        2.0       -8.0       -9.0      272.0        0.0        5.0       -8.0       -7.0 =     -290.0
      -7.0       -9.0       -3.0       -2.0        0.0       -4.0        3.0        2.0        9.0        8.0        2.0        6.0        9.0       -2.0       -6.0        6.0       -4.0       -6.0        6.0       -4.0        3.0       -5.0       -5.0        9.0        0.0       -3.0        1.0        1.0        1.0        3.0        7.0       -4.0        6.0        3.0       -6.0      -10.0        9.0       -8.0       -5.0       -5.0        7.0       -4.0       10.0        1.0        5.0       -5.0       -9.0       -2.0        4.0       -3.0     -257.0       -6.0       -3.0        5.0 =    -2349.0
      -1.0       -7.0        6.0        0.0       10.0       -4.0       -8.0      -10.0       -7.0        3.0        0.0        7.0       -6.0        3.0        2.0       -6.0        6.0       -7.0        5.0        5.0        0.0        9.0       -9.0        1.0       -7.0       -9.0       -9.0        6.0        0.0       -5.0        7.0        9.0        1.0       -7.0       -5.0       -7.0       -5.0        5.0       -4.0        4.0        5.0        7.0       -7.0        1.0        3.0        7.0        3.0        2.0        5.0        0.0       -6.0     -267.0        1.0        5.0 =     -825.0
       0.0       -5.0       -2.0       -4.0       -8.0       -4.0       -4.0       -3.0        7.0        5.0        9.0        9.0       -8.0       -6.0        0.0        7.0        3.0       -7.0       -8.0        9.0        4.0        9.0        2.0        4.0        5.0        8.0       -9.0       10.0       -9.0        8.0        9.0        9.0      -10.0       -1.0       -8.0       -4.0       -4.0        1.0        7.0       -9.0       -2.0       -8.0       -2.0       -7.0        4.0        8.0       -3.0        4.0       -6.0        7.0        7.0       -6.0     -305.0        3.0 =     2940.0
       7.0       -9.0       -9.0        0.0       -9.0       -7.0       -6.0        0.0       -4.0       -2.0        3.0       -3.0        4.0       -5.0        3.0       -1.0       -9.0        1.0       -6.0       -5.0        6.0        5.0       -1.0        3.0       -9.0       -4.0        7.0       -8.0       -6.0        2.0        4.0       -3.0        9.0        4.0        2.0       -1.0       -4.0       -2.0       -5.0       -2.0       -7.0        1.0       -5.0        7.0        1.0        9.0        6.0        6.0       -5.0        2.0        0.0       -3.0        3.0      244.0 =     -597.0

       0.0        1.0       -5.0      -10.0       -5.0       -7.0        8.0      -10.0       -7.0       -4.0       -4.0        3.0       -1.0       -7.0       -5.0       -9.0        9.0        9.0       -8.0       -6.0       -6.0       -6.0        7.0      -10.0        7.0        4.0       -2.0       -8.0       -6.0       -7.0       -9.0        2.0        8.0       -8.0        6.0       -2.0        3.0      -10.0       -6.0       -2.0        5.0        8.0        7.0        3.0        4.0        8.0       -6.0        6.0       -2.0       -2.0        9.0        3.0      -10.0       -3.0
