56
     279.0        4.0       -5.0       -3.0       -7.0       -2.0        0.0        6.0       -8.0        6.0       -9.0       -3.0       -3.0       -6.0        7.0       -1.0        2.0        7.0        0.0        3.0       -4.0        0.0       -2.0        0.0        8.0       -9.0        3.0        7.0        2.0       10.0       -5.0        3.0       -5.0       -6.0        5.0        6.0       -6.0        4.0        3.0       -4.0        3.0       -3.0        1.0        9.0        9.0        8.0        3.0       10.0       -3.0        8.0        7.0        8.0        3.0       -9.0       -2.0       10.0 =     2712.0
      -9.0      269.0       -5.0       -6.0       -2.0        6.0        9.0        7.0       -9.0        2.0       -6.0        5.0      -10.0        5.0        0.0        1.0       -1.0       -3.0       -4.0       -1.0      -10.0        8.0       -2.0        1.0      -10.0        0.0        9.0        7.0       -7.0        7.0        0.0        7.0       -5.0       -3.0       -4.0        4.0        5.0       -1.0        6.0        8.0       -2.0        2.0       -8.0        0.0        3.0        6.0       -6.0        5.0        5.0        4.0       -5.0       -4.0        4.0       -6.0        6.0        5.0 =     1108.0
       1.0        7.0      319.0       -7.0       -6.0        9.0       -2.0        4.0        3.0       -6.0        0.0       -8.0        3.0       -9.0       10.0       -8.0        5.0       -9.0       -5.0        7.0        6.0       -9.0        7.0       -8.0        6.0        3.0       -8.0        9.0        4.0       -9.0        3.0        4.0       -5.0        6.0        6.0        8.0       -9.0        3.0        7.0        4.0        5.0       -5.0       -5.0        4.0        9.0        2.0       10.0       -1.0        4.0        7.0        0.0        6.0        8.0       10.0        3.0        6.0 =    -1596.0
      -1.0       -8.0        8.0     -278.0        7.0        0.0       -5.0       -7.0       -4.0       -1.0       -6.0       -2.0       -9.0       -9.0       -2.0        6.0       -5.0       -9.0       -9.0        3.0        1.0       -7.0        1.0        9.0       -4.0        7.0        3.0       -6.0       10.0       -1.0       -2.0       -1.0        1.0       -5.0       -5.0        6.0        0.0        6.0       -4.0       -3.0       -8.0        0.0       -5.0        6.0       -2.0       -5.0        0.0       -7.0      -10.0       -9.0        9.0       -5.0        6.0       -3.0        3.0        9.0 =    -1038.0
      -6.0        0.0        3.0        1.0      260.0        1.0       -1.0        6.0        2.0        0.0        1.0       -8.0       -7.0       -1.0       10.0       -5.0        6.0        4.0       -6.0        4.0        0.0        6.0      -10.0       -2.0       10.0       -7.0        1.0        8.0       -9.0       -5.0        2.0       10.0       -2.0       -1.0       -2.0       -8.0        5.0       -6.0       -1.0       -9.0       -5.0        4.0        0.0       -2.0        6.0        9.0       -6.0        9.0       -7.0        1.0        2.0       -1.0       -1.0      -10.0        1.0       10.0 =      762.0
      -4.0        7.0        5.0       -5.0       -2.0     -275.0        1.0       -1.0        7.0        6.0        3.0        3.0       -9.0        5.0        9.0        6.0        7.0        9.0        0.0        8.0      -10.0        9.0       -5.0       -2.0       -1.0        3.0        1.0        4.0       -3.0       -3.0        6.0        4.0       -9.0       -7.0        9.0        3.0       -5.0        2.0        5.0       -2.0       -4.0        3.0        5.0      -10.0        0.0       -6.0       -3.0        5.0        7.0        3.0       -4.0       -9.0       -5.0        6.0       -6.0       -8.0 =      988.0
       4.0        7.0        0.0       -1.0       -7.0       -2.0     -272.0       -1.0       -6.0       -9.0       -5.0       -8.0       -5.0       -5.0        0.0        2.0        5.0       -6.0       -9.0        1.0       -2.0       -2.0       -2.0        3.0       -8.0        8.0        6.0       -5.0        2.0        5.0       -7.0      -10.0        5.0        4.0        8.0       -1.0       -3.0       -4.0       -8.0        0.0       -5.0       10.0        1.0       -7.0        1.0        3.0       -3.0       -8.0        5.0        4.0       -8.0        7.0       -9.0       -6.0       -2.0       -9.0 =     2832.0
      -8.0       -7.0       -8.0        4.0        1.0       -3.0        4.0      271.0       -9.0      -10.0       10.0        3.0       10.0       -7.0       -8.0        3.0       -4.0       -6.0        1.0       -4.0        5.0       -7.0        1.0        1.0        0.0       -5.0        1.0       -4.0        0.0       -6.0        3.0        4.0       -8.0        0.0        1.0       -1.0       -3.0        3.0        4.0        5.0        9.0        0.0       10.0        4.0        0.0        8.0        8.0       -5.0       -5.0       -9.0        8.0        2.0        7.0        7.0       -6.0        5.0 =    -1080.0
      -3.0        6.0       10.0      -10.0       -9.0       -1.0        2.0        5.0     -257.0       -8.0       -4.0        6.0        3.0        0.0        9.0       -3.0        9.0        1.0       -1.0        1.0        1.0        5.0        2.0        6.0        7.0        8.0       -6.0        4.0        4.0       -6.0       -3.0        0.0        9.0        7.0        5.0       -7.0        5.0       -5.0       -2.0       -4.0        7.0       -1.0        2.0       -8.0      -10.0        7.0        5.0        1.0        2.0        3.0        6.0       -3.0        3.0       -6.0        3.0        0.0 =      203.0
      -6.0       -4.0       -9.0       -2.0       -6.0       -7.0        5.0       -1.0       -9.0     -284.0        0.0        0.0       -3.0       -9.0       -4.0       -8.0        1.0       -3.0       -7.0        4.0       -4.0        9.0       -1.0       -7.0        7.0        9.0       -3.0       -4.0       -1.0       -8.0        4.0       -3.0        6.0       -7.0       -2.0       -3.0        8.0        5.0        1.0        0.0       -6.0       -6.0        1.0       -8.0        2.0       10.0       -8.0       -4.0       -7.0        9.0       -6.0       -9.0      -10.0       -4.0        8.0        2.0 =    -3438.0
      -6.0        8.0       -3.0        5.0        9.0       -1.0        7.0       -5.0        2.0       -2.0     -281.0        0.0       -9.0        5.0       -3.0        6.0        6.0        5.0        8.0       -1.0       -6.0        9.0        3.0       -6.0       -1.0       -1.0       -5.0        4.0        8.0        1.0        1.0       -7.0        9.0      -10.0       -3.0        2.0       -1.0       10.0        3.0       -4.0       -8.0        2.0       -9.0        8.0       -4.0       -1.0        2.0       -7.0        6.0       -9.0       10.0       -7.0       -7.0        8.0       -1.0        1.0 =     1300.0
      -7.0        0.0        2.0       -2.0       -1.0       -9.0        1.0       10.0        1.0        8.0       -4.0      278.0       -9.0        6.0       -9.0      -10.0        7.0       -2.0        5.0       -5.0        6.0        9.0        4.0        2.0       -7.0       -5.0       -5.0       -3.0        0.0        5.0        7.0       -9.0        6.0        6.0       -9.0        7.0        9.0       -4.0        5.0       -4.0       -4.0       -3.0        4.0        1.0        1.0       -8.0       -9.0        0.0        0.0        7.0       -3.0        6.0        3.0       -3.0       -1.0        6.0 =     1939.0
       9.0       -4.0        4.0        5.0        0.0       -8.0        9.0       -5.0        5.0       10.0        8.0        7.0     -268.0       -3.0        6.0        5.0       10.0        4.0       -5.0        3.0        0.0       -8.0        6.0       -8.0        1.0        8.0       -2.0        4.0        3.0       -2.0        7.0        0.0        2.0       -7.0        1.0        3.0        2.0       10.0       -8.0       -1.0       -1.0       -2.0      -10.0        4.0       -1.0        9.0        9.0        1.0        3.0        4.0       -7.0       -4.0        4.0       -4.0       -5.0       -2.0 =    -1194.0
       8.0       -2.0      -10.0        4.0       -6.0       10.0       10.0        4.0       -6.0        0.0        3.0       -6.0        2.0      313.0       -5.0       -8.0       -6.0        4.0        5.0       -5.0       -6.0        2.0        5.0        7.0        0.0        6.0        8.0       -8.0       -2.0        7.0       -3.0       -5.0       -9.0       -6.0        0.0       -7.0        6.0        7.0       -1.0        8.0       -6.0        7.0        3.0       10.0        1.0       -6.0       -8.0        7.0       -8.0        2.0       -9.0        7.0      -10.0        4.0        4.0       -9.0 =     2149.0
       6.0       -1.0       -3.0       -9.0        2.0        0.0        5.0        6.0       -3.0       -7.0        6.0       -1.0       -6.0       10.0     -259.0        7.0        9.0        5.0       -6.0        8.0        3.0        6.0       -4.0        6.0        0.0        6.0        0.0       -3.0        4.0        2.0       -1.0        0.0        8.0       -9.0        5.0        1.0       -7.0       -2.0       -4.0        0.0       -6.0       -4.0       -9.0      -10.0        7.0       -4.0        4.0        7.0        2.0        2.0       -9.0        2.0       -4.0       -4.0       -4.0        7.0 =      729.0
      -5.0      -10.0       -8.0        0.0       -6.0        2.0       -2.0       -4.0        9.0        0.0       -2.0       -2.0        2.0        1.0       -5.0     -295.0        1.0        2.0        0.0        5.0        3.0       10.0        7.0        5.0       10.0        6.0       -9.0       -9.0       10.0       10.0       -1.0       -3.0       -1.0        9.0        0.0       10.0       -4.0       -8.0        6.0       -7.0        6.0       -8.0       -8.0        9.0        1.0       -6.0        2.0       10.0       -2.0        6.0        4.0      -10.0       -5.0       -6.0       -5.0        9.0 =     -552.0
      -1.0       10.0       -4.0       -8.0       -4.0        8.0        9.0       -8.0        8.0       -3.0      -10.0       -9.0       -6.0       -2.0        5.0      -10.0     -328.0        2.0       -6.0       -9.0        0.0       -2.0        4.0      -10.0       -6.0       -4.0        2.0       -9.0       -7.0        3.0      -10.0        6.0      -10.0        4.0        6.0       -9.0        2.0        5.0       -3.0       -7.0        5.0        1.0        5.0        3.0        6.0       -1.0        6.0       -3.0       10.0       -9.0       -9.0       -8.0        2.0       -7.0       -7.0       10.0 =    -1628.0
       8.0       -7.0        3.0        9.0        2.0        9.0       10.0       -6.0        2.0        9.0        4.0        2.0        7.0       -3.0       -5.0        7.0       -4.0      302.0        8.0        6.0       -5.0       -3.0        5.0       -3.0        4.0        2.0      -10.0        6.0        5.0        7.0        0.0        3.0        4.0        4.0       -2.0        6.0        5.0       -6.0      -10.0       -4.0        8.0       -4.0       -7.0        5.0        6.0        4.0       10.0        2.0      -10.0        9.0       -3.0        7.0        5.0        7.0       -1.0        5.0 =    -3726.0
       8.0        3.0        1.0        6.0        2.0       -7.0        4.0       -3.0        8.0        0.0       -7.0        1.0       10.0        3.0       -9.0       -1.0        8.0       -5.0      286.0       -7.0        4.0        9.0        6.0        8.0        3.0        1.0        5.0        9.0       -2.0       -2.0        9.0        8.0       -2.0       -1.0       -1.0       -1.0        5.0       -3.0        5.0      -10.0       -5.0       -3.0        2.0       -9.0       -4.0       -6.0       -5.0       -7.0       -5.0        1.0       -4.0        1.0       10.0       10.0       10.0       -8.0 =    -2632.0
       4.0       -4.0       -6.0        4.0        1.0       -8.0        0.0       10.0        4.0        9.0       -1.0        3.0       -7.0        5.0        0.0        5.0       10.0       -8.0       10.0     -272.0      -10.0       -9.0        0.0        4.0        6.0        2.0       -3.0       -5.0        3.0       -9.0        0.0        3.0       -9.0       -6.0        1.0        4.0       -3.0      -10.0        2.0        1.0        7.0       -7.0        4.0       -2.0       -7.0       -3.0       -2.0        6.0       -8.0       -9.0       -2.0       -4.0        0.0        4.0        1.0       -8.0 =    -2781.0
       5.0       -1.0      -10.0       -3.0        2.0       -9.0       -7.0        7.0       -6.0        8.0       -6.0       -7.0        6.0        5.0       -9.0        6.0       -4.0        4.0       10.0        0.0      293.0        2.0        2.0        6.0       -2.0       -3.0        0.0        9.0       -5.0        7.0        6.0       -5.0        9.0        7.0       -8.0       -7.0        5.0        4.0       -5.0        8.0       -6.0        0.0        9.0        0.0        3.0       -7.0        7.0        9.0       -3.0       -6.0       -6.0        3.0       -4.0       -4.0        2.0        6.0 =    -1902.0
      10.0       -9.0        5.0       -8.0       -5.0        5.0        6.0        4.0       -3.0       -1.0        9.0        9.0       -1.0       -1.0        4.0        0.0        8.0       -7.0        8.0       -2.0        4.0     -281.0       -1.0        6.0        6.0        9.0       -4.0       -8.0        8.0       -2.0        2.0        7.0       -4.0        1.0        6.0       -4.0       -1.0       -7.0        2.0        4.0        3.0       -1.0       -1.0        8.0        3.0       10.0        6.0        9.0        4.0        8.0        6.0       -7.0       10.0       -4.0       -4.0       -2.0 =     -356.0
       3.0        4.0        4.0       -4.0        3.0        4.0        6.0       -5.0       -7.0      -10.0       -9.0        8.0       10.0        3.0       10.0        2.0        9.0        5.0        9.0       -3.0      -10.0       -1.0     -301.0       -1.0        0.0        4.0        6.0        6.0       -2.0        5.0        0.0       -9.0        9.0       -7.0       -4.0        9.0        4.0       -9.0       -1.0       -6.0       -7.0        0.0        9.0        8.0       -1.0        7.0        4.0        3.0       -7.0       10.0        7.0        3.0       -2.0       -1.0       -2.0        9.0 =     -904.0
       8.0        9.0        3.0       -4.0       -3.0        3.0        8.0       -3.0        3.0       -2.0       -4.0       -1.0        2.0        4.0        6.0        7.0       -3.0      -10.0       -5.0       10.0        5.0        1.0       -2.0     -244.0        0.0        6.0        0.0        8.0       -3.0        0.0        1.0        5.0        4.0       -3.0       -4.0       -3.0        6.0       -1.0       -5.0       -8.0        2.0       -4.0       -9.0       10.0       -6.0       -3.0        2.0       -3.0        4.0        9.0        0.0       -1.0       -6.0       -7.0        4.0        2.0 =     1935.0
       0.0       -1.0       -3.0        2.0       10.0        5.0        4.0        0.0        2.0       -9.0        6.0       -3.0      -10.0        8.0        3.0       -1.0       -4.0        1.0        2.0        5.0      -10.0        2.0        5.0       -9.0      268.0       -1.0       -2.0        4.0        1.0       10.0        0.0        6.0        9.0       -2.0       -3.0       -8.0       -8.0       -7.0       -5.0        1.0        7.0       -5.0       -8.0       -6.0       -9.0        5.0       -3.0       -7.0        6.0        6.0        9.0        6.0        3.0        1.0        2.0       -3.0 =     -816.0
      -3.0        8.0        1.0        8.0       -5.0        5.0        5.0        6.0       -7.0        3.0        5.0       10.0       -4.0        0.0        3.0       -3.0        0.0       10.0       -5.0        9.0       -2.0        2.0        2.0        1.0        5.0     -255.0        2.0        1.0        0.0       -4.0        4.0        8.0        5.0        0.0       -1.0        6.0        6.0        9.0       -4.0       -9.0       -7.0        8.0        8.0        4.0        1.0       -1.0        9.0        7.0        9.0        6.0       -1.0       -5.0        7.0        2.0        1.0        4.0 =      252.0
       9.0        3.0       -6.0        8.0      -10.0       -4.0       -4.0        9.0       -6.0        7.0       -6.0       -1.0       -8.0       -7.0        3.0        5.0        4.0        8.0       10.0        3.0       -5.0        1.0        2.0       -9.0       -7.0      -10.0      316.0       -5.0        0.0       -3.0        3.0      -10.0        9.0        3.0       -3.0       -6.0       -3.0      -10.0        5.0        2.0      -10.0       -2.0        1.0        6.0       -7.0       -9.0        7.0        2.0       -8.0       -7.0        6.0       -3.0        9.0        2.0        2.0        8.0 =    -2840.0
       3.0       -9.0        5.0       -9.0        3.0       -1.0        0.0       -9.0        3.0        3.0       -6.0       -8.0       -6.0       -2.0        3.0        3.0       10.0        3.0       -5.0        0.0       -6.0       -6.0        2.0       -5.0       -5.0        2.0        1.0     -283.0        5.0        5.0       -7.0        9.0        2.0       -6.0        6.0        4.0        8.0       -6.0       -9.0        9.0       -1.0       -9.0       -1.0       -8.0       -8.0       10.0        5.0        6.0        7.0       -5.0        2.0       -2.0        4.0       -3.0       -4.0       -9.0 =        0.0
       0.0       -4.0       -5.0       10.0       -6.0       -4.0       -5.0        2.0        7.0       10.0        8.0       -9.0       -7.0       -6.0       -3.0        7.0        3.0        8.0        5.0       -4.0       -1.0        8.0       -5.0       10.0       -1.0        0.0        0.0        8.0     -282.0       -6.0        9.0        0.0       -2.0       -2.0        0.0       -8.0       -2.0        4.0        3.0        4.0       -1.0        7.0        1.0        4.0        9.0        0.0       -6.0       -8.0       -4.0      -10.0        2.0      -10.0        6.0       -4.0       10.0        6.0 =     2032.0
       2.0       -2.0        0.0        1.0        4.0       -6.0        9.0       -6.0       -8.0       -9.0        9.0        6.0        0.0       -4.0        1.0        1.0       -9.0       -9.0        9.0       -8.0       -2.0        1.0        9.0        2.0       -3.0       -8.0       -6.0        5.0      -10.0      263.0        9.0       -7.0        4.0       -3.0       -2.0        5.0       -2.0       -5.0        6.0        4.0       -7.0        2.0        6.0       -1.0       -1.0       -2.0        2.0        3.0       -7.0       -6.0       -4.0      -10.0       -3.0       -6.0        5.0        0.0 =    -2120.0
      -4.0        8.0        4.0      -10.0        8.0       -1.0        1.0       -7.0        2.0        9.0       -3.0        5.0        9.0        7.0       -9.0        2.0       -1.0       -4.0        9.0       -3.0        2.0       -5.0        2.0       -8.0       -8.0      -10.0        2.0       -6.0        4.0       -3.0      292.0       -1.0       -3.0       -8.0      -10.0        4.0       -1.0        4.0       -3.0        7.0       -4.0       -8.0        0.0        5.0       -4.0       -1.0       -7.0       -6.0        7.0        4.0        7.0        3.0       -9.0        9.0       -6.0        6.0 =     1076.0
      -1.0       10.0        3.0       -7.0       -6.0        8.0        9.0       -3.0       -5.0        3.0       -8.0       -4.0      -10.0        8.0        9.0       -6.0       -3.0      -10.0       -5.0       -6.0       -9.0        0.0       -7.0       -2.0       -6.0        2.0        3.0        1.0        0.0       -6.0       -7.0     -326.0       10.0       -7.0       -5.0        8.0        7.0       -9.0       -9.0       -8.0        8.0        5.0        8.0       10.0       -5.0       -1.0       -2.0       -3.0       -6.0        5.0       10.0        1.0       -4.0        9.0        6.0        3.0 =     2100.0
       9.0        3.0        6.0       10.0        6.0        2.0        2.0       -1.0       -4.0       -2.0        9.0        1.0        7.0        8.0       -7.0        3.0       -2.0      -10.0        0.0       10.0       -1.0        3.0        0.0       -9.0        8.0        1.0       -5.0        4.0        7.0       -6.0        0.0       10.0     -268.0       -9.0        4.0        2.0       -1.0        7.0        1.0       10.0        8.0        6.0       -5.0        7.0        7.0       -5.0        4.0        2.0        1.0       -8.0        1.0       -4.0        2.0       10.0        4.0        1.0 =     1449.0
       2.0       -4.0       -2.0        7.0       -5.0        1.0       -3.0       -1.0       -2.0       10.0       -2.0       -4.0        0.0        1.0       -6.0        9.0        2.0       -1.0        3.0       -5.0        7.0        4.0       10.0       -9.0       10.0       -6.0        1.0       -9.0        3.0        6.0        9.0        8.0        5.0     -261.0       -8.0        1.0        3.0        6.0        5.0        1.0        9.0       -1.0        0.0        9.0        6.0       -5.0       -9.0       -9.0        5.0       10.0       -2.0        0.0       -5.0        1.0        6.0       -3.0 =    -1818.0
      -3.0        5.0        6.0       -1.0        8.0       -5.0        1.0        3.0        8.0        2.0        4.0       -4.0       -2.0       -7.0        7.0        0.0       -7.0       -4.0        1.0        8.0       -9.0       -9.0       -3.0       -3.0        3.0       -8.0       -5.0       -8.0        7.0        5.0       -5.0       -6.0       -8.0       -2.0     -276.0       -1.0        8.0        0.0        3.0        4.0       -8.0        8.0        7.0        7.0        2.0      -10.0        7.0        3.0       -1.0       -1.0        6.0       -5.0        8.0       -6.0        8.0        0.0 =      804.0
      -6.0        8.0       -8.0        0.0       10.0       -5.0       -7.0      -10.0       -5.0       -1.0       -8.0       -7.0        4.0       -2.0        7.0       -4.0       -7.0        1.0        8.0        4.0       -2.0       -2.0        1.0        1.0        2.0       -6.0       10.0       -2.0       -1.0       -5.0        3.0        5.0        6.0        7.0        4.0      300.0       10.0       10.0        8.0       -3.0        4.0       -7.0        7.0        2.0       -8.0       10.0       -3.0        8.0       -1.0        3.0        5.0       -9.0        7.0        7.0       -9.0        6.0 =      680.0
       1.0        8.0       -4.0        0.0        1.0       -9.0        3.0       10.0       10.0       -8.0        7.0       -2.0       -3.0       -2.0        0.0        0.0        4.0      -10.0       -4.0       -3.0        7.0        9.0        9.0        6.0        4.0        1.0        7.0        1.0       -8.0       -5.0        6.0        2.0        3.0        8.0        0.0        0.0      258.0       -4.0        0.0       -1.0        8.0       -4.0       -8.0       -1.0      -10.0        2.0        9.0        8.0        4.0        7.0       -4.0        0.0       10.0       -4.0        3.0       -1.0 =      321.0
       2.0        6.0        2.0        8.0       10.0       -9.0       -4.0       -3.0       -2.0       -1.0      -10.0        0.0      -10.0       10.0        9.0        6.0       -1.0        1.0        1.0       -7.0        6.0       -1.0        4.0       10.0       -4.0        1.0        6.0       -3.0       -1.0       -9.0       -3.0        4.0      -10.0        1.0       -5.0        2.0        9.0     -272.0        7.0       -6.0       -1.0       -2.0       -4.0        9.0        6.0       -7.0        1.0        3.0        3.0       -7.0        3.0       -5.0        8.0       -3.0        6.0       -7.0 =    -1012.0
       7.0        0.0       -6.0       -5.0        1.0       -8.0        2.0       -9.0        1.0       -3.0        2.0        0.0        4.0        0.0        3.0       -2.0        5.0        7.0       -2.0       -6.0       -9.0        8.0       -9.0       -1.0        6.0       -5.0        3.0        1.0        1.0       -2.0        8.0       -9.0       -9.0       -5.0        5.0        4.0        5.0        7.0      292.0        9.0       -7.0        4.0        6.0       -4.0        5.0       -3.0        8.0        7.0       -8.0        2.0       -9.0      -10.0       -9.0        6.0       -9.0       -8.0 =    -2096.0
      -7.0       -4.0      -10.0       10.0       -5.0       -5.0        2.0       -6.0       -8.0       10.0       -1.0        6.0       -6.0        0.0       -1.0        2.0       -9.0       -5.0       -5.0        0.0        6.0       -6.0        0.0        9.0        3.0       -8.0       -8.0        4.0        7.0        9.0      -10.0        0.0       -3.0       -9.0        9.0        5.0        9.0       -1.0       -4.0      283.0       10.0       -5.0       -6.0        0.0        9.0       -1.0       -8.0        1.0       -4.0        1.0       -3.0        9.0       -3.0        0.0        2.0        5.0 =    -1040.0
       6.0        6.0       -3.0        1.0       -7.0       -1.0        3.0        3.0      -10.0       -4.0       -3.0        6.0        8.0        3.0       -4.0        2.0        7.0       -6.0        0.0        4.0       -7.0       -7.0        6.0        5.0       -4.0       -1.0        7.0       10.0       -4.0        3.0       -2.0       -8.0       -9.0       -9.0       -6.0       -4.0       -7.0       -8.0       -6.0        4.0      276.0        0.0        2.0       -5.0        8.0        8.0       -8.0        2.0       -9.0        0.0       -5.0        9.0        6.0       -1.0        2.0       -3.0 =     1230.0
       5.0        1.0        0.0        5.0       -1.0       -6.0       10.0       -9.0        4.0        7.0        6.0       -3.0       -8.0       -2.0       -5.0        3.0        0.0       -7.0        7.0        5.0       -3.0       -3.0      -10.0        7.0        6.0       -6.0       -9.0        3.0        9.0        5.0        1.0       -3.0        6.0       -1.0        5.0       -4.0       -8.0        0.0        8.0       -6.0       -9.0     -287.0        0.0       -2.0        4.0        2.0       -9.0       -8.0       -4.0        7.0       10.0       -3.0       10.0       -8.0       10.0        0.0 =     -278.0
       1.0        1.0       -3.0        5.0        5.0       -4.0        8.0       -2.0        9.0        4.0        3.0       -2.0       -3.0        5.0        9.0        7.0       -2.0        5.0        5.0       -6.0       -9.0       -4.0        5.0        4.0        4.0        7.0       -8.0        7.0        7.0       -8.0        4.0       -9.0        2.0        6.0       -9.0        8.0       -3.0       -6.0        0.0       -8.0       -9.0       -4.0      298.0        7.0       10.0        4.0        5.0        8.0        3.0        7.0       -1.0        4.0       10.0       -6.0        4.0       -7.0 =     1104.0
       6.0        7.0        8.0        5.0        2.0       -5.0       -1.0        6.0        2.0        1.0       -4.0       -9.0       -3.0       -2.0       -6.0       -9.0        1.0       -3.0       -3.0       -7.0       -3.0        4.0        7.0        1.0        2.0       -4.0       -4.0        0.0        3.0       -3.0       -1.0       -3.0       -9.0        6.0        9.0        5.0        8.0        8.0        4.0        1.0       -4.0       -5.0       -4.0     -250.0        1.0       -5.0        1.0        7.0        1.0        3.0       -2.0        8.0        7.0       -8.0       -8.0       -7.0 =    -1240.0
      -4.0       10.0       10.0        0.0       -2.0       -1.0       -7.0      -10.0       -4.0       -8.0        4.0        8.0        1.0        7.0       -7.0       -1.0       -6.0      -10.0       -5.0        5.0      -10.0       10.0        6.0       -6.0       -5.0        2.0       -9.0       -2.0        4.0       -4.0       -5.0        0.0       -5.0        2.0       -9.0        0.0       -9.0       -2.0        4.0        8.0        9.0        7.0        6.0        8.0      297.0       -9.0        4.0       -7.0       -6.0        1.0        1.0        7.0        3.0        7.0       -8.0       -1.0 =    -1345.0
      -1.0       -7.0       -5.0       -6.0       -9.0       -8.0       -8.0        8.0       -9.0       -4.0       -7.0       -2.0       -7.0       10.0      -10.0        0.0       -8.0        0.0       -6.0        1.0       -7.0        5.0        7.0        4.0       -5.0       -6.0        4.0       -5.0       -1.0        3.0        6.0        1.0       -2.0       -5.0       -2.0       -5.0       -7.0        6.0       -8.0       -9.0       -6.0        3.0        9.0        9.0       -1.0     -322.0       -5.0       10.0      -10.0       -7.0       -7.0        7.0       -9.0       -9.0        9.0       -3.0 =     -436.0
       0.0        3.0        5.0        9.0        4.0        4.0        0.0       -5.0        9.0       -2.0       -3.0       -3.0       -9.0        5.0       -6.0       -6.0       -2.0        7.0        9.0       -9.0        1.0        4.0        2.0       -1.0       -3.0        0.0       -3.0        0.0        8.0       -9.0       -5.0       -4.0        4.0       -6.0        2.0        7.0        2.0        0.0       -9.0       -5.0        0.0       -6.0        9.0        5.0       -6.0        7.0     -265.0        4.0        6.0        4.0        7.0       -9.0       -5.0        3.0        3.0       -6.0 =    -2286.0
      -6.0        1.0       -1.0       10.0        5.0        6.0       -8.0       -6.0       -2.0        3.0       -5.0       -6.0        2.0        7.0        1.0       -6.0       -6.0       -4.0       -5.0        6.0       -1.0       -9.0        6.0        3.0        0.0        5.0       -4.0       -4.0       -6.0       10.0       -9.0       -3.0        2.0       10.0        1.0        9.0        0.0       -1.0       -8.0       -6.0        3.0       -8.0        9.0       -6.0       -8.0        7.0       -5.0     -281.0        4.0       -4.0        4.0       -8.0        3.0       -4.0        6.0        0.0 =     1228.0
      -5.0        3.0       -5.0        2.0       -8.0      -10.0        7.0        3.0       -4.0       -5.0       -1.0       -2.0       -5.0        7.0        0.0       -7.0        1.0       -2.0       -1.0        9.0       -6.0       -4.0        4.0       -9.0        6.0       -2.0        2.0       -3.0       -7.0        6.0        9.0       -3.0        0.0       -8.0       -9.0        5.0       -9.0       -3.0       -3.0        6.0        7.0       -6.0        8.0        1.0        4.0        5.0       10.0        5.0     -268.0        3.0        4.0        4.0        3.0        0.0        5.0      -10.0 =     1656.0
      -6.0       -3.0        0.0        8.0       -8.0       -3.0       -7.0        8.0        5.0        5.0        6.0       -2.0        6.0       -2.0       -1.0       -3.0        6.0        9.0       -9.0        1.0       -3.0       -7.0       -1.0        6.0        9.0       -3.0       -8.0        7.0       -5.0        0.0        6.0       -4.0        3.0       -1.0       -8.0        6.0        2.0        4.0        2.0        3.0        7.0       -4.0       -9.0        9.0        1.0        7.0        9.0       -4.0       -7.0     -270.0       -9.0       -7.0       -3.0        0.0       -3.0        3.0 =     -262.0
       4.0       -1.0       -1.0       10.0        7.0       -8.0        0.0       -1.0        8.0        3.0        6.0       -7.0        4.0        2.0        8.0        5.0        6.0        2.0        3.0        8.0       -8.0        9.0        4.0        7.0        7.0       10.0        0.0       -8.0        6.0        8.0      -10.0       -9.0       -1.0        3.0       -8.0       -6.0        8.0       -1.0       -2.0       -7.0       -9.0       -7.0       -1.0       -8.0        3.0       -5.0        7.0       -5.0       -1.0        3.0     -299.0        5.0        8.0       -9.0        3.0       -2.0 =      771.0
      10.0       -5.0       -6.0        8.0        5.0        3.0        6.0        2.0        4.0       -1.0       -7.0        5.0       -6.0        9.0       -3.0       -9.0       -1.0        5.0        2.0       -7.0       -3.0        5.0       -7.0        3.0       -2.0       -2.0      -10.0      -10.0        7.0        5.0       -8.0        2.0        0.0        3.0        1.0        8.0       -7.0       -1.0       -8.0        0.0        5.0        4.0       -3.0       -1.0       -1.0       -7.0       -7.0       -1.0       -8.0        1.0        3.0      262.0        1.0        9.0        5.0       -1.0 =     -502.0
       8.0       -1.0        4.0       -5.0        9.0        1.0       -3.0       10.0        3.0       -2.0       -6.0        7.0       -3.0       10.0       -6.0       -7.0        6.0       -4.0       -6.0        6.0       -6.0        1.0        6.0       -8.0        5.0       -6.0        5.0        2.0        3.0       -8.0        4.0        2.0       -7.0        5.0        7.0       -8.0        1.0        4.0        0.0       -3.0        9.0       -7.0       -7.0       -3.0       -5.0        0.0        9.0       -6.0       -8.0        1.0       -2.0       10.0      274.0        4.0       -2.0        1.0 =    -1728.0
      10.0       -2.0        4.0        9.0       -8.0        2.0        7.0       -2.0       -3.0        8.0        6.0        3.0       -6.0        8.0       -7.0       -2.0        4.0        6.0        5.0        2.0       -1.0        2.0       10.0       -8.0        1.0       -5.0       -3.0        3.0        1.0      -10.0        9.0        0.0       -3.0       -5.0       -4.0       -1.0       -9.0        4.0        9.0       -4.0        7.0        5.0       -6.0       -5.0        5.0       -4.0       -4.0        6.0        9.0       -3.0        1.0        3.0       -7.0     -280.0        6.0        9.0 =     -912.0
       6.0        7.0        5.0        9.0        6.0       -7.0        4.0        4.0        7.0        5.0       -5.0       10.0        7.0       -6.0        8.0       -8.0       -7.0       10.0       -3.0      -10.0       -7.0       -8.0       -2.0       -9.0        7.0       10.0        8.0        1.0       -1.0       -4.0        5.0       -7.0       -4.0       -5.0        9.0        1.0       -7.0        0.0       10.0       -8.0       -4.0       -4.0        6.0        2.0       -5.0        8.0       -7.0       -9.0       10.0       -1.0        9.0        6.0        5.0        4.0     -341.0        6.0 =    -2556.0
     -10.0        6.0       -9.0        3.0       -9.0       -5.0        7.0        2.0       -3.0       -8.0        2.0       -7.0        1.0       -5.0       10.0       -4.0       -7.0       -3.0       -3.0        0.0       -3.0        3.0        2.0        8.0        3.0        5.0       -3.0        5.0       -1.0       -4.0       -7.0       -3.0       -9.0        9.0       -2.0       -1.0        7.0       -3.0       -4.0       -8.0        5.0       -3.0       -8.0       -5.0       -9.0       -8.0       -5.0        4.0       -3.0       -4.0       -3.0        1.0        9.0       -7.0        2.0     -276.0 =     2148.0

       8.0        4.0       -4.0        3.0        3.0       -4.0       -8.0       -4.0       -1.0        9.0       -5.0        7.0        6.0        7.0       -3.0        2.0        4.0       -9.0       -8.0        9.0       -6.0        2.0        4.0       -9.0       -3.0       -2.0      -10.0        0.0       -8.0      -10.0        4.0       -6.0       -9.0        9.0       -3.0        2.0        1.0        4.0       -8.0       -4.0        5.0        1.0        3.0        5.0       -5.0        1.0        9.0       -4.0       -6.0        1.0       -3.0       -2.0       -6.0        4.0        9.0       -6.0
