56
    -239.0        9.0       -2.0        1.0       -1.0        3.0        3.0       -1.0        6.0        2.0        9.0       -7.0       -2.0        9.0       -6.0        0.0        0.0        4.0       -3.0      -10.0        0.0        7.0        5.0        2.0        2.0       -8.0       -4.0       -2.0       -2.0        1.0        5.0       -7.0       -5.0        4.0       -3.0        3.0        7.0        6.0        2.0       -6.0       -9.0       -8.0        6.0        0.0       -4.0       -8.0        0.0       -5.0       -9.0       -3.0        2.0       -3.0      -10.0        0.0       -1.0       -5.0 =     1375.0
      -1.0     -304.0       -6.0        1.0        2.0       -1.0        3.0       10.0       -3.0       -3.0        3.0       -6.0      -10.0        2.0       -9.0        1.0       -9.0       -6.0        7.0        4.0       -5.0       -8.0       -9.0        6.0       -7.0      -10.0       -5.0       -5.0       -3.0       -8.0       -6.0        5.0        3.0       -8.0       -3.0      -10.0        2.0        9.0       -3.0       -1.0        2.0        3.0        6.0        8.0        9.0        0.0       -9.0        5.0       10.0       -9.0       -5.0       10.0       -3.0        8.0        2.0        5.0 =    -1396.0
       0.0       -7.0     -253.0       -2.0        9.0        6.0        1.0        2.0       -3.0       -5.0       -5.0       -8.0        5.0       -7.0       -7.0        4.0        5.0       -6.0       -7.0        4.0        1.0       -7.0        8.0        2.0        6.0        6.0       -2.0       -4.0       -5.0       -9.0       -3.0        1.0       -3.0       -1.0      -10.0        5.0        5.0        1.0        3.0        2.0        9.0        6.0       -2.0       -7.0       10.0        2.0       -7.0        0.0       -6.0        1.0       -2.0       -4.0        2.0        8.0       -2.0        3.0 =    -1602.0
      -2.0       -4.0       -4.0     -271.0       -1.0       -5.0       -5.0       -5.0       -4.0       -1.0        3.0        6.0        8.0       -2.0        6.0       -7.0        7.0        2.0        6.0      -10.0        5.0        8.0        5.0       -2.0        1.0       -9.0        0.0        8.0       -2.0       -4.0        8.0        7.0       -2.0        8.0       -5.0        3.0       -5.0        7.0       -5.0       10.0        5.0       -3.0       -1.0        9.0       -9.0        0.0        4.0       -2.0        2.0        8.0       -6.0        6.0       -7.0       -3.0       -4.0       -4.0 =     1512.0
      -5.0        6.0       -6.0        3.0      231.0        2.0        3.0        3.0        7.0       -9.0        8.0       -3.0       -7.0       -2.0        5.0       -4.0        9.0        1.0       -1.0       -7.0       -1.0        3.0       -1.0        4.0        4.0       -7.0        4.0        1.0        0.0        5.0        7.0        2.0       -4.0       -1.0        1.0        2.0       -2.0        2.0       -4.0        2.0       -7.0       -7.0        1.0       -1.0       -6.0      -10.0       -3.0        3.0        2.0        0.0        2.0        5.0       -3.0       -9.0        8.0        8.0 =     2340.0
     -10.0       -9.0        4.0       -7.0       -4.0     -289.0        0.0       -3.0       -7.0       -8.0       -9.0        4.0       -6.0        2.0        3.0       -5.0        5.0       -1.0       -2.0       -3.0        8.0       -8.0        5.0       -3.0       -8.0        9.0       -4.0        6.0        1.0       -3.0        3.0        0.0        3.0       -3.0        2.0       -9.0        3.0       -1.0      -10.0        5.0       -4.0       -1.0      -10.0        7.0        7.0       -6.0        9.0        2.0        5.0       -8.0        9.0       -3.0        7.0       -7.0       -2.0      -10.0 =     2832.0
       6.0        7.0        5.0       -2.0        7.0       -7.0     -271.0        1.0        5.0        6.0       -3.0       -1.0        4.0       -8.0        8.0        9.0        0.0       -5.0       -8.0       -3.0        7.0        8.0       -5.0       10.0        8.0        1.0       -9.0       -3.0        4.0       -2.0       -6.0       -4.0        6.0       -2.0        3.0       -4.0        6.0       -6.0        9.0       -8.0        6.0       -2.0       -3.0       -4.0       -2.0       -4.0        6.0       -8.0        8.0        3.0       -2.0       -5.0        0.0        8.0        2.0        1.0 =        0.0
      -1.0        6.0        0.0        2.0        1.0       -3.0       -8.0     -252.0       -2.0       -9.0       -8.0       -2.0        0.0        4.0       -2.0       -4.0       -5.0        8.0       -7.0        4.0        6.0       10.0       -9.0       -9.0       -8.0        3.0        4.0       10.0        8.0       -7.0        1.0        9.0       -7.0        6.0       -6.0        4.0        4.0        8.0       -2.0       -5.0        4.0        1.0       -1.0        0.0        7.0        0.0       -3.0       -1.0        3.0       -2.0       -5.0      -10.0        5.0        0.0       -4.0       -4.0 =     -804.0
     -10.0        9.0        6.0       -6.0        1.0       -1.0        4.0       -8.0      281.0        1.0       -4.0       -3.0       -8.0       10.0       -1.0       -7.0        8.0        6.0        2.0        7.0        0.0        8.0       -8.0        9.0       -4.0        3.0       -4.0        1.0        3.0        1.0       10.0        3.0        7.0        1.0        1.0        1.0        2.0       -1.0        2.0        2.0       -9.0        2.0       -2.0        5.0        5.0       -8.0      -10.0        7.0        7.0        5.0       10.0        9.0       -2.0       -7.0       -7.0        6.0 =    -2345.0
      -2.0        6.0       10.0        9.0       -3.0        5.0        0.0       -6.0       -5.0     -270.0        6.0        6.0        5.0        2.0        1.0        9.0        4.0       -9.0        4.0        3.0        9.0        0.0       -1.0       -8.0        8.0        2.0        0.0        7.0       -8.0        8.0       -7.0       -1.0        7.0       -6.0       -3.0       10.0        4.0        4.0        2.0       -1.0        7.0       -8.0       -2.0      -10.0        6.0       -8.0        3.0        5.0        3.0       -8.0        8.0        0.0       -2.0       -6.0        0.0       -3.0 =      642.0
       3.0        9.0       10.0       -7.0       -1.0        6.0        4.0        0.0        2.0       -5.0     -278.0       -4.0        5.0       -9.0        0.0       -9.0       -1.0       -1.0        1.0       -8.0        6.0        2.0       -3.0        1.0        8.0       -1.0        8.0        0.0        1.0        6.0        7.0        3.0        8.0        9.0        3.0       -8.0       -9.0       -8.0       -6.0        9.0       -2.0        7.0       -3.0        7.0       -2.0        8.0       -4.0        3.0       -8.0       -5.0       -6.0      -10.0       -7.0       -3.0        7.0        2.0 =     -263.0
      -4.0       -6.0        5.0       -3.0        3.0       -2.0       -8.0       -3.0        9.0       -2.0       -9.0      314.0        5.0       -1.0       -8.0        1.0       -5.0       -7.0        5.0       -3.0        4.0        7.0       10.0        7.0        8.0        9.0       -3.0      -10.0        5.0        2.0       -9.0        8.0       -9.0       10.0        1.0       -8.0        0.0       -7.0        1.0        9.0       -5.0       -6.0        9.0       -2.0       -8.0        8.0       -2.0        8.0       -8.0       -1.0        8.0       -4.0        3.0       -6.0       -9.0       -7.0 =      588.0
      -7.0        2.0        0.0        1.0       -3.0        1.0       -5.0        5.0       -6.0       -2.0        0.0        2.0     -243.0        9.0        1.0        2.0        9.0        9.0        2.0        0.0        6.0        9.0        9.0        0.0       -5.0        4.0       -9.0       -2.0       -8.0       -6.0       -9.0       -6.0       -3.0       -4.0       -7.0        2.0        2.0       -2.0       -1.0       -2.0       -7.0        1.0      -10.0       -6.0        5.0        5.0        6.0       -3.0        2.0       -2.0        2.0       -8.0       -2.0       -6.0        1.0       -8.0 =    -1425.0
       5.0       -4.0        3.0        9.0        3.0       -6.0       -8.0        6.0        5.0       -7.0       -7.0       -5.0        5.0     -300.0        3.0       -7.0       10.0        9.0       -6.0        1.0       -4.0        0.0       -9.0       -1.0        4.0        5.0        7.0        6.0        5.0        5.0        9.0       -6.0       -1.0        2.0       -6.0        6.0       10.0        3.0       -6.0        8.0        4.0       -4.0        8.0       -7.0       -5.0       -1.0       -8.0       -3.0       -9.0       -1.0        5.0       -4.0        1.0       10.0        7.0        5.0 =    -2560.0
       4.0       -3.0        0.0        9.0       -4.0        0.0        9.0       -2.0        4.0       -9.0       -8.0        8.0        8.0       -8.0      246.0       -2.0        1.0       -4.0        0.0        3.0        8.0        9.0        1.0        4.0       -1.0        4.0        0.0       -2.0       -9.0        5.0        0.0        0.0        0.0        5.0        1.0        7.0        5.0        8.0       -2.0       -6.0        8.0        6.0        1.0        8.0        3.0       -9.0        5.0       -4.0       -5.0        3.0       -3.0       -5.0       -5.0       -3.0        8.0        6.0 =     3030.0
      -3.0        3.0        5.0        4.0       10.0        9.0        1.0       -3.0        3.0        6.0        1.0       -4.0        7.0        6.0        9.0      273.0       10.0        6.0        2.0        3.0       -8.0        4.0        6.0       -7.0       -9.0        0.0        2.0       -5.0       -2.0       -1.0       -9.0        7.0        1.0       -9.0        5.0      -10.0       -2.0       -6.0       -4.0       -3.0        8.0       -5.0        4.0       -4.0       -3.0       -2.0       -2.0        4.0       -7.0        8.0       -4.0        5.0       -9.0        3.0        7.0       -1.0 =    -2100.0
      -4.0       -5.0       -5.0       -5.0        8.0        1.0        6.0        6.0       -6.0        5.0       -4.0        7.0       -5.0        3.0        1.0        9.0     -291.0        6.0        3.0      -10.0       -1.0       -1.0        9.0       -6.0       -7.0        6.0        0.0        2.0        1.0       -8.0        6.0       -7.0        8.0        3.0        8.0      -10.0       10.0        6.0        4.0        5.0       -5.0        9.0      -10.0       -9.0       -3.0        4.0       -8.0       -3.0        2.0        1.0        4.0       -6.0       -4.0        0.0       -6.0       -7.0 =      586.0
      10.0        1.0        1.0        0.0        2.0       -4.0        0.0        1.0      -10.0        6.0       -5.0       -7.0        3.0       -1.0        4.0       -9.0        1.0     -235.0       -2.0        2.0        5.0        2.0        1.0       -2.0       -4.0       -2.0       -6.0       -9.0       -2.0       -3.0       -7.0        5.0        4.0       -3.0       -3.0        6.0       -1.0       -6.0        8.0       -1.0       -3.0       -2.0        4.0        7.0       10.0       -4.0       -9.0        3.0        5.0        1.0        4.0        6.0        0.0       -7.0        6.0       -5.0 =     2440.0
      -6.0       -2.0        3.0        4.0       -2.0       -2.0        2.0        0.0       -8.0        6.0        6.0       -1.0        3.0       10.0        8.0       -3.0        4.0        5.0      244.0       -9.0       -3.0        2.0       -4.0       -1.0        4.0        2.0       -5.0        5.0        1.0       -5.0       -7.0       -5.0       -4.0        8.0       -7.0        5.0       -4.0       -2.0        2.0        5.0        2.0        2.0       -4.0        8.0      -10.0       -6.0       -4.0       -1.0       -6.0        8.0        1.0        1.0       -7.0        8.0        7.0        2.0 =     1250.0
      -8.0       10.0      -10.0       10.0       -4.0        4.0        5.0        7.0        3.0       -8.0       -4.0       -6.0        2.0       -7.0       -7.0        4.0        7.0        9.0        3.0     -303.0       10.0        6.0       -9.0        3.0       -4.0       -4.0        7.0       -5.0        0.0        9.0       -8.0       -4.0       -7.0        0.0        9.0       -7.0        2.0       -4.0       -4.0       -2.0       -5.0       10.0        4.0       -3.0       -2.0        5.0       -4.0        1.0        4.0        9.0        8.0        2.0        6.0       -5.0        8.0        2.0 =    -1060.0
      -6.0       -7.0        5.0        1.0        7.0        5.0        3.0        9.0       -4.0        3.0        9.0       -3.0       -3.0       -2.0      -10.0       -9.0        3.0       -7.0       -4.0       -6.0     -272.0        1.0       -3.0        8.0       -7.0       -8.0       -1.0       -6.0       -2.0        6.0        0.0        9.0        0.0       10.0       -2.0        2.0        5.0        9.0        9.0        7.0        3.0        9.0        4.0        3.0        5.0       -2.0        1.0       -9.0       -4.0       -3.0        2.0       -3.0       -8.0       -7.0        3.0       -1.0 =     2322.0
      10.0        3.0        4.0       -2.0       -9.0        8.0        6.0       -8.0       -4.0        5.0       -9.0       -1.0        7.0        0.0       -1.0        0.0       -1.0       -1.0        6.0       -6.0        4.0     -258.0        8.0       -4.0        0.0       -5.0        2.0       -1.0        6.0        3.0       -1.0        9.0       -8.0        9.0       -3.0       -7.0       -4.0        2.0       -8.0       -5.0        6.0        8.0       -6.0       -3.0       -3.0        7.0        5.0       -2.0       -3.0       -9.0        7.0       -8.0        4.0        1.0        0.0       -4.0 =     2286.0
       7.0       -1.0        7.0       -7.0        7.0       -8.0        1.0        3.0       -2.0        6.0       -3.0       -2.0       -5.0        4.0       -2.0       -4.0        2.0       -8.0       -5.0        6.0        4.0        6.0      271.0        3.0        0.0        5.0       -5.0       -8.0       -7.0       -8.0       -8.0        2.0        4.0       -1.0       -5.0        3.0       10.0       -1.0       -5.0       -2.0        6.0       -9.0       -9.0        7.0        1.0       -8.0        3.0        1.0        6.0       -2.0        9.0        9.0       -3.0       -9.0        1.0       -6.0 =     2008.0
      -4.0       -7.0       -8.0        5.0       -1.0        6.0        7.0       -7.0        7.0        1.0        7.0       -3.0        9.0        1.0        5.0      -10.0        7.0        7.0      -10.0        0.0       -6.0       -6.0       -7.0      291.0       -2.0        7.0       -1.0        4.0       -8.0        0.0       -4.0       -4.0      -10.0        8.0        2.0        9.0       -3.0       -7.0        0.0       -9.0       -2.0        2.0        7.0       -1.0       -7.0        0.0        2.0       -9.0        2.0       -9.0       -8.0        8.0        7.0       -3.0       -7.0        5.0 =     1518.0
       0.0        5.0        8.0       -3.0        1.0       -8.0       -1.0       -3.0       -7.0       -7.0       -7.0       -7.0       -1.0       -4.0        5.0       10.0        4.0        4.0       -3.0        8.0        1.0       -2.0        0.0        8.0     -269.0       -2.0        4.0       -1.0      -10.0        4.0        2.0        8.0        3.0        0.0       -9.0        8.0       -3.0        5.0        3.0       -8.0       -7.0        7.0        5.0        4.0       -3.0        9.0        6.0        0.0      -10.0        0.0      -10.0       -8.0        8.0       10.0        2.0       -3.0 =    -2286.0
      -3.0       -3.0        8.0       -1.0        2.0        1.0        9.0        6.0        5.0       -9.0       -9.0        7.0       -7.0       -1.0      -10.0        1.0       -8.0        2.0        4.0       -6.0       -9.0        5.0        0.0       -3.0        3.0     -252.0       -2.0       -6.0        0.0       -7.0       -7.0       -6.0       -1.0       -5.0        0.0       -8.0        6.0       -4.0        5.0        2.0        8.0       -3.0       -9.0       -9.0        1.0        0.0       -2.0        5.0       -4.0       -5.0        4.0        6.0       -6.0       -2.0        2.0        3.0 =      312.0
       7.0       -8.0       -5.0      -10.0        1.0       -6.0        9.0       -5.0        4.0       -6.0        7.0        3.0       -6.0       -6.0      -10.0       -8.0        2.0        0.0        0.0        2.0       -8.0       -2.0       -6.0       -9.0       -5.0        5.0      280.0        8.0        6.0        1.0       -6.0        3.0       -2.0        0.0       -3.0        6.0       -4.0        8.0       -7.0        5.0       -9.0        3.0        2.0       -2.0       -5.0       -7.0       -4.0       -3.0        3.0       -6.0       -8.0        5.0       -7.0        7.0       -6.0       -2.0 =    -1568.0
      -8.0       -9.0        5.0       -7.0       -4.0       -2.0       -8.0       -2.0        0.0       -4.0        7.0        8.0       -2.0        4.0        6.0        8.0        6.0       -1.0       -2.0       -3.0        5.0        6.0       -9.0       -2.0       -9.0       -5.0       -9.0     -265.0        1.0        4.0        3.0        5.0        8.0        6.0       -3.0       -7.0        0.0        5.0        0.0        1.0       -1.0        3.0       -1.0       -3.0       -4.0        9.0       -4.0        9.0       -9.0        6.0       -2.0        6.0       -3.0        8.0       -2.0       -5.0 =      798.0
      -3.0        2.0        4.0        6.0       -3.0        2.0        4.0        4.0      -10.0      -10.0       -9.0       -3.0       -8.0        8.0        9.0        6.0      -10.0        4.0        6.0       -8.0        6.0        3.0       -7.0       -5.0        7.0        1.0       -2.0       -4.0      286.0       -2.0        7.0        5.0      -10.0        4.0        3.0       -3.0        1.0        4.0       -4.0       -4.0        9.0        3.0        2.0       -1.0       -7.0        5.0        0.0       -8.0       -5.0       -9.0        3.0       -6.0      -10.0        5.0       -3.0       -1.0 =     -254.0
      -7.0        7.0        9.0       -1.0        3.0       -4.0       -5.0       -8.0        6.0        0.0       -9.0        5.0       -9.0        7.0       -4.0       -5.0       -9.0        4.0       -2.0        8.0       -6.0       10.0        2.0        0.0        5.0        7.0       -8.0        1.0       -8.0     -303.0        5.0        9.0        1.0        9.0        9.0        0.0        3.0        7.0       -2.0      -10.0        3.0        6.0       -1.0      -10.0       -4.0        6.0       -8.0       -7.0       -8.0       -4.0       -5.0       -2.0        7.0        2.0        5.0        7.0 =     -592.0
       7.0       -9.0       -4.0        2.0       -7.0        2.0        1.0       -5.0        6.0        8.0       -2.0       -5.0        9.0       -4.0       -4.0       -4.0        8.0       -6.0       -2.0       -3.0        3.0      -10.0        6.0        4.0       -4.0        2.0       -1.0       -2.0       -7.0       -8.0      266.0       -1.0        3.0        9.0        0.0       -5.0        1.0        6.0       -3.0        1.0        9.0        4.0        5.0       -9.0       -3.0        5.0        8.0        8.0        4.0       -1.0       -7.0        2.0        6.0        0.0       10.0       -4.0 =     -570.0
       7.0        7.0        2.0        1.0       -4.0       -3.0       -7.0        4.0       -8.0        3.0        6.0       -2.0       -1.0       -6.0       -9.0        2.0        3.0        9.0        5.0        8.0       -9.0        5.0        9.0       -3.0        0.0        1.0      -10.0       -1.0       -3.0        0.0        1.0     -237.0        2.0       -4.0        4.0        0.0        5.0       -9.0        1.0        0.0        4.0        7.0        0.0        3.0       -2.0        5.0       -3.0       -5.0       -3.0       -8.0       -5.0       -2.0        9.0       -7.0        4.0        2.0 =      232.0
      -2.0       10.0        9.0       -4.0        4.0        7.0        3.0        8.0        5.0       -7.0       -8.0        2.0       -6.0       10.0       -9.0        2.0       -7.0        1.0       -3.0       -7.0       -1.0        6.0       10.0       -7.0        3.0       10.0        8.0       -2.0       -3.0        5.0       -6.0       -1.0      302.0       -6.0        0.0        0.0        7.0        1.0       -9.0        2.0        5.0       -5.0       -7.0        6.0        7.0        0.0        8.0        2.0        9.0       -2.0       -3.0       -6.0        9.0       -6.0       -8.0       -9.0 =     1308.0
      -5.0        3.0       -8.0        7.0       -4.0       -1.0        8.0       -1.0        2.0        4.0        8.0       -1.0        8.0        7.0        1.0       -9.0       -4.0        7.0        3.0        8.0        4.0        7.0       -3.0       -6.0        7.0       -7.0      -10.0       -5.0       -6.0        1.0       -4.0        9.0        3.0      269.0        4.0        7.0        2.0       -4.0       -3.0        0.0        1.0        0.0        5.0       -9.0       -9.0       10.0        8.0        1.0        2.0       -1.0        4.0       -5.0       -5.0       -3.0        7.0        7.0 =     -933.0
       3.0        5.0        4.0        0.0       -1.0       -4.0      -10.0       -5.0        2.0        0.0       -3.0       10.0        2.0       -8.0       -2.0       -8.0        3.0        4.0        1.0        7.0       -8.0       -6.0        1.0        4.0       -2.0       -9.0       10.0        0.0        4.0        2.0       -5.0        3.0        3.0       -2.0     -236.0        1.0        7.0       -6.0       -5.0        8.0       -5.0       -1.0        2.0       -1.0        0.0       -5.0        0.0        4.0        3.0        1.0        5.0       -6.0       10.0        7.0       -3.0       -9.0 =     1872.0
      -7.0        1.0        3.0       -7.0       -6.0        8.0        3.0        9.0        4.0      -10.0       -5.0        5.0       -3.0       -4.0        7.0       -3.0        1.0        7.0        0.0        8.0        7.0       -4.0        7.0        5.0       -4.0        3.0       -5.0       -3.0        3.0       -8.0        1.0        4.0       -3.0        0.0        9.0      287.0       -4.0        9.0        5.0       -2.0        7.0        8.0       -3.0       -5.0        5.0       10.0        8.0       -3.0        2.0      -10.0        7.0        6.0       -3.0        3.0        4.0       -8.0 =    -2076.0
       6.0        0.0        6.0        1.0        1.0      -10.0        7.0        3.0        6.0        8.0        5.0        5.0       -3.0       -7.0       -1.0       -3.0       -1.0        2.0       -8.0        4.0       -1.0       10.0       -3.0       -9.0       -2.0       -6.0        3.0        1.0        8.0       -6.0       -2.0       -4.0       -8.0        4.0       -3.0        6.0     -255.0        2.0       10.0        1.0       -3.0       -1.0       -1.0      -10.0       -4.0       -5.0        0.0        9.0       -5.0       -1.0       -3.0        8.0       -3.0        9.0        1.0       -7.0 =    -1992.0
      -4.0       -1.0        2.0       -9.0       -8.0       -8.0       -1.0       -9.0        6.0       -5.0       -1.0       -5.0       -5.0        3.0       -5.0        1.0        6.0       -9.0       -5.0        3.0       -9.0       -3.0        3.0       -6.0       -5.0       -4.0        0.0       -8.0        7.0       -9.0       -5.0       -4.0       -8.0        2.0        0.0        3.0       -3.0     -271.0        3.0       -5.0       -4.0        2.0        2.0        6.0       -4.0        9.0       -7.0        0.0       -7.0        6.0       -7.0       -5.0       -8.0        4.0        9.0       -5.0 =      770.0
      10.0        5.0       -1.0       -6.0       -4.0       -7.0       -6.0      -10.0       -3.0       10.0        5.0        9.0        7.0       -6.0       -6.0        0.0        4.0       -6.0        9.0       -7.0        7.0        2.0       -1.0        2.0       -2.0        9.0        6.0       10.0       -8.0       -6.0        3.0       -3.0        4.0       -1.0        4.0       -6.0      -10.0        7.0     -293.0        7.0        4.0       -2.0       -2.0       -6.0       -5.0        3.0        6.0        6.0      -10.0        2.0       -4.0       -7.0       -1.0       -6.0        5.0        4.0 =     1140.0
       3.0       -5.0       -4.0       -6.0       -5.0        2.0        0.0       -5.0       -9.0       -2.0       -4.0       -9.0       -3.0        9.0       -7.0       -6.0        8.0        1.0       -7.0       10.0        6.0       -3.0       -5.0        5.0       -6.0        9.0        7.0       -6.0        2.0      -10.0        9.0       -9.0        6.0        0.0       -4.0        4.0        4.0        2.0        4.0     -298.0        6.0       -9.0        5.0        4.0       -4.0       -1.0        9.0       10.0        7.0       -6.0        9.0       -1.0       -4.0        2.0       -3.0        6.0 =    -2628.0
      -9.0       -6.0        1.0        6.0       -7.0        2.0       -6.0       -9.0        3.0       -7.0       -3.0       -8.0        2.0        8.0       -4.0        5.0       -2.0       -2.0        3.0        1.0       -1.0       -7.0        1.0       -2.0       -7.0        5.0        0.0        3.0       -2.0       -7.0        0.0        9.0       -3.0        2.0       -8.0       -6.0       -2.0       -7.0        1.0        1.0     -237.0        3.0        9.0       -4.0       -6.0        1.0       -3.0       -1.0       -7.0       -5.0        3.0       -1.0       -8.0        9.0       -4.0        5.0 =     -616.0
      -6.0       -5.0       -9.0        6.0       -7.0        7.0       -9.0        1.0       -3.0        4.0       -8.0       -2.0       -4.0       -5.0       -8.0       -3.0       -9.0       -2.0        7.0      -10.0       -7.0        3.0        7.0        8.0       -5.0       -9.0        1.0       -4.0        2.0       -3.0       -4.0        2.0        2.0        9.0       -3.0        1.0       -7.0        2.0        9.0       -2.0       -3.0     -250.0        3.0        6.0       -1.0        0.0       -4.0        2.0        2.0        2.0       -3.0        0.0        5.0       -6.0        3.0       -4.0 =     2799.0
      10.0       -7.0        8.0        2.0        4.0       -1.0        5.0       -5.0       -4.0       -1.0       -6.0       -6.0        3.0        3.0        0.0       -3.0       -2.0        5.0        8.0        0.0       -7.0       -9.0        2.0        3.0       -8.0       -7.0        6.0        4.0        8.0       -7.0       -6.0       -7.0        2.0       -4.0       -9.0       -1.0        7.0       -8.0        6.0       -5.0        0.0       -3.0     -286.0        5.0      -10.0       -8.0        8.0        0.0        1.0       -8.0       -3.0        5.0       -9.0        9.0       -8.0       -3.0 =    -3370.0
      -4.0       -8.0       -9.0        0.0       -6.0       -6.0       -6.0        8.0       -7.0        6.0       -9.0        0.0        0.0        0.0        0.0       -5.0        9.0        2.0       -7.0      -10.0       10.0        9.0        8.0        3.0        3.0       -3.0        3.0        9.0        0.0       -4.0       -6.0       -1.0       -6.0        3.0        3.0       -8.0        4.0       -3.0       10.0       -1.0      -10.0        0.0        3.0     -276.0        8.0       -2.0       -3.0       -2.0        8.0        5.0        8.0        9.0        2.0      -10.0       -1.0        6.0 =    -2192.0
       5.0        9.0       -6.0       -8.0        1.0       -3.0        3.0       -6.0        2.0       -6.0       -9.0       -6.0       -7.0        5.0       -8.0       -2.0        9.0        8.0       -6.0       -6.0        7.0       -3.0        1.0       -8.0       -8.0       -8.0       -2.0        5.0        1.0        8.0        7.0        0.0      -10.0       -7.0        4.0       -9.0        1.0        2.0       -5.0        9.0       -9.0        3.0       -8.0       10.0      293.0        1.0        4.0        6.0        7.0        9.0        2.0       -1.0       -1.0        5.0        3.0        1.0 =    -1953.0
      -5.0        8.0       -6.0      -10.0        7.0       -7.0        4.0        9.0        3.0        6.0        4.0       -6.0        0.0       -9.0       -8.0        8.0       -3.0        0.0        1.0       -4.0        5.0       -5.0       -3.0       -7.0        6.0       -1.0       10.0       -9.0        8.0        7.0        0.0        5.0        7.0       -6.0        8.0        5.0       -4.0       -6.0       -1.0        7.0       -4.0        1.0       -7.0        3.0        1.0     -295.0        0.0        5.0        8.0        9.0       -8.0        1.0       -8.0        9.0        8.0        0.0 =    -2072.0
      -4.0       -1.0        7.0        8.0        9.0        9.0       -5.0       10.0        9.0       -2.0        5.0       -8.0       -5.0       -3.0        6.0       10.0        6.0        8.0       -9.0        0.0        4.0        1.0        8.0        5.0        3.0       -7.0       -6.0        5.0       -9.0        0.0        6.0       -4.0        3.0       -5.0       -4.0        5.0       -2.0       -1.0        1.0       -6.0       -8.0        1.0        6.0        9.0        6.0       -3.0     -281.0      -10.0        9.0       -2.0       -6.0        1.0       -7.0        1.0       -2.0       -1.0 =      960.0
       4.0        4.0       -8.0        7.0       -7.0        0.0      -10.0       -7.0        2.0       -1.0        6.0       -3.0        5.0        7.0       -8.0       -9.0        2.0        9.0        8.0       -2.0       -9.0       -4.0        6.0        7.0        6.0        6.0        4.0        8.0        3.0      -10.0        5.0        6.0        9.0       -8.0        1.0        2.0       -8.0       -8.0       -1.0       -5.0       -9.0        8.0       -7.0       -9.0        5.0        3.0       -7.0     -313.0        6.0        2.0        4.0        7.0       -4.0       -1.0       -4.0        3.0 =     1842.0
      10.0        0.0        9.0       -3.0       -4.0        3.0       10.0       -4.0        7.0        4.0       -2.0       -4.0       -6.0       -9.0       -3.0       -7.0        9.0       -1.0       -7.0        8.0       -6.0       -4.0       -1.0        3.0        1.0       -6.0        5.0        0.0       -1.0        5.0       -1.0        9.0        2.0       -7.0        9.0       -4.0       -8.0       -4.0       -7.0       -3.0       -3.0        5.0       -2.0        7.0        4.0        2.0        8.0       -5.0      282.0        8.0      -10.0        8.0       -4.0       -6.0        3.0       -4.0 =     1425.0
      -4.0       -1.0       -8.0        1.0        6.0        5.0        8.0        3.0        4.0       -7.0       -9.0       -2.0       -5.0        1.0        3.0       -4.0        9.0        1.0       -2.0        7.0       -5.0       -2.0        4.0       -1.0       -5.0       -8.0       -9.0        0.0        1.0       -2.0        9.0        9.0       10.0       -5.0        0.0      -10.0       -7.0        7.0       -6.0        8.0        5.0        9.0       10.0        2.0       10.0       -1.0       -3.0        8.0        2.0      269.0        2.0       -4.0        4.0       -2.0        0.0        0.0 =     -610.0
      -9.0        1.0        2.0        2.0       -6.0        3.0       -2.0       -7.0        1.0        8.0        6.0       -3.0        7.0       -1.0        0.0        6.0        7.0       -2.0        2.0       -1.0        7.0        4.0       -2.0        5.0        3.0        3.0       -5.0        4.0        0.0       -7.0       -5.0        4.0       -4.0        9.0        4.0        0.0       -8.0       -4.0       -5.0       -4.0        0.0       -4.0        7.0       -7.0       -2.0       -7.0       -3.0       -1.0        8.0       -7.0     -235.0        0.0        3.0        5.0       -8.0        0.0 =     -476.0
      -1.0       -1.0        3.0        9.0        2.0       -4.0       -9.0        7.0        4.0        0.0        5.0       -5.0        7.0        0.0        8.0       -5.0        6.0        0.0       -6.0      -10.0       -6.0       -2.0        1.0        2.0       -6.0       -7.0       -9.0        3.0       -6.0       -2.0        9.0       -8.0        0.0       -3.0        6.0       -4.0        2.0       -8.0       -6.0        1.0       -7.0       -7.0       -9.0        8.0        3.0       -5.0       -9.0        0.0       -5.0       -5.0        3.0     -268.0        0.0        6.0       -4.0        9.0 =    -1292.0
      -8.0        1.0        3.0       10.0       -4.0       -8.0        5.0        1.0       -1.0        5.0        9.0        2.0       10.0        0.0        9.0        6.0        2.0        4.0        3.0       -6.0       -6.0       -6.0        7.0        9.0        8.0        8.0       -9.0       -1.0       -2.0        5.0       -8.0       -6.0       -4.0        2.0       -8.0        6.0        0.0        6.0       -2.0      -10.0       -7.0       -5.0        9.0       -2.0        2.0       -3.0        3.0       -6.0       -2.0       -6.0       -9.0        2.0      282.0       -7.0       -5.0        1.0 =     1953.0
      -8.0        3.0        4.0        0.0       -9.0        0.0       -2.0       -5.0        6.0        6.0        5.0        3.0        8.0        0.0       -7.0        3.0        1.0        9.0        7.0       -6.0        5.0       10.0        7.0        3.0        5.0       -3.0        0.0        3.0        2.0       -7.0        7.0        0.0        8.0        7.0       -8.0       -1.0        1.0        7.0       -5.0        0.0        2.0       -1.0       -3.0        9.0        4.0        5.0        7.0       -3.0        1.0        7.0       -5.0        2.0        4.0     -243.0       -2.0       -1.0 =     -790.0
      -1.0       -1.0       -7.0        4.0        3.0       -4.0        4.0        1.0        6.0        2.0       -4.0        1.0        1.0        3.0        2.0       -2.0       -8.0        3.0       -2.0       -7.0        0.0        5.0       -7.0        7.0      -10.0        8.0        8.0        1.0        5.0        4.0       -7.0       -9.0       -7.0        7.0       -9.0        9.0       -4.0       -5.0        3.0        9.0       -6.0        4.0       -9.0        6.0       -5.0       -4.0        1.0        4.0        6.0       -3.0       -3.0       -2.0       -2.0       -2.0      251.0        2.0 =     1920.0
      -6.0       -9.0        8.0       -6.0       -5.0        7.0        2.0        2.0        2.0        7.0        9.0       -8.0        5.0       -1.0       -2.0        6.0        7.0        6.0        1.0       -5.0        2.0       -4.0        9.0       -3.0       10.0        5.0       -4.0       -3.0        9.0        3.0        5.0        4.0       -9.0        0.0        5.0       -5.0        7.0        3.0       -4.0       -1.0       -2.0        3.0       -5.0       -1.0       10.0        9.0       -4.0       -9.0       -7.0       -3.0        7.0       -3.0        2.0       -5.0        2.0      275.0 =     2544.0

      -5.0        4.0        6.0       -6.0       10.0       -8.0        0.0        3.0       -7.0       -3.0        1.0        2.0        5.0       10.0       10.0       -7.0       -2.0      -10.0        5.0        4.0       -9.0       -9.0        8.0        6.0        9.0       -1.0       -8.0       -3.0       -1.0        2.0       -2.0       -1.0        4.0       -3.0       -8.0       -6.0        8.0       -2.0       -4.0        9.0        2.0       -9.0       10.0        8.0       -7.0        8.0       -4.0       -6.0        5.0       -2.0        2.0        4.0        7.0        5.0        8.0        8.0
