56
    -279.0        5.0        5.0        4.0        8.0       -8.0        4.0       -7.0       10.0       -1.0      -10.0        2.0       -1.0       -2.0        1.0       -1.0        2.0        4.0       -4.0        0.0       -8.0        1.0        9.0        4.0        1.0       -7.0       -1.0        7.0       -3.0       -6.0       -7.0        5.0       -9.0        7.0        8.0       -3.0        4.0       -9.0       -9.0        8.0        0.0        0.0        9.0       -9.0        5.0       10.0       -7.0        5.0        8.0       -1.0        8.0        3.0       -4.0        7.0       -1.0        3.0 =     1920.0
      -5.0      262.0        0.0       -1.0       -2.0        1.0        6.0       -2.0       -7.0       -3.0        8.0       -9.0        2.0        2.0       -4.0       -2.0       -3.0       -2.0        5.0       -1.0       -8.0       -4.0        4.0       -8.0       -6.0       -6.0       -5.0        9.0        8.0        8.0       -5.0        7.0        4.0       -2.0       -2.0        2.0        4.0        7.0        8.0        8.0        7.0       10.0       -2.0       -7.0       -9.0        1.0        4.0       -4.0       -9.0        1.0       -7.0        6.0        0.0       -7.0       -4.0        1.0 =     1245.0
       7.0        2.0      298.0       -9.0        9.0       -4.0        1.0       -6.0        9.0        8.0        6.0       -6.0      -10.0        8.0       -6.0        5.0        7.0        5.0       -5.0        2.0        9.0      -10.0        0.0        2.0        7.0        3.0        0.0        5.0        7.0       -6.0       -8.0        1.0        2.0       -1.0       -7.0        0.0       -4.0       -9.0        1.0        1.0        0.0       10.0        2.0       -8.0        0.0       -3.0       -1.0       10.0       -1.0       -9.0       -8.0      -10.0       10.0        4.0       -8.0        8.0 =      930.0
       7.0        5.0        1.0     -277.0       -2.0       -8.0        0.0        5.0        1.0       -2.0        9.0        2.0       -3.0       -2.0       -4.0        7.0        9.0       -3.0       10.0        3.0        4.0        0.0        4.0        7.0        2.0        0.0       -3.0        5.0        0.0       -7.0       -5.0        8.0       -8.0      -10.0        8.0       -3.0       10.0        6.0       -4.0        8.0       -2.0       -5.0       -5.0        2.0        8.0        7.0       -3.0        7.0        7.0        7.0        5.0       -7.0       -2.0        6.0       -6.0        7.0 =     -388.0
       5.0       -8.0        2.0        4.0      277.0       -8.0        9.0        8.0        9.0       -5.0        1.0        9.0       -3.0        2.0       -1.0       -8.0        1.0       10.0        4.0       -7.0       -9.0        5.0        1.0       -6.0       -9.0       -1.0        8.0       -1.0       -4.0       -4.0        0.0       -2.0        2.0       -9.0        4.0        8.0      -10.0        3.0        8.0        4.0       -5.0       -5.0        9.0       -2.0       -7.0       -1.0        0.0        6.0       -8.0        6.0       -3.0       -8.0       -3.0       -7.0        2.0       -1.0 =     -786.0
       3.0       -8.0       -4.0        7.0       -6.0      267.0       -1.0       -1.0       -6.0        9.0        3.0       -6.0        7.0       -2.0        2.0       -7.0       -1.0        1.0       -7.0       -8.0       -4.0        4.0       -9.0       -3.0        3.0       -1.0       -1.0       -7.0        3.0        0.0       -6.0       -7.0        1.0        9.0       -5.0       -1.0        4.0        5.0        4.0        7.0        6.0      -10.0       -5.0      -10.0        9.0       -8.0        4.0       -4.0        1.0       -9.0        4.0        9.0        0.0        1.0        5.0        8.0 =     2151.0
       6.0       -9.0       -8.0        8.0       -2.0       -7.0      296.0        8.0       -2.0        2.0        3.0        1.0        3.0        8.0        5.0        8.0        8.0        0.0       -1.0       -7.0        5.0        8.0        9.0        9.0       -6.0        4.0       -1.0        6.0        1.0       -3.0       -2.0       -9.0       10.0        9.0        4.0        5.0       -4.0       -8.0       -7.0        4.0      -10.0       -4.0       -8.0        4.0       -8.0       -5.0        9.0       -1.0       -5.0       -9.0       -6.0       -4.0       -3.0        3.0        6.0        0.0 =     -626.0
       5.0       -9.0        7.0        7.0        9.0       -3.0        9.0      305.0        7.0       -6.0        7.0       -3.0        1.0        9.0       -8.0        5.0        5.0       -8.0       -9.0        9.0       -2.0        1.0       -5.0        6.0       -7.0       -6.0       -9.0        4.0       -3.0       -5.0        7.0        2.0       -8.0       -2.0        5.0        9.0       -3.0       -9.0        0.0       -7.0        4.0        4.0       -5.0        1.0        8.0        2.0       -9.0        4.0       -1.0       -7.0       -6.0       -4.0        4.0       -9.0        5.0        4.0 =     2114.0
       3.0        2.0       -7.0        3.0      -10.0       -5.0      -10.0       -3.0      262.0       10.0        3.0        1.0        3.0        3.0       -3.0       -9.0       -3.0        7.0       -4.0        3.0        5.0       -5.0        5.0       -8.0        1.0        6.0        6.0        6.0        8.0        4.0        0.0       -7.0       -8.0        4.0        5.0       -3.0        1.0        3.0        0.0       -2.0        2.0        9.0        0.0        7.0        6.0        5.0        9.0       -1.0       -6.0        4.0       -1.0        8.0       -8.0       -3.0       -2.0        5.0 =     1204.0
       9.0        6.0        3.0        8.0        7.0       -4.0       -7.0       -5.0        2.0      283.0       -9.0       -1.0       -5.0        5.0       -5.0        2.0       -3.0       -5.0       -2.0       -4.0        1.0       -5.0        4.0        4.0       -9.0        4.0       -8.0       -7.0       -1.0       -6.0       -5.0        2.0        5.0       -7.0       -1.0       -4.0       10.0        9.0       -2.0       -6.0       10.0        8.0        7.0        4.0        7.0        8.0       -1.0        2.0        2.0       10.0       -4.0        5.0        3.0        4.0        1.0        5.0 =    -2268.0
      10.0       -3.0        4.0        7.0       -9.0        1.0       -1.0       -5.0        0.0       -8.0     -312.0       -9.0        9.0        9.0       -7.0        7.0        9.0        9.0        5.0        7.0      -10.0        7.0       -1.0       -1.0        6.0        0.0        3.0        5.0        2.0        0.0       -9.0        6.0      -10.0        7.0       -1.0       -2.0       -7.0       -5.0        8.0        1.0      -10.0        4.0       10.0        5.0        4.0      -10.0        6.0        7.0        2.0       -2.0       -4.0        9.0        8.0       -4.0        7.0       -1.0 =     -741.0
       0.0        6.0        6.0        8.0        8.0        1.0       -6.0       -9.0       -9.0        8.0        3.0     -278.0       -1.0       -6.0        1.0        7.0       -2.0       -8.0        0.0       -9.0        7.0        6.0       10.0       -3.0      -10.0        8.0       -5.0        2.0       -7.0       -3.0        8.0        4.0       -3.0        3.0       -1.0       -1.0       -1.0       -4.0        2.0       -6.0        0.0       -8.0        6.0        5.0        6.0       -8.0        5.0        3.0       -9.0        1.0        4.0        3.0       -4.0       -9.0       -1.0        7.0 =    -2184.0
      -5.0       -4.0       -3.0        3.0        6.0       -1.0       -6.0        4.0        7.0       -8.0       -6.0       -9.0      305.0        9.0       -4.0        8.0       10.0       -7.0       -2.0       -8.0        4.0        6.0        2.0       -5.0        0.0       10.0       -7.0        7.0        8.0       -4.0        3.0       -8.0        2.0        8.0       -2.0        3.0       -7.0       -4.0       -5.0       -4.0        6.0        4.0        8.0       -2.0       -7.0        5.0        6.0       -8.0        6.0        9.0        0.0        8.0       -7.0       -6.0        8.0       -1.0 =     2925.0
      -4.0        2.0        8.0      -10.0       -9.0       -1.0        5.0        7.0       -8.0       -9.0        0.0       -6.0       -7.0      273.0        5.0        5.0        0.0       10.0       -2.0        2.0       -5.0        4.0       -9.0       -2.0        9.0        7.0        3.0        3.0        7.0        0.0       -1.0        0.0        1.0       -8.0        4.0       -3.0        5.0       10.0        8.0      -10.0       -2.0        8.0       -3.0       -9.0       -5.0       -5.0       -1.0       -1.0        3.0       -5.0       -1.0       -6.0        4.0       -4.0        8.0       -8.0 =     -771.0
      -3.0       -5.0        7.0        9.0       -4.0        7.0        8.0        7.0        5.0      -10.0        9.0       -6.0        3.0        3.0      278.0        6.0        6.0       -2.0        4.0       -6.0        1.0        3.0       -1.0        5.0       -8.0       -3.0       -5.0       10.0        1.0       -1.0      -10.0        1.0        2.0        1.0        8.0       -3.0       -7.0       -3.0        5.0       -4.0        0.0       -3.0       -8.0        8.0       -5.0       -8.0       -7.0       -9.0       -5.0        1.0        5.0       -4.0        0.0       -1.0       -9.0        7.0 =    -1620.0
      -8.0       -8.0      -10.0       -7.0        9.0       -8.0        6.0       -8.0        6.0       -9.0       -8.0       10.0        9.0        9.0       -4.0     -339.0       -7.0        2.0       -4.0        9.0       -4.0       -4.0        1.0        8.0       -8.0       -7.0        8.0        1.0       -6.0       -2.0       -4.0       -6.0        9.0        5.0       -9.0        2.0        3.0       -1.0        8.0        4.0        8.0       -7.0        8.0       -7.0        7.0       -8.0        0.0       10.0       -7.0        3.0       10.0       -5.0       -4.0       -1.0        6.0       -7.0 =     -712.0
       3.0        0.0        8.0        5.0        4.0        0.0        1.0       -5.0       -1.0        9.0      -10.0        2.0        0.0        8.0        8.0        2.0      253.0       -4.0        3.0        7.0       -3.0       -2.0       -8.0        4.0       -6.0        7.0        3.0        6.0        5.0       -5.0        8.0       -5.0       10.0       -3.0        7.0        8.0       -7.0       -5.0        4.0        0.0       -4.0       -2.0       -2.0      -10.0       -1.0       -9.0        5.0       -1.0       -4.0        3.0        5.0        0.0        6.0       -8.0        2.0        0.0 =     -873.0
       4.0        5.0       -5.0      -10.0       -6.0        9.0        0.0        8.0        8.0       -9.0        0.0       -3.0        3.0        2.0        1.0        4.0        8.0     -282.0       -3.0        5.0        8.0        9.0        9.0       -8.0        3.0       -4.0       10.0       10.0       -4.0        7.0       -3.0        5.0        5.0        3.0       -2.0       -2.0       -7.0       -5.0       -2.0        8.0        6.0       -5.0        1.0        7.0       -7.0       -8.0        0.0        5.0        4.0        3.0        8.0        0.0       -2.0      -10.0        5.0       -4.0 =    -1962.0
       8.0       -2.0        7.0        6.0       -3.0       -3.0       -5.0       -2.0        6.0        0.0        0.0       -7.0        2.0        9.0       -4.0       -4.0       -2.0       -1.0     -262.0        6.0        7.0        4.0       -1.0        0.0        8.0        2.0       -3.0       -9.0       -3.0       -9.0        7.0        8.0        2.0        6.0        6.0        7.0        4.0        6.0       -3.0        3.0        0.0        1.0       -7.0        3.0        8.0        8.0      -10.0        4.0        2.0       -1.0       -4.0        5.0        7.0      -10.0       -7.0      -10.0 =      880.0
       5.0       -2.0       -9.0        6.0        8.0       -8.0        0.0       -4.0       -8.0        0.0        1.0       -3.0       -2.0        3.0      -10.0       -9.0        3.0       10.0        3.0     -318.0       -5.0       -4.0       -8.0       -1.0       -6.0      -10.0       10.0        1.0       -7.0       -3.0        5.0        9.0        8.0        2.0        5.0       -1.0      -10.0       -4.0       -8.0        9.0        9.0        1.0       -7.0       -9.0       -9.0        9.0       -5.0       -5.0       -2.0       -9.0        6.0        5.0       -7.0        9.0       -7.0        9.0 =    -1092.0
       9.0       10.0       -9.0       -4.0      -10.0        7.0       10.0       -8.0       -5.0       -2.0       -8.0        5.0        9.0       -2.0       -9.0       -8.0        4.0        0.0        8.0       -9.0     -297.0        7.0       -6.0        5.0       -4.0       -5.0        4.0        1.0       -7.0       -1.0       -9.0        6.0        0.0        7.0        0.0       -9.0      -10.0       -3.0       -1.0        0.0       -5.0        3.0       -3.0        3.0        0.0        9.0        5.0       -1.0      -10.0        3.0       -6.0        9.0        4.0       -1.0        6.0        0.0 =    -2862.0
       4.0        2.0        1.0       -2.0       -6.0       -4.0       -6.0       -6.0        1.0        2.0       -7.0       -2.0       -5.0        7.0        8.0       -3.0        1.0       -9.0        7.0        6.0        4.0     -266.0       -8.0       -1.0       -8.0      -10.0       -8.0       -7.0        1.0        1.0        7.0        4.0       -8.0        1.0        4.0        7.0        3.0        8.0       -9.0        3.0       -2.0        7.0        1.0       -1.0       -4.0       10.0        4.0        5.0        3.0        0.0       -9.0        7.0       -3.0       -3.0       -8.0       -4.0 =    -2030.0
      -2.0       -6.0       -9.0        3.0        5.0        5.0       -8.0        8.0        7.0       -9.0       -7.0        4.0        6.0        3.0        5.0        2.0        9.0        7.0        2.0        6.0       -6.0       -5.0     -281.0        4.0       -4.0       -6.0       -4.0       10.0       -4.0        2.0        6.0       -9.0        2.0        8.0        8.0       -6.0       -1.0       -7.0       -8.0       -8.0        0.0       -3.0        8.0       -4.0       -1.0        9.0       -4.0       -1.0       -1.0        3.0       -3.0        2.0       -1.0        6.0        0.0       -8.0 =     1932.0
      -9.0       -2.0        5.0        5.0       -4.0        5.0        3.0       -1.0       -7.0        7.0       -9.0       -6.0        0.0       -4.0       -1.0        1.0       -5.0       -1.0        0.0       -6.0       -7.0       -3.0        5.0     -262.0       -9.0       -1.0       -2.0       -1.0       -2.0        9.0        5.0       -6.0       -5.0        4.0        6.0        9.0       -9.0        0.0        8.0       -3.0       -5.0        3.0       -1.0       -3.0        5.0        9.0       -9.0        4.0       -5.0       -4.0       -4.0        5.0       -9.0        7.0        8.0        2.0 =     2030.0
      -7.0       -8.0       -1.0       -4.0       -2.0        4.0        4.0       -6.0       -3.0       -7.0        0.0        4.0        4.0        9.0        1.0       -7.0        5.0       -3.0       -6.0        5.0       -9.0        6.0       -6.0        0.0     -280.0        0.0       -7.0        7.0       -4.0        4.0       -9.0        2.0       -5.0        1.0       -7.0      -10.0        6.0       -5.0        4.0       -1.0       -6.0        6.0        4.0       -4.0       -6.0        3.0        0.0       -7.0       -5.0        9.0        7.0        8.0       10.0       -6.0       -1.0        7.0 =     -624.0
       9.0        7.0        5.0       -1.0       -3.0       -5.0        0.0       -1.0       -6.0        2.0       -6.0       -8.0       -9.0        6.0       -3.0        6.0        2.0        1.0        0.0       -4.0      -10.0        0.0        5.0        2.0        5.0     -254.0       10.0       -4.0       -2.0       -7.0        2.0        0.0        8.0        2.0        6.0       -2.0        2.0       -1.0       -6.0        7.0        0.0       -5.0       -8.0       -3.0       -7.0       -8.0       -6.0       -5.0        7.0       -1.0       -8.0        9.0       -9.0       -5.0       -2.0        4.0 =        0.0
       8.0       -7.0       -4.0       -3.0        9.0       10.0       -7.0       -2.0       -4.0       -4.0       -6.0        8.0       -2.0        4.0      -10.0       -3.0        8.0        1.0       -6.0       -9.0       -3.0       10.0        4.0       -1.0       -1.0       -9.0      307.0        1.0        0.0      -10.0        1.0       -8.0       -6.0        7.0       -2.0       -6.0       -7.0        9.0        3.0        5.0        5.0       -9.0        9.0       -2.0       -4.0       -8.0       -2.0        2.0       -6.0        6.0        5.0      -10.0        9.0       -7.0        7.0       -5.0 =    -2650.0
      -7.0       -9.0       -7.0       -8.0        3.0        0.0        6.0       -6.0        1.0        2.0        3.0       -8.0       -5.0       -9.0       10.0        2.0       10.0        6.0        6.0        0.0        8.0        4.0        0.0       -1.0       -1.0        5.0        0.0      292.0        8.0        6.0       -2.0        2.0        9.0        2.0       -8.0       10.0      -10.0       -2.0       -6.0        4.0      -10.0       -4.0       -2.0       -4.0        8.0        8.0        9.0      -10.0       -1.0       -7.0       -1.0       -3.0       -1.0       -6.0       -5.0        8.0 =     1445.0
       0.0        2.0       -9.0        2.0        6.0       -8.0        5.0       -2.0       -9.0       -4.0       -8.0       10.0       -3.0        0.0       -1.0        3.0       -5.0      -10.0       -4.0        4.0       -6.0       -6.0        4.0        6.0        7.0        5.0       -5.0        3.0      255.0       -2.0       -3.0        5.0        6.0       -9.0       -4.0       -9.0        2.0       -4.0        1.0       -5.0        0.0        8.0       -9.0        8.0       -3.0        9.0       -2.0       -4.0        3.0        0.0       -1.0       -5.0        8.0        1.0        1.0       -3.0 =      884.0
     -10.0       -9.0        8.0        7.0        2.0        9.0        1.0        3.0        8.0        8.0        4.0       -6.0       -2.0       -3.0        0.0        7.0       -3.0      -10.0       -7.0       -8.0       10.0       -9.0        1.0       -2.0       -5.0       -4.0        9.0        0.0       -8.0     -282.0        9.0        6.0       -7.0       -8.0       -2.0        7.0        4.0       -7.0       -5.0       -4.0       -4.0        4.0       -8.0        0.0        2.0        4.0       -8.0       -1.0       10.0        3.0       -1.0        1.0        9.0        0.0       -2.0        1.0 =      576.0
      -9.0       -7.0        1.0       -9.0        7.0        9.0       -7.0        8.0        6.0        4.0       -5.0        7.0       -4.0       -2.0        4.0        3.0        6.0        3.0       -7.0        8.0        8.0       -3.0       -7.0        0.0        9.0       -6.0        2.0        0.0        3.0        3.0     -285.0       -1.0        2.0       -2.0       -7.0       -3.0        0.0        9.0       -1.0        7.0        9.0        3.0       -4.0        5.0       -4.0        1.0       10.0        5.0       -3.0       -3.0        6.0       -8.0      -10.0        3.0       -9.0        5.0 =    -2250.0
      -9.0       -4.0        1.0        3.0        4.0       -4.0        8.0        8.0       -3.0        3.0        3.0        7.0        8.0        1.0        7.0       -6.0       10.0        1.0        5.0       -6.0       -2.0       -9.0        1.0        4.0       -5.0       -9.0       10.0        7.0       -7.0        3.0       -4.0      309.0      -10.0        6.0        7.0       -2.0        5.0       -9.0        0.0       -8.0       -2.0        0.0       -5.0       -6.0        5.0        5.0       -2.0        3.0       -6.0        5.0       10.0        9.0       10.0       -8.0       -8.0        7.0 =     2728.0
      -8.0       -3.0        3.0       -1.0       -6.0       -1.0       -6.0        7.0        3.0       -5.0       -4.0       -7.0        2.0       -3.0        4.0        7.0        0.0       -1.0        2.0        0.0        7.0        6.0        3.0        3.0        8.0       -4.0        0.0        2.0        6.0       -2.0        9.0        1.0      239.0       -7.0        0.0       -3.0       -9.0       -4.0        4.0       -6.0        3.0        1.0       -7.0        9.0        9.0        1.0        0.0        6.0       -3.0       -4.0       -5.0        9.0        6.0       -1.0        8.0        4.0 =     -272.0
      -7.0       -5.0        2.0        8.0       -3.0        5.0        5.0       -5.0        2.0        4.0       -7.0        7.0        6.0       -4.0        9.0       -6.0       -3.0        1.0        4.0        4.0       -2.0        0.0       -5.0       -4.0       -1.0       -4.0       -6.0       -8.0        2.0       -1.0        2.0       -7.0        8.0     -250.0       -8.0       -3.0        0.0       -5.0        5.0       -2.0       -8.0        5.0       -6.0        5.0        0.0        6.0       -7.0       -4.0       -7.0       -5.0       -8.0       -1.0       -2.0        3.0       -3.0       -4.0 =    -1540.0
      -1.0        6.0       -6.0        0.0        3.0        5.0       -7.0        3.0        0.0       -4.0       -7.0        0.0       -1.0        6.0        7.0        4.0        5.0       -4.0        3.0       -4.0       -2.0        7.0        6.0       10.0       -6.0       -7.0        4.0        9.0       -3.0        3.0        5.0        2.0      -10.0        0.0     -260.0       -7.0        6.0        0.0       -4.0       -6.0        7.0        5.0        7.0       -5.0        5.0       -3.0        6.0        1.0        3.0        2.0        0.0       -5.0       -8.0       -8.0        9.0        7.0 =      888.0
      -6.0        8.0       -1.0        8.0        0.0        8.0       -2.0        3.0        3.0       -3.0        9.0        3.0        7.0       -3.0        2.0       -7.0        7.0       -2.0       -8.0       -2.0       -9.0        2.0       -5.0        5.0        4.0        9.0        3.0       -2.0       -7.0       -9.0        2.0       -4.0        2.0       -4.0        9.0     -280.0       -4.0       -9.0       -8.0       -3.0        9.0       -6.0        1.0        4.0       -3.0       -3.0       -8.0       -5.0       -1.0       -5.0        7.0       -8.0       -7.0        2.0       10.0       -5.0 =      604.0
      -7.0       -5.0       -6.0        9.0       -5.0       -2.0        8.0       -2.0        4.0       -9.0      -10.0       -5.0       -7.0       10.0        9.0        3.0        7.0       -4.0       -4.0       -8.0        6.0       -8.0       -9.0       -3.0       -6.0      -10.0        8.0       10.0       -5.0       -3.0       -1.0       -6.0       -4.0       -5.0       -5.0       -6.0      304.0        4.0        7.0        7.0        1.0       -2.0        4.0        6.0       -1.0        1.0       10.0        9.0        1.0        2.0        0.0        7.0        7.0        0.0       -9.0        6.0 =     2344.0
      -2.0       -3.0        3.0       -3.0        2.0        8.0       -3.0        0.0        7.0        4.0        9.0        3.0        7.0       -5.0        3.0        7.0        1.0        1.0        7.0        2.0        2.0        1.0        7.0        1.0       -1.0       10.0        5.0        6.0       -9.0       -4.0        8.0        8.0        1.0       10.0        4.0        8.0        8.0     -265.0       -5.0       -5.0      -10.0        2.0        6.0        9.0        5.0        1.0        8.0        1.0       -6.0       -9.0        6.0       -1.0        0.0        7.0        3.0       -3.0 =     1287.0
      -4.0       -2.0        1.0        5.0        7.0       -6.0       -4.0       -3.0        9.0        2.0        0.0        1.0       -7.0        6.0       -4.0       -9.0        2.0       -6.0       -4.0       -7.0        9.0        6.0        9.0       -8.0        7.0       -2.0       -2.0       -4.0        9.0       -4.0       -1.0      -10.0       -6.0        0.0       -9.0        5.0        0.0        6.0     -284.0        3.0        6.0       -9.0        6.0        8.0        4.0        7.0        3.0      -10.0        0.0       -9.0        6.0       -6.0       -5.0       -2.0       -4.0       -5.0 =    -1854.0
       2.0        9.0       -6.0        0.0        5.0        7.0       -8.0        1.0        2.0        5.0       -6.0       10.0       -3.0       -3.0       -3.0       -6.0       -5.0       -3.0       -4.0        6.0        4.0       -8.0       -8.0       -9.0        3.0       10.0        1.0      -10.0        4.0        8.0       -7.0       -6.0        5.0      -10.0        7.0       -2.0        8.0       -6.0       10.0      315.0       -5.0        9.0       10.0        3.0       -6.0        5.0       -1.0       -3.0       -6.0       -3.0        7.0        2.0       -5.0        9.0        8.0        3.0 =     -672.0
       5.0       -4.0       -1.0        8.0       -6.0        2.0        3.0        5.0       -1.0       -9.0       -9.0       -8.0       -9.0       -1.0        0.0        4.0       -7.0        3.0       -2.0        6.0        4.0       -5.0       -2.0        6.0        2.0        9.0        6.0        6.0        0.0        0.0       -6.0       -9.0       -6.0       -9.0        5.0        8.0        3.0        0.0       -8.0        9.0     -276.0        7.0       -4.0        2.0        2.0        9.0        2.0       -7.0        8.0       -8.0        6.0        1.0        7.0       -4.0        6.0        1.0 =     2560.0
       5.0        8.0       -7.0        6.0       -3.0        9.0        1.0        7.0       -6.0       -4.0       -5.0        8.0        6.0       -9.0       -6.0       -6.0        0.0        4.0        0.0       -8.0       -2.0       -8.0       -3.0        8.0        5.0        2.0        9.0      -10.0        8.0       -6.0       -1.0       -4.0       -4.0      -10.0        4.0        5.0        5.0        1.0        7.0       -9.0        8.0      281.0        5.0       -1.0        3.0        4.0        2.0       -2.0        0.0        0.0       -5.0       -2.0        5.0        3.0        6.0      -10.0 =     2352.0
      -6.0       -4.0        3.0        3.0        0.0        9.0       -7.0       -6.0        8.0       10.0        6.0       -2.0        5.0       -6.0        9.0       -6.0       -1.0       -9.0       -7.0       -5.0       -6.0       -5.0        6.0       -3.0        2.0       -9.0       -5.0        3.0       -5.0       -8.0       -1.0       -5.0       -4.0        7.0       -2.0        1.0       -7.0        8.0        7.0        3.0        3.0        0.0      279.0       -8.0        3.0       -9.0        1.0        4.0        3.0       -3.0        0.0       10.0        9.0       -4.0       -3.0       -1.0 =     1530.0
       2.0        9.0        7.0        3.0        7.0       -6.0        8.0        6.0        6.0        0.0       -1.0        7.0       -1.0        1.0       -4.0       -4.0        8.0       -4.0        4.0        7.0        5.0       -3.0       10.0       -7.0       -7.0        7.0        8.0       -1.0        0.0       -1.0       -5.0       -5.0       -8.0       -9.0        6.0       -1.0        8.0       -6.0       -4.0        9.0        4.0        0.0       -9.0      277.0       -1.0        8.0       -1.0       -3.0       -1.0       10.0        3.0       -8.0       -4.0       -7.0       -3.0       -3.0 =        0.0
      -3.0       -8.0       -1.0       -5.0       -1.0        4.0       -1.0       -6.0        9.0        9.0       -4.0       -3.0       -1.0        0.0       -7.0        8.0        2.0        0.0        9.0        1.0        4.0       -1.0        1.0        9.0        2.0        5.0        2.0        7.0        8.0       -1.0        0.0        8.0        3.0        7.0        9.0        1.0      -10.0       -2.0       -8.0       -5.0        5.0       -8.0       -5.0        4.0     -270.0       -7.0       -9.0       -2.0        7.0        9.0       10.0        3.0        2.0       -4.0       -4.0        8.0 =      880.0
      -4.0        9.0        9.0       -2.0       -8.0        7.0        3.0       -1.0        8.0        2.0        3.0        5.0       -6.0        2.0       -4.0       -7.0        0.0        8.0       -2.0        4.0       -9.0       -4.0       -6.0        5.0        2.0       -4.0        6.0       -4.0       -7.0       -9.0        2.0        3.0       -9.0        4.0       -2.0       -9.0        0.0        2.0        0.0        0.0        7.0       -1.0        0.0       -8.0        7.0     -264.0       -7.0       -5.0        1.0        5.0        6.0       -3.0       -4.0       -9.0        6.0       -7.0 =    -2312.0
       9.0       -5.0       -5.0        5.0       -7.0        0.0       -9.0        1.0        2.0       -7.0       -4.0        9.0        8.0        2.0        2.0        7.0       -6.0       -1.0       -5.0        8.0        1.0       -3.0        7.0       -3.0        0.0       -7.0       -8.0       -3.0        2.0       -8.0        4.0        5.0        8.0        2.0        2.0       -2.0       -8.0        3.0        4.0       -7.0       -1.0       -6.0        6.0        6.0        3.0       -6.0     -261.0        1.0       -1.0        9.0        5.0       -8.0        5.0       -1.0       -5.0        8.0 =    -2024.0
       3.0        9.0       -9.0       -9.0       -7.0       -7.0       -9.0       -2.0        2.0        2.0       -5.0        8.0        5.0       -5.0       -2.0        3.0       -8.0        1.0       -3.0        2.0        0.0        0.0        5.0       -8.0       -3.0       -6.0        8.0        4.0       -9.0        9.0       -8.0        9.0       -1.0        0.0       -3.0       -9.0       10.0       -8.0       -6.0       -7.0       -4.0       -4.0       -8.0       -7.0       -8.0       -4.0        0.0     -305.0        0.0        9.0        6.0       -9.0        5.0       -4.0       -5.0       -8.0 =     -800.0
      -6.0        8.0        3.0       10.0       -6.0       -4.0        0.0        4.0       -8.0        6.0       -8.0       -4.0        5.0        4.0       -1.0        1.0       -7.0        0.0       -1.0        1.0        9.0        7.0       -3.0       -6.0        1.0       -5.0       -3.0        7.0        6.0       -5.0        1.0       -1.0       -9.0       -6.0       -8.0        6.0       -1.0       -5.0        7.0        2.0        3.0        2.0        6.0       -8.0       -1.0       -7.0        3.0       -7.0     -274.0        9.0       -6.0        7.0        7.0        3.0       -5.0        7.0 =     1890.0
       7.0       -7.0        0.0        2.0       -1.0        3.0        9.0        7.0        7.0       -4.0        1.0        8.0       -5.0        9.0        7.0       -3.0       -3.0        1.0       -1.0       -4.0       -9.0       -1.0        4.0        0.0        1.0        9.0       -4.0        9.0        2.0       -7.0       -4.0        1.0       -9.0        8.0        4.0        1.0       10.0       -2.0       -7.0        1.0       -2.0      -10.0       -6.0       -5.0        3.0        4.0       -1.0       -1.0       -1.0      249.0        4.0       -1.0        9.0       -4.0       -9.0       -5.0 =     2376.0
     -10.0       -2.0        5.0        4.0       10.0       -9.0       -1.0       -2.0        2.0        4.0       -2.0       -5.0       -5.0       -8.0        5.0       -3.0       10.0        5.0       -6.0       10.0        7.0       -7.0        2.0       -5.0       -1.0        4.0       -7.0       -2.0       -4.0       -2.0       -9.0        7.0       -6.0       -7.0        4.0       -3.0      -10.0      -10.0       -6.0        2.0       -5.0        2.0        3.0        4.0       -4.0        1.0       -2.0        1.0       -9.0        6.0     -280.0       -5.0       -3.0       -7.0        4.0       -8.0 =    -1412.0
       4.0       -2.0        8.0        8.0        2.0        3.0       -2.0       -9.0        5.0       -2.0       -3.0       -4.0       -1.0        0.0       -9.0       -2.0        8.0       -5.0        2.0       -2.0        1.0       -2.0       -1.0       10.0       -2.0        9.0       -5.0       -6.0        3.0        8.0        8.0       -6.0        6.0        7.0        4.0       -4.0        1.0       -6.0      -10.0        7.0       -8.0        4.0       -7.0       -8.0        4.0       -1.0       -5.0       -6.0       -1.0       -9.0        5.0     -277.0        9.0       -8.0       -5.0       -9.0 =     1505.0
       1.0        4.0        1.0        5.0        9.0        3.0        2.0       -7.0        3.0       -9.0        3.0       -8.0        4.0        0.0       10.0       -2.0        6.0       -1.0      -10.0        7.0        6.0       -1.0        1.0       -2.0        5.0        2.0        6.0        5.0       -7.0        4.0        8.0       -6.0        8.0        5.0       -5.0        6.0        9.0        5.0        2.0       -5.0        9.0       -3.0       -4.0       -2.0       -3.0        3.0       -2.0       -9.0       -3.0        6.0       -3.0        4.0      271.0       -8.0       -7.0       -8.0 =     2156.0
      -6.0       -3.0       -4.0        2.0        9.0      -10.0        1.0       -3.0      -10.0        9.0        4.0        3.0        7.0        0.0        1.0       -2.0       -6.0       10.0        9.0      -10.0        5.0       10.0        0.0       -3.0        1.0        9.0       -3.0        8.0       -1.0        1.0       -5.0        8.0       -7.0        7.0        8.0        8.0       -1.0        4.0       -4.0       -3.0       -3.0       -3.0        9.0        1.0        5.0        0.0       -6.0        5.0        1.0        6.0        0.0       -8.0       -1.0      270.0       -4.0       -8.0 =     1228.0
      -9.0        4.0       -2.0        8.0       -9.0        7.0        5.0       -1.0       -7.0        0.0       -8.0        7.0        3.0       -6.0       -2.0       -4.0        5.0        3.0        3.0       -1.0        0.0       -7.0        3.0       -6.0       -1.0       -6.0       -8.0        8.0        1.0       -2.0       -4.0       10.0       -6.0       -1.0       -2.0        2.0        8.0       -9.0       -3.0       -4.0       -8.0       -2.0       -2.0        4.0        5.0        3.0        4.0        9.0        5.0        7.0       -4.0       -1.0       -8.0        7.0      264.0       -7.0 =    -2205.0
       3.0        1.0       -9.0        0.0       -4.0       -6.0       -4.0        2.0        4.0        2.0        8.0       -4.0       -5.0       -3.0       -6.0        1.0       -7.0        9.0       -7.0       -4.0       -9.0        7.0       -3.0        8.0       -4.0        7.0      -10.0        0.0       -4.0        9.0        9.0        6.0       -7.0        4.0       -5.0        4.0       -1.0      -10.0       -3.0        6.0        5.0        1.0       -3.0        7.0        4.0       -6.0       -1.0        2.0        2.0        9.0        9.0        1.0       -8.0       -4.0        7.0      279.0 =     1953.0

      -8.0        5.0        3.0        2.0       -3.0        9.0       -2.0        7.0        4.0       -7.0        3.0        8.0        9.0       -3.0       -6.0        2.0       -3.0        9.0       -4.0        3.0        9.0        7.0       -7.0       -7.0        2.0        0.0      -10.0        5.0        4.0       -2.0        9.0        8.0       -1.0        5.0       -4.0       -2.0        8.0       -9.0        6.0       -2.0      -10.0        8.0        6.0        0.0       -4.0        8.0        8.0        2.0       -7.0        9.0        4.0       -5.0        7.0        4.0       -9.0        7.0
