56
    -289.0       -5.0       -8.0        3.0        2.0       -5.0       -1.0        9.0       -6.0        1.0        5.0        3.0       -5.0        0.0       -3.0        7.0        7.0       -6.0        7.0        9.0        6.0        7.0       -6.0       -3.0        4.0        6.0        5.0      -10.0        3.0        8.0       -9.0        3.0       -6.0       10.0        3.0        0.0        6.0        1.0        1.0       10.0        1.0        0.0        9.0        8.0        6.0       -5.0       -6.0        8.0        9.0       -1.0        8.0       -4.0       -3.0       -4.0       -7.0       -3.0 =     -220.0
      -5.0     -268.0       -3.0        2.0        1.0        6.0       -1.0        6.0        9.0       -7.0       -8.0        2.0        8.0       -2.0       -7.0        5.0        9.0        2.0       -9.0        8.0       -1.0        4.0       -4.0       -4.0        1.0        3.0       -6.0        9.0        7.0        0.0        5.0        6.0       -2.0       -4.0       -7.0       -7.0        3.0       -6.0        3.0        8.0       -6.0       -5.0       -2.0        8.0      -10.0        3.0       -5.0        1.0        5.0        7.0        0.0        4.0        8.0        0.0        2.0       -5.0 =    -1195.0
       1.0       -3.0     -274.0       -4.0       -6.0      -10.0        9.0        8.0        0.0        6.0        2.0        4.0        9.0        4.0        1.0        7.0       -7.0       -2.0        4.0       -7.0        2.0        6.0        1.0        9.0        6.0       -9.0        0.0        0.0        4.0       10.0        8.0        8.0        5.0       -4.0       -4.0        3.0        2.0       -5.0        9.0        9.0       -6.0        0.0       -8.0       -6.0       -3.0        3.0        1.0        1.0       -9.0        9.0       -4.0        9.0        1.0       -8.0       -2.0        1.0 =    -2190.0
      -2.0       -5.0        8.0      274.0       -3.0        4.0       -5.0       -9.0       -5.0        4.0        5.0       -1.0       -7.0       -1.0       -9.0        2.0       -7.0        0.0        9.0       -9.0       -7.0        1.0       -3.0       -1.0        4.0        0.0       -8.0       -6.0        3.0       -2.0      -10.0       -8.0       -3.0        5.0        5.0       -5.0       -6.0       -8.0       10.0       -3.0        1.0       -2.0       10.0       -5.0        3.0       -7.0       10.0       -3.0        3.0       -3.0        4.0       -5.0        7.0       -7.0       -4.0       -3.0 =    -1800.0
       5.0        9.0        3.0        8.0      293.0       -7.0       -6.0       -2.0        7.0       -8.0       -4.0        5.0       -4.0       -6.0        8.0        3.0       -7.0        4.0       -9.0        5.0        2.0        9.0        6.0       -9.0        3.0        9.0       -1.0       -2.0        2.0        0.0        8.0       -1.0       -8.0       -2.0       -1.0        6.0        3.0       -9.0       -3.0        8.0       -6.0       -5.0       -1.0        0.0        7.0        3.0       -6.0       -4.0      -10.0        4.0        2.0       -7.0       10.0       -3.0        9.0       -9.0 =        0.0
       0.0       -7.0       -6.0        8.0       -9.0     -283.0       -2.0       -7.0       -9.0       -1.0        5.0      -10.0       -5.0       -8.0       -2.0       -7.0       -8.0        6.0        8.0        3.0       -5.0       -3.0       -6.0        2.0       -5.0        3.0        7.0       -1.0       -4.0       -2.0        7.0        3.0        6.0       -9.0        8.0       -2.0       -8.0       -6.0        1.0       -6.0       -3.0        7.0       -3.0        7.0        2.0       -8.0        7.0       -6.0       -1.0        0.0        5.0        7.0        7.0        4.0       -5.0        6.0 =    -3280.0
      -2.0        1.0        5.0        9.0        4.0        8.0      272.0       -6.0       -4.0       -8.0        3.0       -5.0       -6.0       -8.0       -8.0       -5.0        0.0       -6.0       -4.0        0.0        2.0        0.0       -2.0      -10.0       -2.0       -9.0       -3.0       -3.0        3.0      -10.0        4.0       -4.0        9.0        0.0        3.0        5.0        1.0        3.0       -2.0       -6.0        4.0        9.0       -3.0       10.0        6.0       -6.0        6.0        6.0       -4.0       -9.0        2.0       -4.0        5.0       -7.0       -5.0       -4.0 =     1800.0
       0.0       10.0       -9.0       10.0        6.0       -4.0        1.0     -271.0        8.0       -6.0       -3.0        5.0       -2.0       -5.0        3.0        5.0       -2.0        0.0       10.0       -4.0       -3.0       10.0        7.0       -6.0       -4.0        0.0       -1.0        5.0       -2.0        2.0        1.0       -5.0       -6.0       10.0        6.0        5.0      -10.0        1.0       -6.0       -2.0       -3.0        9.0       -7.0        9.0       -2.0        5.0       10.0       10.0        1.0        0.0       -2.0        2.0       -2.0       -9.0       -5.0       -8.0 =     1666.0
      -1.0        3.0       -9.0        0.0       -7.0       -9.0       -4.0       -2.0     -252.0       -5.0        3.0       -7.0       -4.0       -1.0        7.0        7.0       -4.0        4.0        2.0        2.0       -5.0       -3.0       -9.0        6.0        2.0        7.0       -6.0        0.0       -5.0        5.0        7.0        3.0       -3.0       -4.0       -2.0       -7.0        8.0        7.0       -2.0        1.0       -4.0        2.0        2.0        5.0      -10.0       -7.0       -7.0        6.0       -2.0       -9.0        7.0        4.0       -3.0        6.0        1.0        0.0 =      858.0
       6.0        9.0       -6.0        4.0        9.0        4.0       -2.0        2.0       -6.0     -274.0        1.0        7.0       -3.0        6.0       -1.0        3.0        0.0        4.0        4.0        8.0        7.0        1.0       -6.0        5.0        5.0        7.0       -6.0        7.0       -2.0        6.0       -7.0       -6.0       -5.0       -5.0        0.0       -9.0       -9.0        9.0        4.0        7.0       -3.0        1.0       -2.0       -7.0       -1.0        9.0        6.0       -7.0       -2.0       -1.0        9.0       -5.0       -9.0        6.0       -1.0       -1.0 =    -1150.0
      -8.0        9.0       -4.0        2.0        5.0       -2.0       10.0        8.0        8.0        8.0     -334.0       -2.0       -8.0        7.0        6.0        5.0        3.0        8.0        6.0        9.0       -8.0        2.0        0.0        4.0        7.0       -8.0        5.0       -7.0        7.0        5.0       -9.0      -10.0        5.0       -6.0        9.0        8.0       -9.0       -7.0       -5.0       -3.0        1.0        2.0        9.0        6.0        9.0        2.0        5.0        5.0        9.0        8.0       -5.0       -8.0        8.0       -3.0        2.0        8.0 =     1130.0
      -3.0       -3.0       -6.0       -7.0        8.0       -4.0       -8.0        2.0       -4.0       -4.0        8.0     -266.0        3.0        8.0       -8.0       -4.0        0.0        8.0        7.0        8.0        9.0        2.0       -1.0        2.0        0.0       -9.0        5.0       -9.0       -6.0       -6.0       -3.0        8.0       -6.0        6.0       -4.0        1.0        2.0        3.0        1.0        4.0       -1.0        7.0        0.0        0.0        6.0        0.0        6.0        7.0      -10.0        4.0        3.0       -6.0       -8.0        4.0        5.0       -6.0 =    -1020.0
      -7.0        6.0       -2.0        2.0        0.0        9.0       -6.0       -1.0       -5.0        4.0        4.0        1.0     -277.0       -9.0       -8.0        5.0        6.0        1.0        3.0       -8.0       -5.0       -5.0       -7.0       -9.0       -2.0        8.0       -4.0       -9.0        4.0       -4.0        4.0       -6.0        6.0        1.0        5.0        4.0        2.0        9.0        3.0       -2.0        9.0       -5.0       -8.0        9.0        2.0       -3.0       -1.0        2.0       -9.0        8.0        7.0        3.0        1.0        8.0       -5.0      -10.0 =     2248.0
       3.0        7.0        9.0        5.0        4.0       -1.0       -9.0        5.0       -5.0      -10.0        5.0        0.0        6.0     -320.0       -2.0        8.0       -2.0        5.0      -10.0       -1.0        8.0        9.0       -7.0       -8.0        5.0        8.0        9.0      -10.0        2.0       -1.0       10.0        5.0       -2.0       -8.0       -4.0        2.0        9.0        1.0       -1.0        6.0       -8.0       10.0       -9.0       -4.0        8.0        4.0        8.0       -4.0      -10.0       -9.0        5.0       -2.0       -4.0        5.0       -4.0        5.0 =     1116.0
       1.0       -8.0       -8.0       -4.0       10.0        2.0        0.0        3.0        9.0       -3.0       10.0       -1.0        9.0        8.0     -299.0       -1.0       -2.0       -1.0       10.0        4.0       10.0       -7.0        1.0        7.0       -8.0       -3.0       -6.0       -3.0       -4.0        5.0       -8.0        0.0        5.0        2.0       10.0       -3.0        9.0        5.0        6.0        8.0       -4.0        8.0        8.0      -10.0       -8.0        3.0        7.0        0.0        6.0       -3.0       -3.0        4.0      -10.0        4.0        9.0        3.0 =    -1989.0
      -9.0        3.0      -10.0        0.0        5.0       -8.0      -10.0       -4.0       10.0        7.0       -9.0        1.0       -6.0        2.0      -10.0     -266.0       -5.0        4.0       -4.0        3.0       -3.0       -5.0       -5.0       10.0        6.0        4.0        0.0        2.0       10.0        1.0        0.0        2.0        2.0       -1.0       -7.0        5.0       -8.0      -10.0        3.0        0.0       -1.0       -3.0        5.0        8.0       -2.0       -4.0       -1.0       -2.0       -2.0        4.0        9.0        0.0        7.0       -7.0        3.0       -9.0 =      295.0
       9.0        3.0       10.0       -1.0        2.0       -6.0        8.0        3.0        0.0        6.0        5.0       -1.0        5.0       -4.0        9.0        8.0     -297.0       -4.0       -4.0        0.0       -1.0        5.0       -5.0        5.0        1.0        8.0       -1.0       -1.0        9.0        8.0       -9.0       -9.0       -7.0       -5.0        3.0        8.0        0.0       -2.0       -7.0       -4.0        9.0        9.0        9.0        9.0        9.0        7.0        5.0      -10.0        4.0        3.0       -6.0        4.0       -7.0       -6.0       -2.0        6.0 =     -630.0
      10.0        7.0        6.0        6.0       -6.0        7.0       -3.0        3.0       -8.0        9.0       -7.0        6.0       10.0        7.0        3.0        1.0        5.0     -309.0       -4.0        9.0        1.0       -9.0       -6.0        6.0        0.0       -3.0       -7.0        2.0       -5.0        3.0        5.0        1.0       -5.0       -8.0        5.0        2.0        6.0       -6.0       -8.0        2.0       -6.0      -10.0        1.0        3.0        4.0       -7.0        8.0        8.0        4.0       -8.0        1.0        9.0       -1.0        7.0        8.0       -8.0 =    -2590.0
      -2.0        0.0        8.0       -2.0        4.0        8.0        7.0       -9.0       -9.0        5.0       -3.0       10.0        1.0      -10.0        1.0        6.0        2.0        1.0      262.0        0.0       -5.0        6.0        8.0       -4.0        4.0       -7.0       -3.0        2.0       -9.0        9.0       -3.0        4.0       -8.0       -2.0        2.0       -4.0       -3.0        9.0        1.0        3.0        3.0        0.0       -8.0        1.0       -2.0        7.0        5.0        5.0        5.0        0.0       -7.0       10.0        8.0        6.0       -2.0       -4.0 =     -614.0
       0.0       -8.0       -1.0        5.0       -4.0        3.0        0.0       -4.0       -7.0        5.0        3.0        2.0        5.0       -1.0        6.0       -2.0        3.0       -5.0        5.0      253.0       -3.0        8.0       -8.0        8.0        9.0        1.0        8.0       -3.0       -2.0       10.0       -9.0        4.0        1.0        7.0        1.0       -1.0       -6.0      -10.0        2.0        0.0        0.0       -6.0        3.0       -9.0       -6.0       -4.0        4.0       -5.0       -2.0       -7.0        5.0        8.0        9.0       -1.0       -4.0       -9.0 =     -753.0
      10.0       -5.0        5.0       -2.0        3.0        7.0        6.0        0.0       -2.0        9.0        0.0        4.0        0.0       -1.0        9.0        5.0        9.0       -2.0        2.0        0.0      263.0       -8.0        2.0       -8.0       -1.0        6.0        4.0       10.0        0.0       -1.0        6.0       -7.0       -2.0        2.0        7.0       -8.0        5.0       -9.0       -5.0       -6.0        1.0       10.0       -5.0        3.0       -3.0       -8.0       -1.0       -2.0      -10.0       -7.0        7.0        4.0        4.0        9.0        3.0        6.0 =    -3180.0
      -7.0       -9.0        3.0       -1.0        5.0       -7.0       -1.0       -5.0      -10.0        0.0       -8.0        1.0       -6.0       -2.0       -7.0       -6.0        8.0        4.0       -6.0        2.0        5.0     -285.0       -4.0       -1.0        2.0        9.0      -10.0      -10.0        7.0       -1.0        1.0       -2.0        6.0        8.0        6.0        0.0        7.0        9.0       -5.0       -5.0       10.0        3.0       -4.0        4.0       -1.0       -1.0       -2.0        0.0        3.0        7.0       -9.0       -6.0       -7.0       -9.0       10.0       -5.0 =    -1288.0
       7.0       -5.0       -6.0      -10.0        4.0        2.0        9.0        9.0        1.0        4.0       -9.0        8.0        8.0        6.0       -6.0        4.0        4.0        1.0       -8.0        9.0       -6.0       -6.0     -271.0       -5.0        1.0       -4.0        8.0       -7.0       -4.0        0.0        0.0      -10.0        8.0       -1.0       -7.0        3.0       -5.0       -7.0       -3.0        1.0       -4.0        4.0        4.0        0.0       -1.0       -5.0        1.0       -2.0        9.0       -8.0        5.0       -1.0       -3.0       -2.0        9.0       -7.0 =    -1420.0
       7.0       -6.0        9.0        7.0        7.0       -6.0        8.0        2.0        6.0        0.0        9.0        4.0       -4.0       -9.0       -1.0        8.0       -2.0        5.0        2.0       -1.0        8.0        0.0        1.0      294.0        8.0       -1.0       -3.0       -8.0       -8.0        4.0        8.0        4.0       -2.0        0.0       -6.0        1.0       -9.0       -6.0        4.0       -8.0        8.0       -8.0        9.0       -4.0       10.0        4.0       -1.0       -8.0       10.0        3.0        8.0        3.0       -8.0        4.0        6.0        3.0 =    -2555.0
       3.0        7.0       -2.0        0.0       -8.0        6.0        7.0        0.0       -3.0       -9.0        7.0        5.0        9.0        0.0        1.0       -4.0       -1.0       -8.0        5.0       -8.0        8.0       -2.0        9.0        3.0     -277.0       -3.0        2.0       -9.0       -8.0       -5.0       -3.0       -2.0        0.0        5.0        6.0        6.0       -3.0        3.0        0.0        2.0      -10.0      -10.0       -7.0       -1.0        4.0        8.0        8.0        5.0       -7.0       -2.0       -5.0        8.0        5.0        7.0        6.0       -5.0 =     -257.0
       7.0       -3.0       -7.0       -8.0        8.0       -6.0       -2.0        2.0        9.0       -9.0      -10.0       10.0       -6.0       -4.0       -4.0        5.0        1.0       -3.0        1.0       -1.0       -4.0        0.0        4.0       -9.0       -7.0      281.0        0.0        2.0        6.0       -9.0       -7.0        6.0       -3.0       -3.0       -6.0        2.0       -6.0        2.0        8.0        4.0        4.0      -10.0       -2.0       10.0        7.0       -8.0       -3.0       -3.0        2.0       -4.0        5.0        0.0        7.0       -1.0       10.0       -6.0 =      498.0
       7.0       -5.0        8.0        5.0        9.0       -2.0        7.0       -4.0        6.0       -5.0        5.0        0.0       10.0       -3.0        4.0      -10.0       -6.0       -2.0        7.0       -1.0       -3.0        4.0        4.0        9.0        1.0       -4.0     -299.0        7.0       -3.0        7.0        8.0      -10.0       -5.0       -2.0        1.0        1.0      -10.0        7.0        3.0        2.0       -7.0       -4.0        6.0       -9.0       -7.0        9.0        6.0       -1.0       -7.0        7.0       -5.0        6.0       -8.0        6.0       -7.0       -7.0 =    -2466.0
      -6.0        6.0       -5.0       -2.0       -8.0       -9.0        3.0        9.0       -3.0       -7.0       10.0        0.0       10.0       10.0        9.0       -6.0        7.0      -10.0       -2.0        3.0       -7.0        6.0        2.0        8.0       -8.0        0.0       -8.0      285.0        2.0        3.0       -4.0       -7.0       -6.0        0.0       -3.0        2.0        6.0        3.0        7.0        3.0       -8.0        1.0       -1.0       -6.0        6.0       -1.0        4.0       -4.0        1.0       -2.0        8.0       -4.0        1.0        5.0        7.0        8.0 =    -1232.0
       7.0       -6.0        7.0       -9.0       -5.0       -9.0       -5.0        5.0       -3.0       -9.0       -1.0       -8.0       -4.0        9.0        2.0       -7.0       -4.0       -5.0        3.0        4.0        6.0        8.0       -6.0        0.0        4.0        0.0        6.0        8.0      299.0      -10.0       -4.0        2.0       -6.0        0.0        0.0       -6.0        3.0       -2.0        9.0        4.0        6.0       10.0       -5.0        8.0        8.0       -6.0        4.0        3.0        7.0       -6.0       -6.0        9.0        7.0        2.0        2.0        6.0 =    -2282.0
       7.0       -9.0       -4.0        6.0        2.0        6.0       -2.0       -3.0        1.0        4.0       -7.0       -6.0        8.0        3.0        9.0      -10.0        1.0        1.0       -1.0        6.0       -3.0        7.0        5.0        0.0        7.0       -7.0       -4.0       -3.0       -7.0     -253.0       -1.0       -1.0       -5.0        3.0        3.0        4.0       -2.0       -5.0        2.0       -8.0        6.0       -8.0      -10.0       -6.0       -4.0        3.0        1.0       -5.0        2.0       -6.0       -3.0       -4.0        2.0        0.0       -6.0       10.0 =     -284.0
       1.0        5.0        4.0        8.0        1.0        2.0       -9.0        3.0       -2.0        1.0        6.0        2.0       -6.0        7.0       -1.0        8.0        2.0       -9.0       -5.0        6.0        5.0        2.0       -7.0       -4.0       -7.0       -8.0        5.0        8.0        9.0       -8.0      293.0       -7.0        1.0        7.0       -9.0       10.0        6.0       -1.0        4.0        9.0       -7.0        3.0        5.0        1.0       -5.0        4.0       -8.0        1.0       -7.0       -2.0       -3.0       -9.0       -7.0       -4.0       10.0        2.0 =     -306.0
      -3.0       -3.0        8.0       -8.0        9.0       -5.0       -4.0      -10.0        8.0       -4.0       -4.0      -10.0       10.0       -4.0        1.0        7.0       -6.0       -2.0        0.0       -2.0        9.0        0.0        9.0        7.0       -1.0       -8.0        2.0       -5.0        3.0        7.0       -2.0      291.0        5.0       -9.0       -9.0        7.0       10.0        6.0        1.0        8.0        2.0       -4.0       -7.0       -1.0       -7.0        4.0        0.0       -3.0       10.0       -3.0        7.0       -3.0        9.0        8.0        5.0        0.0 =      326.0
      -6.0        3.0       -1.0        8.0        9.0       -4.0       -8.0        4.0       -5.0       -7.0       -8.0        0.0       -1.0       -7.0        1.0       -8.0       -9.0       -5.0       -9.0        1.0        7.0        0.0        8.0        0.0       -5.0       -2.0       -7.0      -10.0        4.0       -8.0       -5.0       -7.0      283.0        7.0       -1.0        2.0        0.0       -6.0       -5.0       -8.0        8.0        7.0       -4.0        4.0       10.0       -4.0       -9.0       -3.0       10.0        2.0       -1.0       -5.0        8.0        0.0        8.0        2.0 =    -2052.0
      -7.0       -1.0       -5.0        2.0       -9.0        6.0       -6.0       -2.0        2.0        5.0       -5.0       -5.0       -3.0        0.0       -7.0        4.0       -9.0        1.0       -2.0       -7.0        6.0        1.0        4.0       -7.0        7.0        0.0        7.0       -1.0        1.0        4.0        3.0        8.0       -9.0     -230.0        8.0        8.0        0.0       -6.0        1.0        1.0        5.0        5.0        2.0       -1.0       -1.0       -6.0       -6.0       -9.0        0.0       -4.0        8.0        1.0        3.0        3.0        5.0        0.0 =    -1185.0
      -3.0       -7.0       -9.0       -3.0       -1.0      -10.0       -5.0       -9.0        2.0        7.0        6.0       -6.0        2.0        6.0       -8.0       -1.0       -5.0       -8.0       -1.0       -3.0        8.0        2.0       -2.0        9.0       -4.0        0.0        8.0       -3.0       -4.0        7.0       -1.0        2.0        8.0       -7.0      274.0        1.0       -3.0       -1.0       -4.0       -8.0       -4.0       -4.0        5.0       -9.0        8.0       -8.0        3.0        1.0        2.0        3.0        3.0       -7.0       -6.0        9.0       -8.0       -9.0 =     1435.0
       3.0       -1.0        4.0       -2.0       -3.0       -3.0        3.0        7.0        9.0       -5.0        3.0       -7.0       -4.0       -6.0      -10.0        3.0       -1.0       -2.0       -5.0       -1.0        7.0       -5.0       -4.0        2.0        8.0       -1.0        3.0       -7.0       -7.0        7.0       -5.0       -9.0       10.0       -3.0       -2.0      279.0        2.0       -9.0       -4.0        8.0        2.0       -7.0        7.0      -10.0        3.0        8.0        3.0        4.0       -5.0        8.0        6.0       -7.0       -7.0        6.0       -2.0       -4.0 =      257.0
       1.0        9.0       -9.0       -1.0       -6.0        4.0       -9.0        1.0        3.0        0.0        4.0        0.0       -3.0        7.0        5.0       -2.0       -6.0       -9.0        8.0       -2.0       -5.0       -2.0        6.0       -7.0        2.0        7.0        5.0        8.0       -7.0        6.0        9.0       -2.0        3.0       -3.0        8.0        3.0      271.0       -2.0       -9.0        9.0      -10.0       -7.0        3.0        0.0        7.0        1.0       -1.0        3.0        5.0        9.0        3.0        3.0       -2.0        8.0       -1.0       10.0 =    -2608.0
       7.0        6.0        5.0        3.0       10.0        0.0        8.0        0.0        1.0       -6.0       -3.0       -1.0       -5.0        8.0       -5.0        8.0       -2.0       10.0        0.0        3.0        3.0        4.0       -9.0        9.0       -4.0        1.0       -9.0       -3.0       10.0        8.0        9.0       10.0        9.0        9.0        8.0        4.0       -5.0     -303.0       -3.0        7.0        7.0        5.0        0.0        8.0       -5.0       -9.0       -8.0       -1.0       -2.0       -6.0        3.0       -8.0        5.0        6.0        2.0       -4.0 =    -1230.0
       3.0        2.0        5.0       -5.0       -5.0        2.0        7.0        6.0       -7.0      -10.0        3.0        3.0       -6.0       -3.0        9.0        5.0        3.0       -8.0       -6.0       -4.0        8.0       -2.0       -4.0       10.0        2.0        5.0        4.0       -4.0        9.0        2.0       -3.0        2.0       -4.0        6.0       -2.0       -9.0        8.0        7.0      265.0        9.0       -4.0       -1.0       -3.0        2.0        8.0       -6.0       -6.0        3.0        3.0       -3.0        1.0       -6.0        5.0        2.0       -5.0        3.0 =     1776.0
       6.0       -9.0       10.0       -4.0        9.0        0.0        3.0       -3.0        8.0       -2.0        1.0        2.0       -8.0        6.0        3.0        5.0       -5.0        3.0        7.0        1.0       -6.0       -8.0        7.0        9.0       -1.0       -7.0        7.0       -7.0       -9.0       -6.0       -5.0        2.0        9.0        6.0       -4.0       -1.0        9.0      -10.0        8.0      299.0        2.0       -6.0        6.0       -3.0       -1.0       -6.0        2.0        8.0       -7.0       -4.0       -6.0       -2.0       -4.0        9.0        3.0        7.0 =    -1292.0
       6.0        6.0        2.0        2.0       -7.0        7.0       -1.0      -10.0       -4.0        3.0        2.0       -3.0        7.0        8.0       -1.0       -7.0       -6.0      -10.0       -5.0       -6.0       -5.0        2.0        2.0       -9.0       -9.0       -3.0        6.0       -7.0        5.0        0.0        0.0       -1.0        5.0       -1.0        6.0       -6.0        8.0      -10.0       -2.0       -6.0     -277.0       -9.0       -6.0        1.0        7.0        6.0        4.0        7.0        7.0        9.0        6.0       -5.0        2.0       -2.0       -1.0        6.0 =    -2870.0
      -9.0       -5.0       -9.0        2.0       -1.0       10.0       -2.0        1.0       -9.0       -5.0       -5.0        9.0       -7.0        7.0       -8.0        8.0        7.0       -7.0        2.0        4.0       -9.0       -7.0       -3.0        7.0        0.0        9.0        3.0        0.0        8.0       -1.0        2.0        0.0       -3.0      -10.0       -6.0        7.0       -2.0       -8.0        5.0       -3.0        8.0      301.0        4.0        3.0       -7.0        5.0       -2.0       10.0        9.0        9.0       -7.0        9.0       -5.0        6.0        1.0        5.0 =     -321.0
       2.0       -1.0        5.0       -1.0       -3.0        8.0        7.0        6.0        3.0       -3.0       -2.0        1.0        0.0        5.0       -7.0        5.0        2.0       -7.0        2.0       -5.0        9.0       -3.0        4.0        8.0       -2.0       -2.0        2.0        4.0       -5.0        4.0        8.0       10.0        1.0       -2.0        9.0        6.0        2.0       -5.0       -9.0       -8.0        6.0       -9.0     -251.0       -1.0        2.0        3.0       -7.0        6.0        4.0       -2.0        8.0       -2.0       -4.0       -3.0       -3.0       -6.0 =    -1899.0
      -3.0       -1.0        3.0       -9.0       -7.0       -4.0      -10.0       -2.0        3.0       -9.0       10.0       -3.0        5.0        9.0        8.0       -8.0        1.0       -3.0       -5.0       -8.0        3.0      -10.0       -8.0        0.0        1.0        7.0        7.0        5.0       -4.0       -6.0        2.0       -2.0        1.0        8.0       -5.0       -4.0       -1.0       -3.0      -10.0       -8.0       -1.0       -9.0       -2.0     -287.0       10.0        9.0        0.0        7.0        3.0        9.0        8.0       -6.0       -6.0        0.0        1.0       -7.0 =     -331.0
      -8.0        0.0        4.0       -9.0       -3.0        3.0       -7.0       -1.0       -7.0        0.0        0.0       -2.0       -2.0        4.0        4.0        5.0       10.0        1.0        3.0      -10.0        6.0        1.0        4.0        0.0       -3.0        2.0       -3.0       -3.0        7.0       -2.0        5.0       10.0        2.0        9.0       -2.0       -2.0        6.0        0.0       -6.0        7.0        5.0       -6.0        5.0       -7.0      238.0        0.0       -9.0        6.0       -2.0        6.0        0.0       -3.0       -8.0        7.0       -1.0       -1.0 =     -506.0
       7.0        5.0        3.0       -1.0        6.0        8.0       -3.0        2.0        5.0        6.0       -6.0       -6.0       -5.0       -7.0       -1.0       -2.0       10.0        7.0        0.0        9.0       -2.0        6.0       -3.0       -2.0       -8.0        0.0        9.0       -1.0       -4.0       -6.0        8.0        3.0        1.0        6.0        9.0        1.0        4.0        8.0        7.0        1.0       -5.0       -2.0        9.0       -8.0        4.0      260.0       -5.0        8.0       -7.0       -1.0        0.0        3.0        3.0        5.0        1.0       -4.0 =      335.0
       9.0       -3.0        6.0        2.0        6.0       -8.0       -7.0       -6.0       10.0       -7.0        5.0       -3.0       10.0       -6.0        8.0       -6.0        8.0       -4.0       -4.0       -5.0       -6.0        5.0        9.0        3.0       -1.0       -5.0       -5.0        2.0        9.0       -5.0       -8.0        5.0        6.0       -9.0       -1.0       -5.0       -7.0       -1.0        8.0       -9.0        6.0       -2.0       -2.0        8.0        7.0        7.0     -304.0        2.0       -3.0        1.0        1.0        5.0       -4.0       -7.0        3.0       -7.0 =     2093.0
       4.0        5.0        5.0       -5.0        1.0        1.0        5.0        0.0        0.0        7.0       -7.0       -1.0        9.0       -8.0        2.0       -5.0       -6.0        2.0       -8.0       -6.0        8.0       10.0        8.0        9.0        2.0        3.0       -5.0        6.0       -2.0        7.0       -9.0       -1.0        9.0       -8.0        2.0       -3.0        2.0       -5.0        6.0       -3.0       -2.0        1.0        8.0        6.0        4.0       -3.0        8.0      276.0       -4.0        7.0        8.0       -6.0        4.0        1.0       -6.0       -8.0 =     -650.0
      -1.0        7.0        0.0       -3.0        5.0        3.0       -1.0       -1.0        2.0        0.0        7.0       -8.0        7.0        0.0       -1.0       -2.0       -5.0       -2.0        3.0       -2.0        5.0      -10.0        5.0        0.0       -4.0       -1.0       -3.0       -5.0       -2.0        4.0       -6.0        3.0       -7.0       10.0       -7.0        0.0        7.0       -9.0       -7.0        9.0        9.0       -6.0        3.0        9.0        1.0        1.0       -3.0       -6.0     -255.0        7.0       -7.0       10.0        5.0        4.0       -9.0        2.0 =    -1470.0
       1.0       -7.0        2.0       -3.0        4.0        9.0        6.0       10.0        7.0        4.0       -1.0        5.0       -2.0        1.0       -2.0       10.0        0.0        9.0       -6.0       -3.0       -1.0       -9.0        3.0        8.0       -3.0        9.0        6.0        8.0       -2.0       10.0       -1.0        7.0       -3.0        3.0       -4.0       -3.0        3.0       -2.0        9.0       -1.0        4.0       -1.0       -5.0       -7.0        6.0       -4.0       -3.0       -5.0        9.0      271.0       -3.0       -9.0       -1.0        9.0        6.0       -3.0 =     1725.0
      -9.0        3.0        7.0       10.0       -4.0       -9.0        4.0        6.0        0.0        0.0       -6.0       -1.0       -2.0        6.0       -9.0        5.0        4.0       -2.0        0.0      -10.0        7.0        7.0        8.0        0.0        2.0        7.0        2.0        3.0        2.0       -8.0       -4.0       -5.0        3.0        2.0        5.0        3.0        5.0       -9.0        6.0       -2.0        1.0       -6.0        8.0        8.0        4.0        4.0        0.0       -2.0       -4.0       -7.0     -244.0        3.0        0.0       -2.0        4.0        4.0 =     -606.0
       1.0       -7.0        4.0       -6.0      -10.0        1.0       -7.0       -7.0        5.0       -4.0       -3.0       -7.0        2.0       -9.0        0.0        6.0        4.0        1.0      -10.0       -3.0       -4.0       -5.0        4.0        5.0       -7.0       -4.0        7.0       -5.0        7.0       -6.0       -8.0        1.0       -4.0        1.0        2.0        1.0        7.0        8.0       -2.0        7.0       -7.0       -2.0        8.0       -9.0        6.0       -3.0        6.0       -7.0       -5.0       -5.0       -3.0     -268.0        4.0        5.0        0.0       -4.0 =    -1640.0
     -10.0        7.0        5.0        6.0       -4.0        1.0        6.0        8.0       -5.0       -5.0        5.0       -4.0       -6.0        5.0       -8.0       -1.0       -6.0       10.0        5.0      -10.0       -9.0       10.0       -1.0       -7.0       -3.0        5.0       -9.0        9.0       -1.0        9.0       -2.0       -9.0        0.0      -10.0        7.0        4.0        7.0       -7.0       -3.0       -7.0       -4.0       -9.0        7.0       -9.0       -8.0       -4.0       -5.0       -9.0       -3.0       -2.0       -9.0       -3.0     -322.0       -5.0       -2.0       -6.0 =    -2055.0
       7.0        4.0        3.0        9.0        7.0        5.0      -10.0       -7.0        2.0        5.0       -4.0       -6.0       -5.0        0.0        1.0       -7.0        0.0       -9.0      -10.0        9.0       -3.0       -9.0        1.0        3.0        1.0        4.0        7.0        7.0      -10.0       -2.0       -6.0        2.0        0.0        0.0        0.0       -7.0        1.0        0.0       -5.0        7.0       -3.0        3.0        2.0        9.0        4.0       -8.0        9.0        5.0       -5.0       -2.0       -7.0        2.0       -9.0     -262.0        5.0        2.0 =    -1080.0
      -6.0       -1.0        8.0       -4.0        8.0       -2.0        1.0       -7.0       -2.0        2.0        3.0        1.0       -4.0        8.0        0.0        6.0        8.0       -2.0        8.0       10.0        7.0       -4.0       -8.0        8.0        6.0        4.0        3.0       -7.0       -1.0       -9.0        0.0        5.0       -4.0       -2.0       -8.0       -8.0        9.0       -8.0        4.0        3.0        7.0        5.0        6.0        0.0        2.0        5.0       -9.0        7.0        7.0        8.0        1.0       -6.0        9.0        5.0     -284.0       -5.0 =     1085.0
       9.0        7.0        9.0       -7.0        3.0        8.0       -4.0        2.0        7.0        4.0       -8.0        0.0       -2.0       10.0        2.0        4.0        3.0        7.0        4.0        3.0        0.0       -9.0      -10.0      -10.0      -10.0        9.0        9.0        8.0       -7.0       -2.0        0.0       -8.0        1.0       -9.0        8.0       -3.0       -5.0        4.0      -10.0        3.0        6.0       -2.0       -4.0        3.0       -4.0        6.0        3.0        4.0        0.0       -7.0        3.0        9.0       -1.0        0.0        7.0     -291.0 =    -1984.0

       1.0        5.0       10.0       -9.0        0.0       10.0        8.0       -7.0       -3.0        5.0       -5.0        4.0       -8.0       -4.0        9.0       -1.0        3.0       10.0       -2.0       -3.0      -10.0        4.0        5.0       -7.0        1.0        2.0        9.0       -4.0       -7.0        1.0       -1.0        1.0       -9.0        5.0        7.0        1.0       -8.0        6.0        6.0       -4.0       10.0       -1.0        9.0        1.0       -2.0        1.0       -7.0       -2.0        6.0        5.0        3.0        5.0        5.0        4.0       -5.0        8.0
