56
     277.0        5.0        7.0        4.0       -8.0        6.0        2.0        7.0        5.0        4.0        7.0        5.0        3.0        3.0        1.0        8.0       -9.0       -9.0        4.0       -9.0        8.0        9.0        2.0       10.0       -5.0        7.0        0.0       -5.0        4.0        3.0       -3.0        1.0       -8.0       -5.0        1.0        9.0        0.0        9.0        7.0        1.0        1.0       -3.0        1.0      -10.0        2.0        6.0       -1.0       -6.0        1.0        1.0       -6.0       -5.0        7.0       -7.0       -7.0        2.0 =    -3006.0
       2.0      283.0       -4.0        6.0       -9.0       -2.0        2.0        4.0        2.0        4.0        9.0       -8.0       -9.0       -8.0       -6.0        3.0       -4.0        6.0       -5.0        0.0       -8.0       -8.0        9.0       -7.0        9.0       -7.0        4.0       -8.0        3.0        6.0        1.0        0.0       -4.0        4.0        1.0       -6.0       -6.0        7.0        6.0        2.0       -9.0        6.0        9.0       -2.0        2.0       -9.0       -3.0        8.0        2.0        4.0        6.0        2.0       -5.0        6.0       -7.0        3.0 =    -1108.0
       4.0       -9.0     -261.0      -10.0       -8.0       -5.0        2.0       -2.0        4.0        1.0       -5.0        7.0        1.0        1.0       -3.0        7.0       -2.0        7.0       -5.0        6.0        3.0        5.0       -2.0        6.0       -4.0        6.0        2.0       -1.0        4.0       -1.0      -10.0       -8.0        4.0        8.0        9.0       -3.0        9.0        5.0       -7.0       -4.0       -3.0        4.0       -4.0       -5.0        5.0        4.0       -3.0       -6.0        0.0       -6.0        0.0       -5.0        7.0       -3.0        5.0        4.0 =     1020.0
      -1.0        3.0       -1.0      316.0       -8.0        9.0        7.0        5.0       -8.0        5.0        4.0        6.0       10.0        7.0        9.0       -3.0        0.0      -10.0       -6.0       -3.0       -5.0       -8.0        7.0       -8.0      -10.0       -3.0       -2.0        8.0        5.0        9.0        9.0        2.0        7.0        0.0        5.0       -4.0        5.0        5.0       -9.0        0.0        1.0        9.0       -2.0        7.0       -9.0        1.0        6.0        5.0       -3.0        6.0       10.0        5.0        9.0       10.0        6.0        5.0 =     1260.0
      -8.0       -3.0       -5.0        2.0      237.0       -1.0       -2.0        4.0      -10.0       -2.0       -4.0       -7.0       -1.0       -3.0       -7.0       -6.0       -1.0       -2.0        1.0        0.0        5.0       -1.0       -7.0        1.0       -8.0       -7.0        4.0        0.0       -3.0       -5.0       -6.0       -3.0       -2.0        5.0        1.0        4.0       -5.0        3.0       -4.0       -7.0       -1.0        0.0        0.0       10.0       -3.0        8.0       -9.0       -9.0       -6.0       -8.0        5.0        8.0       -2.0        7.0       -4.0       -2.0 =     -282.0
      -6.0        6.0        2.0       -4.0       -1.0     -281.0       -8.0       -4.0        5.0       -4.0        4.0       -7.0       -5.0       -6.0        5.0       -5.0       -8.0      -10.0        2.0       -5.0        5.0        1.0        4.0        5.0        1.0      -10.0       -4.0       -8.0       -8.0       -4.0      -10.0        4.0       -9.0       -4.0        6.0        2.0       -5.0       -1.0        1.0       -7.0        7.0        0.0        3.0       -6.0       -1.0       -6.0       10.0       10.0       -2.0        4.0       -7.0        0.0       -9.0        1.0       -8.0        9.0 =     2562.0
      -3.0       -2.0       -5.0        5.0        4.0        8.0     -286.0        6.0       -3.0       -8.0        7.0        0.0       -2.0        8.0        6.0        4.0      -10.0       -5.0        4.0       -9.0        1.0       -5.0        6.0       -3.0       -9.0       -3.0        1.0        2.0       -9.0       -7.0        9.0       -6.0       -9.0       -7.0        4.0       -3.0       -6.0       -4.0       -5.0        7.0        9.0       -4.0       -7.0       -2.0        8.0       -8.0        0.0       -2.0        2.0        6.0        3.0       -9.0       -1.0        2.0       -3.0       -9.0 =    -3078.0
       7.0        0.0        6.0        3.0        0.0      -10.0       10.0     -280.0       -9.0       -8.0        6.0       -4.0        0.0        8.0        7.0        2.0       -9.0        1.0        4.0       -4.0       -7.0       -2.0       10.0       10.0        3.0        1.0       -7.0        5.0        2.0        8.0        5.0      -10.0        0.0        9.0        1.0       -1.0        0.0        9.0        5.0        7.0       -9.0        1.0        1.0        0.0       -7.0        6.0       -6.0       -6.0       -9.0        1.0        7.0        9.0        2.0       -4.0       -7.0        0.0 =     2187.0
       2.0        8.0        7.0       -5.0       -6.0       -7.0       -3.0        5.0     -299.0        9.0       -2.0       -9.0        8.0        5.0       -8.0        3.0        3.0        9.0       -3.0        2.0        2.0        9.0        3.0       -3.0        7.0        0.0       -5.0       -2.0       -5.0        9.0        1.0       -7.0       -5.0       -4.0        0.0        0.0        4.0       -6.0        6.0        9.0       -8.0       10.0       -5.0        6.0       -5.0       -9.0        5.0       -9.0       -5.0       -1.0      -10.0       -3.0      -10.0       10.0       10.0       -2.0 =     -882.0
      -1.0       -7.0        2.0       -8.0        5.0       -1.0       -9.0        1.0       10.0     -273.0        1.0       10.0       -8.0        3.0        0.0       -7.0        2.0        0.0       -4.0        5.0       -7.0       -2.0       -7.0       -6.0       -9.0       -6.0       -3.0        5.0       -5.0      -10.0        8.0       -1.0       -9.0       -4.0        4.0       -8.0       -1.0        7.0        0.0       -3.0       -2.0        7.0       -4.0       -2.0      -10.0       -7.0        8.0       -4.0        2.0        5.0        9.0        2.0        7.0       -2.0        1.0        4.0 =        0.0
      -2.0       -9.0        2.0        3.0        3.0        1.0        2.0        1.0       -1.0        0.0      258.0        9.0       -1.0        7.0        9.0        2.0       -1.0       -3.0       -4.0       -5.0       -7.0       -6.0       -2.0       -1.0        6.0       -3.0      -10.0       -5.0        3.0        1.0        9.0        2.0        8.0        7.0        3.0        7.0        0.0        5.0        6.0       -4.0       -9.0        8.0       -6.0        7.0       -9.0      -10.0       -7.0       -7.0       -4.0       -8.0       -5.0       -1.0       -2.0        4.0        1.0       -6.0 =     2124.0
       3.0        5.0       -1.0       10.0       -1.0       -3.0        8.0       -5.0       -1.0        9.0        4.0     -261.0        2.0        4.0        9.0       -4.0       -2.0       -2.0       -5.0       -7.0        0.0       -2.0       -4.0        1.0       -5.0       -2.0        5.0       -5.0        8.0        4.0       -5.0        3.0       -3.0       -9.0      -10.0        1.0       -1.0       -8.0       -4.0       -4.0        7.0       -8.0        9.0       -5.0      -10.0        5.0       -6.0        2.0        3.0        0.0       -6.0       -5.0       -3.0        6.0        1.0       -8.0 =      888.0
       3.0        3.0       -8.0       -5.0        8.0        5.0        6.0       -7.0        4.0        5.0        4.0       -4.0      281.0        5.0        2.0        9.0        7.0       -5.0       -1.0        0.0        1.0        4.0       -1.0       -8.0       -5.0       -6.0        0.0        8.0        1.0      -10.0        9.0        8.0        5.0       -6.0        8.0        6.0       -5.0       -4.0        9.0       -8.0       -6.0        0.0        1.0        8.0        0.0        5.0        2.0        3.0        3.0        7.0        7.0       -5.0        2.0       -9.0        2.0      -10.0 =      328.0
      -6.0       -7.0        6.0        7.0        9.0        6.0        4.0       -5.0       -1.0        1.0        6.0       -1.0       -2.0     -259.0        3.0        7.0        7.0       -1.0       -3.0       -4.0       -7.0        5.0        0.0       -4.0        7.0       10.0       -5.0       -1.0        1.0        9.0       -6.0       -9.0        7.0        8.0       -1.0        2.0       -3.0       -7.0       -8.0       -4.0       -3.0        1.0        2.0       -3.0        6.0       10.0      -10.0       -1.0       -7.0       -7.0        4.0        1.0        0.0       -1.0       -6.0        3.0 =      750.0
       9.0       -3.0        7.0        3.0        0.0        1.0       -3.0      -10.0        7.0        9.0       -5.0        4.0       10.0       -9.0     -256.0        1.0        4.0        9.0       -1.0       10.0        1.0       -7.0       -1.0        3.0       10.0        0.0       -3.0        7.0        9.0       -8.0       -1.0       -9.0       -6.0        9.0       -2.0        7.0        6.0        5.0        4.0       -2.0        1.0       -1.0        0.0       -4.0       -5.0        3.0        0.0       -6.0       -7.0       -2.0       -1.0        2.0        4.0       -2.0        1.0       -3.0 =     1688.0
      -3.0        8.0       -2.0       -6.0        4.0        8.0       -8.0       -4.0        1.0        6.0        0.0        7.0       -8.0        1.0       -3.0      301.0        4.0        9.0      -10.0        1.0       -9.0        9.0        7.0       -5.0        3.0      -10.0       -1.0        1.0        2.0        0.0      -10.0        5.0        1.0        8.0       -6.0        7.0        6.0        9.0        8.0       -1.0       -1.0      -10.0        6.0        1.0       -7.0       -4.0        6.0       -5.0       -7.0        7.0       -5.0        8.0       -5.0      -10.0        0.0       -8.0 =     2664.0
      -5.0        2.0        5.0        3.0       -7.0        5.0       -6.0       -3.0       -2.0        8.0        5.0        3.0       -1.0       -4.0       -2.0        8.0     -261.0        2.0       -8.0        4.0        3.0        2.0        8.0        6.0       10.0        4.0       -3.0        8.0        7.0       -2.0       -5.0       -4.0       -5.0        1.0       -1.0       10.0       -3.0       -6.0        6.0        7.0       -4.0        3.0        6.0       -9.0       10.0        3.0      -10.0        8.0        3.0       -7.0        2.0        1.0       -1.0       -8.0       -1.0       -1.0 =      648.0
       1.0       10.0        9.0       -4.0       -3.0        8.0        5.0       -3.0        7.0        9.0       -2.0        8.0        7.0       -5.0       -5.0        5.0       10.0     -323.0      -10.0       10.0        9.0       -8.0       -9.0       -6.0        5.0       10.0       -2.0       -9.0       -8.0       -7.0        4.0        2.0       -8.0       -2.0        2.0        7.0        1.0       -5.0        9.0        0.0       10.0       10.0        6.0       -9.0       -3.0       -5.0        0.0        2.0        6.0       -9.0        8.0        2.0       -1.0       -2.0       -1.0        6.0 =    -1044.0
       0.0       -7.0        8.0       -5.0       -1.0        0.0        6.0        0.0        4.0       -6.0        9.0       -6.0        1.0        1.0        5.0        1.0        2.0       -7.0     -234.0       -3.0        2.0       -6.0       -4.0        2.0        9.0        4.0       -3.0        2.0       -4.0       -2.0        0.0       -1.0       -1.0       -7.0        3.0        0.0        1.0        7.0       10.0        8.0       -9.0        8.0        7.0       -4.0       -6.0        3.0       -4.0        9.0        3.0        4.0       -1.0       -5.0        3.0        3.0       -6.0       -8.0 =     1290.0
      -2.0        9.0       -3.0       -6.0       -2.0        4.0       -1.0        1.0       -9.0        8.0        3.0       -1.0       -2.0       -8.0        5.0       -8.0        9.0       -7.0        1.0      301.0       -7.0        6.0       -2.0        1.0       -2.0       -3.0       -9.0       -8.0        7.0        3.0        9.0        9.0       10.0        7.0       -4.0        6.0        9.0      -10.0       -1.0        7.0       -8.0      -10.0       -7.0        2.0       -3.0       -1.0        4.0       -5.0       -9.0       -5.0       -6.0        7.0       -4.0       -3.0       10.0       -4.0 =      556.0
      -7.0       -5.0        8.0       -3.0        1.0       -1.0       -5.0       -4.0       -7.0        3.0       -9.0       -4.0       -9.0        1.0       -4.0       -6.0        5.0        6.0       -4.0       -2.0     -260.0       -2.0        3.0        2.0        5.0       -7.0        5.0       -4.0       -8.0        1.0        6.0       -5.0       -8.0       -1.0        3.0       -8.0        1.0        4.0        1.0       -8.0        8.0       -1.0        7.0       -1.0        0.0       -5.0      -10.0        1.0        6.0       -9.0       -3.0        5.0       10.0       -1.0        8.0        1.0 =      930.0
       6.0        7.0       -3.0        6.0        6.0       -4.0       -3.0       -9.0       -3.0        6.0       -9.0        3.0        4.0       -3.0        1.0        5.0       -1.0        0.0        7.0        7.0        3.0     -244.0      -10.0       -6.0      -10.0        2.0       -4.0       -2.0        0.0       -2.0       -4.0        4.0       -1.0        9.0       10.0        6.0        3.0        4.0        7.0        0.0        1.0       -2.0       -2.0       -1.0        3.0       -8.0       -6.0       -6.0        5.0        9.0        0.0       -3.0       -6.0        7.0        1.0        4.0 =     1944.0
       2.0        8.0        6.0       -9.0       -8.0        4.0       -4.0       10.0        3.0       -2.0        9.0       -3.0        7.0        9.0       10.0       -1.0       -8.0       10.0        5.0        2.0        4.0       -9.0      305.0        1.0        4.0        3.0        9.0        2.0       -1.0       -4.0       -6.0       -5.0        4.0        1.0       -6.0       -4.0        8.0       -8.0        1.0       -5.0       -6.0       -4.0        9.0       -3.0       -9.0        3.0        9.0       10.0        2.0        8.0        4.0        8.0        4.0        5.0        7.0       -3.0 =    -1164.0
      10.0        9.0        9.0       -5.0        7.0        5.0       -1.0       -8.0       -7.0        5.0        9.0        8.0        1.0       -7.0        8.0       -2.0        2.0       -2.0        9.0        7.0       -7.0        6.0       -3.0     -305.0       -9.0       -3.0        6.0        7.0       -2.0       -9.0       -6.0        3.0       -3.0       -3.0      -10.0       -7.0        7.0       -2.0       -4.0        8.0        8.0       -9.0        5.0        8.0        0.0      -10.0       -7.0       -2.0        6.0       -1.0      -10.0        1.0       -8.0        1.0        1.0        1.0 =    -2655.0
       0.0       -2.0        8.0        6.0        1.0        2.0        7.0       -5.0       -2.0        4.0       -8.0        7.0        1.0       -3.0        7.0       -5.0        6.0       -2.0        3.0       -1.0        3.0       -9.0       -7.0       -5.0     -296.0        7.0       -7.0      -10.0        8.0       -9.0        9.0       -1.0       -7.0        6.0        8.0       -1.0        1.0        1.0        5.0        5.0       -5.0        7.0       10.0        6.0       -6.0        8.0       -6.0       -7.0      -10.0        7.0        0.0       10.0       10.0       -5.0        0.0        7.0 =    -1245.0
       3.0        7.0        4.0       -2.0        0.0        5.0        6.0       -7.0        8.0       -5.0        5.0        5.0        9.0        7.0        1.0       -1.0        5.0        0.0       -4.0        7.0       10.0       -1.0       10.0       -3.0       -3.0      295.0       -3.0        6.0       -8.0      -10.0        5.0        4.0       -4.0       -4.0       10.0       -1.0        4.0       10.0       -6.0        9.0       -8.0       -4.0        0.0       -4.0      -10.0        0.0       -3.0       -3.0        2.0       -7.0       -9.0        6.0       -9.0       -9.0        7.0        4.0 =      326.0
       5.0        6.0       -9.0       -7.0        6.0       -3.0       -8.0        5.0        5.0        6.0       -2.0        2.0        3.0        9.0      -10.0        2.0       -8.0       -6.0        9.0       -2.0       -5.0        1.0        9.0        0.0        4.0        0.0      299.0        7.0       -8.0        0.0        9.0       -9.0       10.0        8.0       -7.0        6.0       -6.0        6.0       -2.0       -9.0        2.0        6.0       -1.0       -5.0        8.0       -3.0       -6.0       -3.0        0.0       -3.0       -3.0        2.0        8.0       -8.0        8.0       -8.0 =     2480.0
       2.0       -6.0        5.0        5.0        4.0       -2.0       -5.0       -4.0        4.0        6.0        9.0       -8.0       -1.0        7.0        9.0        9.0        1.0      -10.0        6.0        8.0        5.0        7.0        0.0        5.0       -3.0       -9.0        9.0     -292.0       -5.0        9.0        0.0       -7.0        3.0        7.0       -2.0        1.0       -9.0       10.0       -6.0        8.0        8.0        0.0       -1.0        0.0        6.0        4.0       -6.0       -5.0        8.0        9.0        4.0        6.0        9.0        5.0        4.0        1.0 =     -534.0
      -2.0       -8.0        6.0        8.0        1.0        1.0       -8.0        7.0        7.0        1.0       -1.0       -1.0       -1.0       -6.0        3.0       -1.0        6.0        0.0       -3.0        7.0       -9.0        2.0        2.0       -7.0        9.0        7.0        0.0       -1.0     -259.0       -9.0        4.0        7.0       -6.0       -2.0       -2.0       -7.0        6.0        8.0        0.0        7.0       -4.0        9.0        6.0        2.0        4.0       -4.0        3.0        1.0       -8.0        5.0       10.0        4.0        1.0       10.0       -5.0        4.0 =      196.0
       4.0       -5.0        4.0        8.0       -3.0        7.0      -10.0       10.0        3.0       -9.0        8.0        7.0        8.0       -9.0       -9.0       -1.0        1.0       -3.0       -3.0        2.0       -4.0       -4.0        6.0        3.0       -1.0       -2.0       -7.0        4.0       -2.0     -310.0       -6.0        9.0       -8.0       10.0       -7.0       -5.0        8.0       -3.0       -3.0        3.0        9.0        2.0        8.0       -8.0       -2.0        6.0        4.0        8.0       -4.0        4.0       -4.0        4.0       -4.0        9.0      -10.0       -8.0 =        0.0
       2.0       -7.0       -5.0       -6.0        8.0        1.0        3.0       -5.0       -1.0       -9.0       -5.0       -4.0        9.0        9.0        7.0       -9.0       -8.0        0.0       -8.0       -6.0        4.0       -2.0        3.0        2.0      -10.0        3.0       -6.0       -9.0       -1.0        8.0     -294.0       -8.0       -2.0        6.0       -4.0        8.0      -10.0       -5.0       10.0       -2.0        0.0       -8.0        6.0        2.0       -5.0        2.0        3.0       -6.0        1.0       -6.0        8.0       -2.0        3.0       10.0        3.0        6.0 =     -978.0
       6.0        4.0      -10.0       -5.0       -7.0       -7.0       -5.0       -4.0        5.0        3.0        4.0        8.0        2.0        9.0        5.0       10.0        4.0       -2.0        4.0        8.0       10.0       -9.0       -1.0        1.0        2.0       -2.0       10.0        6.0       -6.0        0.0       -6.0     -285.0        2.0        0.0        7.0       -2.0       -4.0       -4.0       -5.0        7.0       -8.0        2.0       -1.0        3.0        7.0        5.0        7.0        7.0      -10.0        8.0       -3.0        8.0        3.0       -5.0        7.0       -2.0 =     -657.0
      -3.0       -6.0        7.0        7.0       -9.0        4.0        3.0       10.0       -2.0        5.0       -1.0       -2.0        2.0        0.0       -4.0       -1.0        6.0       -8.0       -9.0       -8.0       10.0       -1.0       -5.0       -8.0        4.0        4.0        4.0       -9.0        6.0        2.0       -4.0        7.0     -265.0       -4.0        6.0        0.0        7.0       -1.0       -8.0        2.0       -3.0        3.0        1.0        8.0        3.0       -9.0      -10.0       -5.0       -8.0       -4.0        5.0       -1.0       -2.0        6.0        4.0       -1.0 =    -1100.0
       8.0       -9.0        1.0        3.0        5.0        0.0        1.0        6.0       -8.0       -9.0       -5.0        7.0       -8.0       -2.0        5.0        9.0      -10.0       -1.0       -4.0       -4.0       -8.0      -10.0        8.0       -5.0        2.0        9.0       -7.0        0.0        1.0        1.0        5.0        5.0        8.0      284.0        2.0        8.0       -7.0      -10.0        6.0        6.0       -4.0        1.0        3.0       -9.0       -4.0        0.0       -8.0        7.0        7.0        5.0       -4.0       -5.0        2.0       -5.0        3.0        3.0 =     1650.0
      -8.0        7.0       -1.0        7.0        2.0        3.0       -2.0       -2.0       -1.0       -3.0        5.0        7.0        0.0       -8.0        4.0       -5.0        3.0        6.0        4.0       -9.0        9.0       -4.0       10.0       -8.0       -8.0       -9.0        6.0        2.0       -4.0       -4.0       -6.0       -1.0       -8.0        9.0      313.0       -9.0       -1.0        0.0       -9.0       -4.0        9.0       -6.0       -4.0        8.0        1.0        5.0       -8.0       -8.0        8.0        9.0       -9.0       -4.0       -5.0        8.0       -5.0        9.0 =    -1164.0
      -6.0        0.0        2.0       -1.0        2.0       -6.0       -3.0        5.0       -1.0        9.0        4.0       -7.0        4.0       -9.0       -8.0        0.0       -5.0       10.0        9.0        8.0        1.0       -2.0       -7.0        6.0       -5.0        6.0       -4.0      -10.0        1.0       -6.0        7.0        8.0        5.0       -8.0        8.0     -293.0       -6.0        4.0        9.0       -4.0       -9.0       -1.0        6.0        4.0       -6.0        8.0       -2.0        4.0        2.0        9.0       -5.0        1.0        8.0       -7.0       -7.0       -3.0 =     1405.0
      -5.0       -9.0        7.0       -1.0       -3.0       -3.0        6.0       -7.0        2.0       -7.0       10.0        4.0        4.0      -10.0       -9.0        6.0        7.0       -2.0       -7.0       -4.0        0.0        1.0       10.0      -10.0       -1.0        9.0        5.0       -8.0       -1.0       -7.0       -4.0       -2.0       -6.0        5.0        6.0       -3.0     -299.0       -7.0       -4.0      -10.0       -5.0        2.0       -4.0        7.0        0.0       -7.0       -9.0        5.0       -9.0       -2.0        4.0       -6.0       -6.0        5.0        6.0       -1.0 =    -1468.0
      -9.0       -6.0        0.0       -5.0        5.0        9.0       -8.0       -9.0        0.0        4.0       -1.0        8.0       -9.0        4.0        3.0        3.0       -4.0        0.0       -5.0       -8.0       -7.0        4.0        6.0        5.0        3.0        8.0        6.0        0.0       -7.0       -4.0       -3.0       -2.0       -4.0        9.0        4.0       -2.0       -8.0      293.0        2.0        8.0       -2.0       -2.0        7.0        3.0       -5.0       -7.0        9.0        2.0       -9.0       -7.0       -9.0        5.0       -3.0        6.0        9.0        7.0 =      574.0
      10.0        4.0        8.0       -6.0      -10.0       -8.0       -5.0        5.0        2.0        6.0       -2.0       10.0       -5.0        1.0       -1.0       -3.0        5.0       -4.0        2.0       10.0        9.0        1.0       -6.0       -3.0        6.0       -6.0       -4.0        9.0        2.0        7.0        4.0        0.0        3.0        4.0        2.0       -2.0       -8.0        4.0      278.0       -9.0      -10.0      -10.0       -1.0       -3.0        1.0        0.0       -3.0        3.0        4.0        8.0        3.0       -7.0       -2.0        5.0       -4.0       -8.0 =      572.0
      10.0       -9.0       -9.0        8.0        5.0        3.0       -8.0       -4.0        6.0       -5.0       -6.0        1.0       -3.0       -1.0        6.0       -5.0        7.0       -3.0        8.0       -4.0       -7.0        5.0        6.0       -8.0       -5.0       -2.0       -2.0        8.0       -8.0        8.0       -4.0        4.0       -5.0        8.0       -8.0       -2.0        7.0       10.0       10.0      322.0        8.0        8.0        9.0       -9.0        2.0        7.0        7.0       -8.0       -5.0       -1.0        4.0       -3.0        1.0        7.0       -1.0       10.0 =    -2220.0
       5.0       -8.0        7.0       -9.0        1.0        1.0        7.0        1.0       -7.0       -6.0       -2.0        0.0        0.0       -3.0        8.0        1.0       -3.0       -2.0        9.0        8.0        3.0        5.0       -3.0        7.0       -6.0       -7.0        9.0        5.0       -4.0       -2.0       -5.0        0.0        9.0        5.0        6.0        5.0        9.0       -6.0       -5.0       -6.0      265.0        6.0        4.0       -4.0        8.0       -3.0        0.0       -3.0       -7.0       -4.0       -2.0       -5.0        4.0        1.0        8.0       -1.0 =     2058.0
       6.0        6.0        6.0       -2.0       -2.0        6.0        0.0       10.0       -4.0        6.0       -2.0       10.0      -10.0        4.0       -6.0        5.0       -3.0       -6.0        1.0        0.0        7.0        4.0       -3.0        2.0        9.0       -4.0       10.0        8.0        1.0        5.0       -2.0        1.0       -7.0        0.0        6.0        8.0       -4.0       -5.0        8.0       -2.0       -3.0      256.0       -1.0        6.0       -8.0        0.0        9.0       -5.0        7.0       -7.0       -2.0        0.0        5.0       -2.0        3.0       -6.0 =     1276.0
       3.0        3.0        1.0       -2.0       -3.0        3.0       -6.0       -7.0       -7.0        6.0        2.0       -4.0       -7.0       -3.0       -3.0        2.0        1.0        0.0        0.0       -7.0      -10.0        8.0       -1.0       -3.0       -1.0        5.0       -6.0        3.0       -1.0       10.0       -7.0       -9.0       -7.0       -1.0        9.0       10.0       -9.0        7.0        5.0        3.0       -8.0       -1.0      263.0        2.0        1.0        4.0        9.0       -5.0        6.0        6.0        9.0        0.0       -6.0       -5.0        1.0       -7.0 =     -246.0
       0.0       -4.0       -6.0        0.0       -2.0       -5.0        9.0       -4.0       -1.0       -3.0        7.0        1.0        7.0        6.0      -10.0        9.0        8.0       -3.0        7.0       -3.0       -6.0       -5.0        6.0        4.0       -4.0        3.0        7.0       -5.0        5.0      -10.0       -5.0       -8.0        7.0       -8.0        8.0        5.0       -7.0       -7.0        1.0       -7.0        2.0       -7.0        7.0     -279.0       -5.0        0.0       -3.0        0.0       -8.0       -1.0        9.0        0.0       -4.0       -5.0        8.0        6.0 =      293.0
       6.0        0.0        8.0        0.0        4.0       -2.0        8.0        3.0        7.0        1.0        0.0       -7.0       -8.0      -10.0       -9.0        3.0        5.0       -1.0        3.0       -3.0       -7.0       -7.0        9.0        1.0        4.0       -7.0        4.0       -8.0       -1.0       -1.0       -8.0        0.0       -3.0       -1.0       -2.0       -4.0       -3.0        0.0        4.0       -4.0        4.0        9.0        5.0        0.0      244.0        1.0       -9.0        4.0       -5.0        7.0       -7.0       -8.0        7.0        6.0       -4.0       -1.0 =     1362.0
       8.0        8.0       -7.0        5.0        4.0       -7.0        3.0        7.0        9.0       -5.0        6.0       -4.0        3.0      -10.0       -4.0        0.0       -3.0       -7.0       -7.0       -3.0       -2.0        9.0       -9.0        9.0        9.0        2.0       -8.0        8.0       -5.0       -2.0        1.0        7.0       -8.0       -4.0       -3.0        0.0        7.0        4.0        0.0        5.0       -5.0        7.0       -1.0        4.0        6.0      293.0        0.0       -2.0       -9.0      -10.0        2.0      -10.0       -7.0       -8.0       -6.0        3.0 =    -2184.0
       0.0       -4.0       -6.0        1.0        4.0       -5.0        1.0       -9.0       -9.0        8.0       10.0        7.0        2.0        9.0        6.0       -6.0       -2.0       -7.0        2.0        2.0        3.0       -1.0       -3.0      -10.0        4.0        3.0       -9.0       -8.0        2.0       -9.0        6.0       -5.0       -5.0      -10.0       -7.0       -4.0       -2.0        1.0        0.0        4.0       -6.0       -9.0        2.0        4.0        3.0       -4.0     -268.0       -1.0        6.0       -2.0       -9.0        0.0       -4.0       -1.0        3.0        9.0 =    -1615.0
       5.0       -4.0       -9.0       -2.0        4.0       -5.0        8.0       -6.0      -10.0       -7.0        7.0       -6.0       -8.0        2.0       -6.0       10.0        0.0       -4.0       -2.0        2.0        5.0        4.0       -6.0        4.0        6.0       -2.0        9.0        0.0       -4.0        6.0       -2.0        4.0       -4.0       -5.0       -3.0        5.0        3.0        5.0       -4.0       -3.0        2.0        2.0       -9.0      -10.0        8.0       -8.0        0.0      290.0        6.0       10.0        9.0       -4.0        4.0        7.0       -9.0       -1.0 =      284.0
      -9.0        7.0       10.0        8.0       -1.0       -5.0        8.0       -7.0       -7.0       -7.0        6.0        7.0        7.0        5.0        8.0        9.0      -10.0       -3.0       -3.0       -7.0        8.0        2.0        6.0        5.0        4.0       -4.0        3.0       -4.0        7.0        9.0        5.0        1.0        8.0        7.0       -7.0        7.0       -7.0       -7.0        2.0        5.0       -6.0        7.0       -4.0      -10.0        7.0       -3.0        4.0       -7.0     -323.0        6.0        1.0        6.0       -1.0       -7.0        3.0        8.0 =     1265.0
     -10.0        7.0       -1.0       -9.0        9.0       -5.0        3.0        2.0       -2.0        6.0       -2.0       -8.0        3.0       -5.0        5.0       -4.0        9.0        1.0       -7.0        0.0       -6.0        5.0       -7.0       -5.0       -8.0        4.0       -6.0       -9.0        0.0        5.0        6.0        7.0       -2.0        7.0        3.0       -5.0       -7.0       -3.0        1.0       -5.0        8.0        2.0       -2.0       -5.0       -4.0        5.0        9.0       -4.0       -6.0     -265.0        1.0       -7.0        1.0       -1.0        9.0       -2.0 =     1176.0
       7.0       -4.0        3.0        6.0       -5.0        2.0       -1.0        4.0       -2.0       -7.0        8.0        7.0        1.0       -9.0       -1.0        3.0       -8.0       -7.0        3.0        8.0       -3.0       -3.0       -6.0        8.0        5.0        3.0       -3.0       -1.0        9.0       -6.0       -8.0        1.0       -3.0        3.0       -3.0       10.0       -7.0        0.0        4.0        9.0       -2.0        7.0       -1.0       -6.0       -9.0       -5.0        1.0        3.0       -5.0       -8.0     -268.0        7.0        0.0       -5.0        5.0        4.0 =      795.0
      -8.0        7.0        6.0       -7.0        5.0        4.0       -4.0        6.0        6.0        9.0        9.0        7.0        1.0       -6.0        1.0        0.0       -7.0        3.0       -1.0       -3.0       -9.0      -10.0       -4.0        2.0        3.0       -6.0       -5.0       -3.0        4.0       -1.0        5.0        6.0        9.0       -3.0       -9.0        1.0        1.0        0.0       -9.0        5.0       -7.0      -10.0        6.0       -6.0       -6.0      -10.0        3.0       -3.0        0.0       -1.0       -8.0     -283.0        4.0       -8.0       -8.0       -8.0 =    -1360.0
      -9.0        1.0       -3.0        9.0       -2.0        5.0        8.0        0.0       -9.0       -7.0        1.0       -6.0       -7.0        7.0        8.0      -10.0        1.0        2.0        3.0        7.0        2.0      -10.0        3.0       -6.0        2.0        6.0        1.0       10.0        6.0        1.0       -3.0       10.0        1.0        6.0       -3.0        5.0        8.0        8.0       -2.0        3.0       -9.0       -1.0       -8.0        4.0        6.0       -4.0        1.0       -1.0       -5.0        6.0        0.0       -8.0      278.0       -8.0       -1.0        8.0 =      610.0
      -7.0      -10.0        0.0        5.0       -4.0       10.0       -9.0       -6.0        2.0        9.0       -3.0       10.0      -10.0        2.0        1.0       -4.0        6.0       -9.0        1.0       -9.0        0.0       -1.0        4.0        6.0        8.0        3.0        5.0        0.0        5.0        3.0       -5.0      -10.0       -3.0        3.0       -4.0        3.0        7.0        2.0        7.0       -6.0       -1.0       -5.0        7.0       -6.0        8.0        0.0       -1.0        8.0       -3.0       -3.0       -2.0       -3.0        7.0      267.0        6.0        4.0 =      855.0
       8.0       -5.0       -2.0       -9.0       -2.0       -9.0        6.0        7.0        9.0       -3.0       -7.0       -4.0       -2.0       -4.0        0.0        2.0       10.0        0.0        6.0        3.0        3.0       -2.0       -6.0        1.0      -10.0       10.0       -6.0        0.0        8.0       -9.0       -3.0        4.0       -8.0       -8.0       -4.0        3.0        7.0        8.0       -1.0        4.0        4.0        1.0        4.0        3.0       -4.0       -5.0        0.0       -2.0        0.0       -8.0       -8.0       -4.0        6.0        6.0     -271.0       -4.0 =     -861.0
      -2.0       -2.0       -1.0        4.0       -6.0        3.0       -8.0      -10.0      -10.0        2.0       -4.0        9.0        4.0       -6.0        9.0        2.0        3.0        3.0       -9.0       -2.0        7.0       -1.0        5.0       -9.0        5.0       -6.0        9.0        7.0       -5.0        9.0        8.0        8.0        3.0       -9.0        1.0       -1.0       -6.0        2.0       -4.0       -3.0        0.0        5.0       -2.0        8.0        6.0       -5.0        9.0        7.0       -2.0       -3.0        0.0        5.0        0.0        0.0        9.0      272.0 =     1540.0

      -9.0       -4.0       -4.0        3.0       -2.0       -7.0        9.0       -9.0        3.0        0.0        9.0       -3.0        1.0       -3.0       -8.0        9.0       -3.0        4.0       -6.0        2.0       -3.0       -9.0       -3.0        9.0        5.0        1.0        8.0        3.0       -1.0        0.0        3.0        3.0        4.0        6.0       -4.0       -5.0        4.0        2.0        2.0       -6.0        7.0        4.0       -1.0       -1.0        6.0       -8.0        5.0        1.0       -5.0       -4.0       -3.0        4.0        2.0        3.0        3.0        5.0
