58
     363.0       -1.0       -4.0        4.0       -8.0       -9.0       -6.0       -2.0       -3.0        7.0       -3.0       -9.0        5.0        8.0        3.0       -2.0       -7.0        8.0      -10.0        1.0       -4.0        5.0       10.0      -10.0       -9.0        9.0        6.0        2.0        9.0       -8.0        3.0        8.0       -4.0        9.0       -9.0      -10.0        5.0        9.0        3.0        9.0       -5.0        7.0        5.0        9.0       -7.0        9.0        0.0       -9.0        9.0        6.0        2.0        6.0       -3.0        3.0       -4.0      -10.0       -9.0        9.0 =      772.0
       5.0      287.0       -7.0       -1.0       -1.0       10.0        3.0        4.0        1.0       -5.0       -8.0        7.0        4.0       -8.0       -5.0       -7.0       -1.0       -9.0        5.0        5.0        6.0        7.0        8.0        7.0        4.0       -3.0        2.0       -3.0        0.0       -8.0        4.0       -5.0       -9.0        6.0       -6.0      -10.0        5.0       -1.0        4.0        5.0       -9.0       -3.0       -8.0       -3.0       -6.0        2.0       -6.0       -3.0       -8.0       -5.0        1.0        4.0       -7.0        1.0       10.0        6.0       -1.0        0.0 =      771.0
       9.0        5.0     -308.0       -1.0        2.0       -9.0       -6.0        2.0       -8.0       -8.0        0.0        5.0        3.0      -10.0        4.0       -5.0       -4.0       -9.0        3.0       -6.0       -9.0        6.0        2.0        2.0        9.0      -10.0        5.0        4.0      -10.0        8.0       -6.0        2.0        4.0        8.0       -2.0        9.0        2.0        1.0        1.0       -7.0        6.0       -3.0       -3.0       -7.0       -8.0       -7.0       -4.0       -3.0        0.0        1.0        9.0        7.0       -7.0        9.0       -3.0       10.0        1.0        7.0 =    -1585.0
      -3.0       -3.0        6.0     -258.0       -4.0       -7.0       -6.0       -4.0       -5.0        9.0       -4.0       -7.0       -2.0        4.0       -8.0        1.0       -9.0       -9.0       -5.0        5.0        2.0        2.0        6.0        9.0        6.0        2.0        7.0       -1.0        3.0       -2.0        1.0       -4.0        1.0        6.0       -4.0       -1.0        0.0       -5.0       -6.0       -1.0        1.0        1.0        1.0        5.0        4.0        1.0       -8.0       -5.0       -8.0        0.0       -6.0       -9.0       -2.0        6.0       -9.0       -9.0        5.0        4.0 =     -316.0
       9.0        5.0       -9.0       10.0     -308.0        3.0        2.0        8.0        5.0       -3.0        8.0       -7.0       10.0        0.0        0.0        0.0       -6.0        3.0        8.0       -3.0       -1.0       -7.0        9.0       -4.0       -3.0       -4.0        4.0       -3.0       -7.0        5.0       -7.0       -2.0       -2.0       -8.0       -6.0        8.0        1.0        8.0        1.0       -8.0        8.0       -1.0        9.0        8.0        6.0        6.0        8.0        5.0       10.0       -6.0       -6.0       -2.0        3.0       -2.0        9.0        9.0       -3.0       -2.0 =        0.0
     -10.0        8.0        7.0        5.0       -9.0      309.0       -5.0        5.0       -5.0        9.0        0.0        9.0        1.0        7.0        0.0       -6.0       -9.0       -3.0        5.0       -7.0       -9.0        8.0       -5.0        7.0      -10.0        6.0        4.0        1.0       -4.0       -5.0       10.0        0.0       -3.0        4.0       -5.0        5.0        7.0       -4.0        2.0       -7.0        7.0       -3.0       -7.0       -5.0       -3.0       -8.0       -8.0        5.0        7.0        2.0       -4.0       -3.0       -5.0       -4.0       -5.0        6.0        2.0       -2.0 =    -1140.0
      -4.0       -7.0       -4.0        4.0        4.0       -4.0     -252.0        6.0        4.0        4.0       -7.0        4.0        2.0        2.0        6.0        9.0       -7.0        1.0        9.0       -2.0        8.0       -9.0        1.0       -1.0       -8.0        4.0        2.0        0.0       -1.0        3.0        5.0        6.0        4.0       -7.0       -7.0        1.0       -1.0       -1.0        6.0        9.0       -8.0        3.0       -3.0       -9.0        0.0       -6.0        1.0       -8.0       -5.0       -6.0       -4.0        0.0       10.0       -4.0        2.0       -3.0       -4.0        1.0 =    -1566.0
      -3.0        5.0        8.0       -2.0        4.0        9.0       -4.0      276.0       -1.0        3.0       -9.0       -3.0       -8.0       -7.0        1.0       10.0       -5.0        5.0        9.0        4.0       -8.0        2.0       -4.0       -5.0       -9.0       -1.0       -4.0        3.0        1.0        4.0        5.0       -8.0        7.0        3.0       -3.0       -7.0        5.0        6.0       -9.0       -5.0        0.0       -1.0        3.0        2.0       -2.0       -9.0       -9.0        0.0        7.0        6.0      -10.0       -1.0       -3.0       -2.0        5.0       -7.0        1.0       -1.0 =    -1952.0
      -1.0        5.0        2.0       -9.0       -2.0        0.0       -8.0        1.0     -269.0        6.0       -7.0        5.0        1.0       -7.0       -7.0       -8.0        2.0       -9.0        5.0        0.0        9.0        8.0        3.0        6.0       -7.0        3.0       -1.0       -4.0        7.0        4.0       -3.0        6.0        7.0      -10.0       -7.0        4.0        5.0       -9.0        6.0        1.0       -9.0       -7.0        4.0       -8.0       -6.0        2.0        1.0       -9.0        0.0       -1.0        1.0       -2.0       -1.0        0.0        0.0        2.0       10.0       -8.0 =    -1515.0
       0.0       -3.0        9.0        7.0       -7.0        8.0        7.0        5.0        9.0     -317.0       -4.0       -4.0        5.0       -8.0       -7.0       -1.0        5.0        9.0       -6.0        0.0       -5.0        9.0       -9.0        2.0        6.0        9.0        8.0        8.0       -1.0        1.0        0.0       -4.0      -10.0       10.0       -9.0       -4.0        2.0        8.0       -3.0       -5.0        5.0        6.0      -10.0        3.0       -4.0        5.0       10.0       -4.0        1.0        3.0       -6.0        5.0       -8.0       -4.0        9.0        0.0        6.0       -7.0 =     1350.0
      -1.0       10.0       -1.0        5.0       -9.0       -7.0        8.0       -4.0        7.0        2.0      284.0       -5.0        6.0        6.0        3.0        0.0       -7.0        6.0        2.0       -1.0       -4.0        7.0       -8.0       -4.0        7.0        2.0        6.0       -6.0        8.0        4.0        6.0        1.0        0.0       10.0       -5.0       -3.0        8.0       -8.0       -7.0       -8.0        1.0        6.0       -6.0       -7.0       -3.0        0.0        3.0       -5.0       -6.0       -8.0       -5.0        4.0        0.0        4.0        1.0       -9.0        5.0       -2.0 =    -2830.0
      -3.0        0.0       -8.0        3.0       -7.0       -1.0        2.0       -9.0        5.0        2.0        6.0     -292.0        3.0       10.0       -7.0        5.0        8.0        3.0       -7.0       -5.0       -2.0        0.0       -1.0       10.0       -7.0        6.0       -3.0       -2.0        6.0      -10.0       -7.0        5.0        6.0       -8.0       -1.0       -1.0        2.0       -7.0       -6.0       -7.0       -6.0       -9.0       -3.0        1.0       -3.0       -6.0        1.0       -7.0        0.0        9.0       10.0       -8.0       -6.0       -5.0       -8.0        0.0        8.0        4.0 =     2776.0
       2.0        8.0       -9.0        6.0       -7.0        9.0        6.0       -1.0        4.0       -4.0        4.0       -4.0     -273.0        1.0        9.0        0.0       -1.0        8.0        8.0        0.0       -4.0        4.0       -9.0        3.0       -9.0        7.0        1.0        9.0       -5.0       -2.0       -6.0        2.0       -2.0        9.0       -7.0        5.0       -2.0        8.0       -5.0       -4.0       -7.0        5.0        5.0        7.0        2.0        5.0       -4.0        4.0       -2.0        1.0        0.0       -8.0       -1.0        4.0        0.0        9.0        4.0       -7.0 =     1568.0
       2.0      -10.0       -9.0        2.0        0.0        5.0        4.0       -3.0       -2.0        7.0       -4.0       -9.0        0.0      298.0        7.0        7.0        4.0       -1.0       -5.0       -9.0        2.0        4.0        0.0       -6.0       -3.0        1.0       -4.0       -8.0        7.0        5.0        0.0       -9.0        4.0        4.0       -7.0       -2.0       -8.0      -10.0        6.0        3.0        9.0        9.0        6.0      -10.0        3.0        9.0       -5.0       -6.0       -2.0        8.0       -5.0        5.0       -2.0        9.0       -6.0        9.0        5.0       -2.0 =     2376.0
       4.0       -9.0       -1.0       -2.0        8.0       -7.0        1.0        3.0        9.0        5.0       -7.0        6.0       -9.0       -2.0     -283.0      -10.0        1.0        2.0        5.0       -2.0       -8.0       -3.0        0.0       -1.0        5.0        9.0        9.0       -6.0       -8.0        5.0       -1.0        6.0        9.0        5.0        2.0       -1.0       -5.0       -5.0       -4.0       -9.0       -6.0        4.0        7.0       -5.0        8.0       -2.0       -1.0        3.0        1.0        9.0        6.0       -1.0       -6.0       -2.0        3.0        2.0        8.0        7.0 =      762.0
       9.0      -10.0       -5.0        6.0       -3.0       -9.0        9.0       -9.0        7.0       -9.0        1.0        8.0        8.0       -3.0       -4.0     -324.0        6.0        5.0       -5.0        1.0       10.0       -1.0       -8.0       -2.0        7.0       -5.0        8.0       -7.0       -4.0       -1.0        8.0        6.0       -4.0        3.0       -2.0        8.0       -5.0        6.0       -7.0        5.0        7.0        0.0       -7.0        9.0       -2.0        2.0        0.0        0.0       -7.0       10.0        1.0        6.0        9.0       -9.0        8.0        7.0       -5.0       -6.0 =    -2830.0
      -5.0       -4.0        5.0       -1.0       -1.0        0.0        2.0       -7.0        2.0        3.0        3.0        5.0       -3.0       10.0        9.0       -6.0      266.0        4.0        7.0       -3.0       -6.0        5.0        3.0        2.0        5.0       -6.0       -4.0       -6.0        0.0        2.0        6.0       -7.0        6.0        7.0       -8.0      -10.0       -4.0       -7.0       -3.0        5.0       -7.0       -6.0        1.0       -2.0        3.0       -5.0       -9.0       -1.0        4.0        2.0        9.0        6.0        4.0       -5.0        1.0        7.0        1.0       -9.0 =     1820.0
       7.0        3.0        8.0       -6.0       -4.0        1.0       -2.0       -7.0        5.0       -3.0       -5.0       -2.0        9.0       -2.0        2.0        3.0        5.0     -298.0       -6.0       10.0      -10.0        8.0       -4.0       -5.0        4.0       -4.0       -3.0       -7.0       -9.0       -1.0        7.0        7.0        7.0       -5.0       -1.0        1.0       -4.0        2.0       -9.0        9.0       -6.0       -9.0        3.0       -4.0        7.0        9.0       -5.0        3.0        3.0       -6.0       -4.0        8.0       -7.0      -10.0        0.0        1.0       -3.0        7.0 =     1560.0
       4.0        2.0        4.0       -7.0       -8.0       -4.0       -2.0       -7.0        3.0        4.0       -4.0       -2.0       -4.0        9.0       -1.0        9.0        1.0        9.0     -306.0       -9.0       -3.0       -9.0       -5.0       -8.0        3.0       -2.0        9.0        2.0       -8.0        0.0        4.0       -9.0       -9.0       -5.0        7.0       -7.0        5.0       -7.0       -5.0       -7.0        0.0       -9.0       -8.0       -9.0       -5.0        5.0        6.0        8.0        0.0        4.0        9.0        0.0        6.0        2.0       -9.0       -9.0        1.0        4.0 =     -734.0
      -2.0       -7.0      -10.0        7.0       -6.0        0.0       10.0        1.0        9.0        3.0        7.0       -4.0        6.0       10.0       -4.0       -3.0        8.0      -10.0        5.0      322.0        4.0        1.0        0.0        3.0        5.0        8.0        1.0       -8.0      -10.0       -8.0        8.0        3.0       -6.0        3.0       -5.0        8.0        4.0       -8.0       -5.0       -6.0       -8.0        4.0        1.0       10.0        6.0       -4.0        3.0       -7.0        4.0       -7.0       -3.0       -1.0        0.0       -8.0       10.0        8.0       -7.0        6.0 =    -2046.0
       7.0        7.0        4.0        3.0       -1.0       -7.0        5.0       -2.0        6.0       -5.0        7.0        6.0        6.0        5.0       -1.0       -1.0      -10.0        0.0        2.0        6.0      272.0      -10.0        5.0       -3.0        4.0       -7.0        3.0        8.0        3.0        2.0        1.0        3.0        3.0        1.0        5.0       -3.0       -2.0       -5.0       -8.0        7.0       -7.0       -4.0        7.0        5.0       -8.0        8.0        9.0        4.0        6.0        3.0       -2.0        9.0       -1.0       -6.0       -2.0       -9.0        0.0       -2.0 =     2282.0
       8.0      -10.0       -5.0       -9.0        4.0        0.0        2.0       -5.0        7.0      -10.0        4.0        8.0        2.0      -10.0       -2.0       -5.0        3.0        1.0       -8.0       -4.0        4.0      279.0       -3.0       -5.0        9.0        6.0        4.0        8.0        8.0        0.0       -8.0        3.0        8.0       -7.0       -9.0       10.0        2.0       -1.0       10.0        6.0       -4.0       -7.0        6.0       -3.0        4.0        2.0       -2.0       -1.0        8.0        4.0        1.0       -4.0        2.0       -3.0       -5.0       -1.0       -2.0        1.0 =    -1746.0
      -2.0       -5.0       -8.0        9.0        4.0        6.0       -9.0        0.0       -8.0       -6.0       10.0       -1.0        4.0       -7.0        1.0       -6.0       -9.0        6.0       -7.0        4.0       -1.0        7.0      286.0        0.0        2.0       -1.0       -7.0        8.0       -1.0        4.0       -8.0       -1.0        9.0        3.0       -3.0        9.0       -6.0        9.0       -6.0        0.0        6.0        2.0       -9.0       -8.0       -2.0       -8.0       -1.0       -4.0        6.0        2.0        7.0        2.0       -4.0        3.0       -8.0       -4.0        4.0        2.0 =    -1060.0
      -2.0       -9.0        1.0       -6.0       -7.0       -2.0       -8.0       -1.0       -9.0        5.0       -1.0        9.0       -6.0       -7.0        7.0      -10.0        7.0        5.0        1.0        7.0       -1.0        8.0       -6.0      296.0       -1.0       -2.0       -6.0        8.0       -2.0       -4.0       -3.0        2.0        3.0        1.0        3.0       10.0       -3.0       -4.0       -8.0       -6.0        2.0       -7.0        7.0        9.0        3.0        0.0        1.0        4.0        4.0       -9.0       -7.0       -9.0       -3.0       -7.0        7.0        8.0       -7.0        9.0 =     -528.0
      -6.0       -7.0       -2.0        0.0       -4.0       -5.0        2.0       10.0       -4.0       -3.0        0.0        7.0        9.0        5.0        2.0        7.0        0.0       -3.0       -6.0       -1.0       -1.0       -2.0        3.0       -3.0     -264.0        1.0       -6.0        8.0       -9.0        8.0        6.0        1.0       -1.0        1.0        6.0       10.0       -3.0       -2.0        7.0        3.0       -3.0       -5.0        1.0       -4.0       10.0        8.0       -4.0        7.0        8.0       -4.0       -7.0       -2.0       -1.0        7.0        1.0        4.0        5.0      -10.0 =     -675.0
       5.0       -1.0        8.0        7.0       10.0        4.0       -2.0       -6.0        0.0       -1.0        0.0        0.0       -5.0        3.0       -8.0        7.0       10.0        1.0        0.0       -4.0        2.0       -3.0        6.0       -9.0       -9.0      299.0       10.0       -9.0      -10.0       -5.0        2.0       -2.0        6.0       -5.0        8.0        9.0        5.0        6.0       -2.0        5.0        4.0       -4.0       -6.0       -4.0        9.0       -6.0       -9.0        0.0        6.0       -8.0       -2.0       -6.0        5.0       -4.0        6.0       -7.0       -9.0       -2.0 =    -1475.0
      -9.0       -6.0       -3.0       -5.0       -3.0       -2.0        4.0       -6.0       -1.0        3.0       -6.0        5.0        1.0       -1.0        7.0       -2.0        8.0        9.0        7.0       10.0       -9.0        8.0        7.0       -4.0      -10.0       -8.0     -295.0       -4.0       -6.0        2.0        1.0       -1.0        5.0        8.0        4.0        3.0        0.0       -6.0       -3.0       10.0        0.0       -6.0       -6.0       -8.0        7.0       -4.0        3.0       -7.0       -6.0        8.0        7.0        0.0        9.0        5.0       -4.0        1.0        8.0        5.0 =    -2208.0
      -8.0       -5.0      -10.0       -2.0        8.0       -3.0        4.0       -6.0        7.0       -9.0       -3.0       -5.0        0.0       -9.0       -8.0       -2.0        9.0        0.0        5.0        3.0       -2.0        3.0       -8.0      -10.0       -9.0       -5.0       -5.0     -352.0      -10.0        4.0        7.0        6.0       10.0        6.0        2.0        9.0        2.0       -9.0       -9.0      -10.0        8.0        5.0       -9.0       -9.0      -10.0       -2.0        3.0      -10.0        7.0       -1.0       -8.0        6.0        5.0       -8.0       -6.0       -9.0        1.0       -4.0 =      910.0
       3.0        6.0        2.0       -6.0       -9.0        0.0        7.0       -1.0       -3.0        8.0       10.0        6.0       -2.0        1.0       -9.0        6.0       -7.0        2.0       -6.0       -7.0       10.0        5.0        2.0        4.0        6.0       -8.0        1.0       -1.0     -283.0       -4.0       -1.0       -2.0       -7.0        8.0       -2.0        8.0        1.0       -1.0       -8.0        8.0       -3.0       -2.0       -7.0        1.0       10.0       -4.0       -5.0       -7.0       -4.0        9.0        6.0       -8.0      -10.0        4.0        1.0        9.0        5.0        0.0 =      804.0
       0.0        8.0        1.0      -10.0       -7.0        9.0       -5.0        3.0        9.0        3.0        3.0        3.0        6.0       10.0        6.0       -6.0       -1.0       -1.0       -7.0        2.0        6.0        8.0       -3.0       -6.0       -6.0       -7.0        9.0      -10.0        7.0      314.0       -2.0        7.0       -9.0        4.0       -1.0       -8.0       10.0        3.0       10.0        8.0        0.0        8.0        1.0        5.0       -3.0        1.0        7.0        2.0       -7.0        7.0       -3.0        6.0        6.0        5.0       -4.0        4.0        8.0        5.0 =     2448.0
      -6.0       -1.0       -5.0        5.0       10.0       -8.0        1.0        8.0        7.0       -9.0        1.0        1.0        7.0       -4.0        7.0       -5.0        1.0       -4.0        9.0        4.0        0.0       -4.0       -8.0       -1.0        4.0        5.0        3.0       -3.0       -7.0       -1.0      269.0       -7.0        8.0       -3.0       -3.0       -1.0        5.0        0.0        8.0       -7.0        4.0       -5.0        3.0        0.0        4.0        9.0       -5.0        0.0       -5.0        8.0       -5.0       -6.0        7.0       -5.0        5.0       -2.0       -2.0       -6.0 =     -825.0
       6.0        6.0        4.0       -1.0       -8.0        6.0       -9.0       -9.0        2.0        0.0       -9.0        0.0        3.0       -3.0       -8.0        4.0        2.0        3.0        8.0       -2.0       -3.0        2.0        7.0       -1.0        1.0       -2.0      -10.0        7.0       10.0       -9.0        2.0      276.0      -10.0        8.0       -7.0       -4.0        2.0        1.0        7.0       -8.0       -9.0       -3.0       -6.0        1.0        6.0       -3.0       -8.0        3.0       -3.0        2.0        5.0       -4.0        0.0        8.0        2.0       -7.0        4.0        0.0 =      756.0
      -2.0       -4.0       -8.0       -5.0       -6.0       -3.0        7.0        5.0        4.0       -8.0       -3.0       -8.0       -1.0       -6.0       -2.0       -4.0        8.0        9.0       -7.0       -4.0       -2.0        6.0       -5.0        9.0        6.0      -10.0        6.0        9.0        7.0       -5.0        2.0       -1.0     -292.0       -3.0        7.0       -7.0       -8.0        0.0        1.0       -8.0        2.0       -1.0       -8.0       -1.0       -6.0       -5.0       -4.0       -5.0       -9.0       10.0       -1.0       -3.0        1.0       -3.0        8.0       -1.0       -6.0       -7.0 =    -2555.0
       0.0       -9.0        1.0        4.0        8.0       -5.0        4.0       -8.0       -7.0       -3.0        5.0        4.0       -4.0        7.0       -8.0       -9.0        8.0       -8.0        6.0       -7.0        5.0       10.0        0.0        0.0       10.0        9.0        2.0        1.0       -6.0        4.0       -7.0        0.0       -5.0      327.0       -6.0       -8.0      -10.0       -7.0       -6.0       -1.0       -6.0       -9.0        9.0       -8.0        8.0        8.0      -10.0        3.0        5.0       -9.0        0.0       -3.0        6.0        8.0        7.0       -5.0       -2.0       -2.0 =      582.0
      -9.0        8.0       -8.0       -5.0       -4.0       -6.0        8.0        1.0       -9.0       -7.0       -1.0       -3.0        2.0       -3.0       -8.0       -1.0       -6.0        1.0       -2.0       -3.0        6.0        7.0       -6.0        1.0        5.0        2.0       -3.0       -1.0        4.0      -10.0        0.0        2.0       -8.0       -3.0     -295.0        1.0       -3.0       -7.0        6.0      -10.0        7.0        5.0       -4.0       -7.0       -4.0       -5.0        4.0       -5.0       -8.0       -2.0        3.0        8.0       -5.0        8.0        4.0        9.0        9.0        9.0 =    -2387.0
       8.0        2.0       -5.0       -3.0        3.0        0.0       -3.0        0.0        6.0       -5.0       -8.0        0.0       -3.0       -8.0        9.0        0.0        2.0        6.0        4.0        5.0        6.0        9.0        7.0        6.0       -3.0       -5.0        1.0       -5.0       -6.0        3.0        1.0        1.0       -7.0        2.0       -7.0      262.0       -1.0      -10.0       -6.0       -5.0       -8.0        0.0       -3.0       -7.0       -3.0       -6.0       -6.0       -2.0        8.0        4.0       -6.0        7.0        3.0       -9.0        0.0        4.0       -4.0        1.0 =     1356.0
      -2.0       -6.0        4.0       -8.0       10.0       -6.0       -7.0        4.0        9.0       -7.0       -7.0        9.0        0.0        2.0       -7.0       -2.0      -10.0        3.0        4.0        7.0        3.0       -7.0        7.0        0.0       -4.0        4.0        7.0       -9.0        9.0        2.0        5.0       -5.0       -5.0      -10.0        7.0       -7.0      335.0        3.0        8.0       -7.0       -7.0       -7.0        4.0       -9.0       -4.0        8.0        6.0       -9.0        7.0        5.0        8.0      -10.0       -7.0        1.0        6.0        7.0       -2.0        0.0 =    -1938.0
      -3.0        3.0        1.0        3.0        6.0        0.0       -1.0       -4.0        2.0        6.0       -7.0       -8.0       -6.0        6.0        1.0        4.0        3.0        9.0        8.0       -7.0        6.0       -2.0       -9.0        0.0        9.0       -6.0        1.0        4.0       -1.0       10.0       -2.0        1.0        1.0        4.0       -5.0       -2.0       -9.0     -251.0        2.0       -1.0        7.0      -10.0        6.0        5.0       -8.0       -4.0       -2.0        6.0        0.0        2.0        5.0       -2.0        0.0        2.0        0.0       -3.0       -8.0       -9.0 =     2223.0
       8.0       -3.0        4.0       -4.0      -10.0        7.0       -7.0       -3.0        0.0       -4.0       -5.0       -6.0        7.0       -3.0       -1.0      -10.0       -1.0       -7.0        8.0       -3.0       -9.0       -5.0        3.0       -2.0        1.0        6.0        0.0        3.0      -10.0       -7.0       -6.0       -3.0       -6.0       -7.0        9.0       -4.0       -8.0        8.0      293.0       -3.0       -7.0       -8.0       -6.0       -2.0        9.0        6.0       -5.0        3.0       -6.0       -7.0        0.0        6.0        1.0       -5.0       -3.0        0.0       -9.0       -8.0 =     1611.0
      -4.0        7.0        1.0        7.0        9.0        8.0       -5.0       -7.0        9.0       -1.0       -2.0       -7.0       -8.0        5.0       -5.0        9.0        7.0        4.0        3.0       -2.0        7.0       -8.0       -5.0       -5.0       -8.0        0.0        8.0       -6.0        6.0       -9.0       -8.0      -10.0        8.0        2.0        0.0        6.0        2.0       -5.0       -2.0     -303.0        1.0        7.0       -5.0        4.0       -3.0       -3.0        2.0       -2.0        8.0        7.0       -2.0        0.0        9.0       -5.0        9.0        3.0        1.0       -7.0 =      834.0
      -3.0       -6.0        6.0        3.0        8.0        6.0        6.0       -5.0       -4.0       -2.0       -1.0       -1.0       -1.0        4.0        2.0        5.0        8.0        3.0        3.0       -5.0       -6.0       -2.0       -4.0        3.0       -8.0        0.0        9.0        8.0        6.0        9.0        5.0       -8.0       -4.0        7.0        3.0        3.0        4.0       -2.0        1.0       -4.0      272.0      -10.0        6.0        3.0       -1.0       -7.0       -8.0       -1.0       -4.0        2.0       -6.0        1.0      -10.0       -4.0        8.0       -9.0       -2.0       -8.0 =    -2412.0
       8.0        6.0       -3.0       -5.0        6.0       -3.0        1.0        4.0        7.0       -6.0        9.0       -6.0       -2.0       -2.0        7.0       -6.0       -4.0       -6.0       -6.0        5.0       -4.0        8.0       -5.0       -4.0       -5.0        5.0        0.0       -6.0        2.0       -3.0       -4.0        8.0       -4.0        1.0        6.0        8.0       -9.0       -4.0        9.0        5.0       -6.0     -289.0      -10.0        3.0       -9.0        2.0       -9.0        3.0       -4.0       -7.0       -1.0        4.0        4.0        3.0       -8.0        4.0        0.0       -2.0 =     2198.0
       7.0        7.0        3.0        1.0       -1.0        7.0       -5.0        0.0       -1.0        2.0       -7.0        8.0        1.0       -1.0       -2.0        3.0       -1.0        8.0       10.0       -3.0        6.0        1.0        6.0       -1.0       -1.0       -4.0        1.0        3.0        3.0        8.0      -10.0        8.0       -6.0       -8.0        5.0        5.0        9.0        8.0       -1.0        5.0        1.0       -7.0     -281.0        9.0        8.0       -5.0       -2.0        4.0        6.0       -8.0       -1.0      -10.0        6.0       -8.0       -2.0       10.0        1.0        6.0 =      600.0
       5.0        7.0       -4.0        4.0        0.0        1.0       -6.0        7.0       -7.0        1.0       -9.0        4.0        9.0      -10.0        3.0       -3.0        8.0       -4.0       -5.0        9.0       -5.0        2.0        7.0        3.0       -6.0        7.0        2.0        5.0        3.0       -1.0       -3.0        3.0       -1.0        2.0        5.0        0.0       -2.0       -4.0       -3.0        1.0        0.0       -9.0        0.0     -264.0        6.0       -7.0        4.0        9.0        3.0        9.0       -3.0       -7.0       -4.0        0.0        9.0        9.0       -5.0        0.0 =     -225.0
       9.0        1.0       -5.0        8.0        3.0        2.0       10.0        7.0        7.0        2.0        3.0        3.0       -7.0        0.0       -4.0       10.0       -2.0       -3.0       -3.0        0.0       -9.0        8.0        0.0       -9.0       -1.0        3.0       -9.0        3.0       -9.0       -9.0       -7.0        4.0       -3.0        9.0        7.0        0.0        8.0       -5.0       -9.0       -1.0       -2.0        1.0        6.0        0.0      288.0        7.0        9.0       -2.0        4.0        2.0       -8.0        9.0        3.0       -8.0       -4.0        8.0        6.0        2.0 =     -666.0
       8.0       10.0        5.0       -7.0        7.0       -2.0        2.0       -3.0       -1.0        9.0        6.0       -3.0       -8.0       -4.0        1.0       -1.0       -1.0        4.0        3.0        3.0        3.0        8.0        8.0        9.0        2.0       -1.0        2.0       -5.0        3.0       -8.0        4.0        9.0       -3.0       -3.0       -4.0        4.0       -4.0       -7.0       -4.0        6.0        5.0       -1.0       -6.0        8.0       -5.0      280.0       -9.0        3.0       -4.0      -10.0       -4.0       -8.0       -6.0       -8.0       -2.0       -1.0       -3.0       -4.0 =      816.0
      -8.0        3.0       -5.0       -3.0       -2.0        5.0        8.0        3.0        5.0       -5.0        8.0       -9.0       -7.0        8.0       -7.0        6.0       -4.0       -5.0       -6.0        6.0       -9.0       -6.0       -9.0        7.0        3.0        1.0       -4.0        1.0       -5.0       -6.0       -2.0       -9.0        9.0        0.0       -7.0       -2.0        6.0        9.0       -9.0      -10.0        0.0       -1.0       -1.0       -8.0       -9.0       10.0      314.0       -2.0        9.0       -8.0       -8.0        3.0       -6.0        2.0        5.0        3.0       -1.0        9.0 =     1820.0
       3.0        1.0       -6.0        9.0       -3.0        6.0        8.0       -6.0       -7.0       -1.0      -10.0        1.0        0.0       -6.0       -3.0       -6.0        6.0        1.0        2.0        3.0       -9.0       -3.0        7.0        6.0        9.0       -2.0       -7.0        0.0        8.0        2.0       -5.0       10.0        0.0        7.0       -8.0        6.0       -6.0        7.0        2.0       -1.0       -6.0        6.0        2.0       -6.0        6.0        6.0        5.0     -290.0        9.0       -8.0       -1.0        1.0       -2.0       -7.0        3.0       10.0       -1.0        8.0 =     -500.0
      -8.0        1.0       -6.0        3.0       -8.0       -7.0        7.0       10.0       -9.0        5.0       -1.0       -6.0       -1.0       -1.0       -7.0        2.0       10.0       -1.0       -7.0       -7.0        0.0        8.0       -3.0       -2.0       -6.0       -2.0       -9.0       -7.0        4.0        6.0       -5.0       -3.0        4.0       -5.0       10.0        0.0        9.0       -8.0        1.0       -2.0       -4.0        5.0        1.0       10.0       -8.0       -5.0        4.0      -10.0      301.0       -6.0        1.0       -8.0        9.0       -9.0       -8.0       -1.0        0.0       -7.0 =     -672.0
      -6.0        6.0        0.0       -8.0        0.0       -9.0        8.0        7.0        1.0        5.0        3.0       -7.0       -9.0        0.0       -4.0      -10.0        8.0       -5.0       10.0        9.0       -9.0       -5.0       -7.0       -2.0       -2.0       -7.0       -3.0       -5.0      -10.0       -4.0       -7.0      -10.0       -4.0        5.0        6.0       -4.0       -4.0       -8.0        6.0        1.0        0.0        1.0        4.0       -8.0       -5.0        1.0       -7.0       -1.0       10.0      320.0        7.0        7.0       -9.0        2.0       -7.0       -7.0       -8.0       -8.0 =      436.0
       4.0        3.0        8.0       -9.0       -4.0        3.0       -9.0       -5.0        8.0       -4.0        2.0        6.0      -10.0        6.0        8.0        1.0       -9.0        4.0       -1.0       -8.0       -7.0       -8.0        9.0        3.0        2.0        6.0        7.0        8.0       -8.0        5.0       -5.0        8.0        5.0       -7.0        8.0        5.0       -8.0        7.0       -4.0       -7.0       -6.0        4.0        4.0       -3.0       -5.0       -5.0        7.0       -6.0        2.0        9.0      328.0       -6.0        8.0       -1.0        0.0        3.0       -4.0        8.0 =     1400.0
      -6.0        8.0        8.0        4.0       -3.0       -1.0       -6.0       10.0       -4.0       -9.0       -7.0        3.0       -9.0        8.0       -2.0        9.0       -9.0       -9.0       -6.0       10.0        6.0        6.0        3.0        3.0      -10.0       -7.0       -5.0       -4.0       -6.0        9.0       -1.0       -1.0       -8.0        4.0       -6.0      -10.0        8.0       -2.0        7.0        3.0        2.0       -5.0        4.0        7.0       -3.0        1.0       -6.0       -4.0        7.0       -2.0        6.0     -334.0       -6.0       -7.0       -4.0       -9.0        9.0        8.0 =      716.0
      -6.0        9.0       -7.0        3.0       -6.0       -8.0        5.0        6.0       -4.0        3.0       -2.0        5.0       -1.0        6.0       -1.0        4.0       -4.0       -9.0       -8.0       -3.0        8.0        2.0        4.0       -2.0       -9.0        7.0       -2.0       -7.0        5.0       -1.0       -9.0       -4.0       -7.0       -5.0       -9.0       -8.0       -5.0       -9.0        8.0       -8.0       -4.0        9.0        7.0        9.0        5.0        5.0        5.0        2.0        1.0       -9.0        8.0       -2.0     -312.0       -4.0        4.0        3.0        2.0        9.0 =     1324.0
       9.0       -4.0        6.0       -4.0       -5.0        1.0       -1.0       -2.0       -2.0       -8.0        0.0       -3.0        1.0        5.0        4.0        2.0        4.0       -1.0       10.0       -3.0        3.0        4.0       -3.0        7.0        9.0        5.0        4.0       -8.0        9.0       -7.0       -6.0        3.0       -6.0       -8.0       -7.0        3.0        6.0        6.0        6.0       -3.0        1.0        1.0        9.0        6.0        6.0       -3.0        7.0        1.0        9.0       -5.0        5.0        9.0       -1.0      284.0        4.0        8.0        6.0       -5.0 =     1472.0
      -8.0        2.0        3.0       -4.0        2.0       10.0       -6.0       10.0        2.0        1.0        1.0       -7.0       -9.0       -3.0        1.0       -6.0        5.0       -5.0        5.0       -3.0        7.0       -1.0        7.0       -4.0        5.0       -6.0        9.0       -9.0       -6.0       -2.0       -5.0       -4.0        2.0        2.0       -7.0       -4.0       -9.0       -9.0        9.0        5.0       -3.0        0.0        4.0       -7.0       -1.0        5.0       -4.0        1.0        9.0        2.0       -9.0       -8.0       -7.0        4.0     -273.0        3.0        0.0        1.0 =    -2184.0
      -5.0       10.0       -4.0       -5.0        3.0       -9.0        6.0        6.0        8.0       -8.0        5.0       -4.0       -4.0       -8.0       -6.0       -3.0       -3.0       -4.0       -9.0       -1.0        9.0       -2.0        5.0       -8.0       -4.0       -3.0        6.0        5.0        4.0       -8.0       -2.0       -6.0        6.0        5.0        3.0        5.0      -10.0       -7.0        5.0        8.0       -2.0       -9.0       -6.0       -4.0       10.0        1.0        0.0        9.0        4.0       -2.0        7.0        4.0        6.0       -5.0       -7.0     -314.0        3.0       10.0 =      957.0
       2.0        6.0        3.0        1.0        6.0        9.0       -7.0       -9.0       -9.0       -6.0       -3.0       -5.0        0.0       -5.0        2.0       -2.0        5.0        7.0        1.0       -7.0       -9.0       -2.0       -6.0       -1.0        1.0       -4.0       -6.0        9.0       -7.0        7.0       -9.0       -7.0       10.0        3.0       10.0        5.0       -9.0        1.0        2.0        3.0       -7.0        8.0       -8.0        2.0       -9.0       -8.0        7.0      -10.0       -5.0       -9.0       -4.0       -4.0        5.0        4.0        0.0        2.0      306.0        0.0 =      250.0
       7.0       -5.0       -4.0        8.0        1.0       -8.0        0.0        0.0        0.0       -7.0       -6.0       -7.0       10.0        7.0        2.0       -2.0        1.0        2.0        8.0        8.0        9.0        0.0        4.0        0.0        0.0       -8.0       -3.0        3.0       -5.0       -6.0       -6.0        0.0        9.0       -3.0        3.0       -3.0        4.0        6.0        8.0       -1.0       -6.0       -8.0        2.0        2.0        5.0        9.0       -5.0       -7.0       -2.0        0.0       -2.0        1.0        3.0        2.0        4.0        4.0        1.0      247.0 =    -2484.0

       2.0        3.0        5.0        1.0        0.0       -4.0        6.0       -8.0        5.0       -5.0      -10.0       -8.0       -7.0        8.0       -3.0       10.0        7.0       -5.0        2.0       -6.0        7.0       -6.0       -4.0       -2.0        3.0       -5.0        8.0       -2.0       -3.0        6.0       -3.0        3.0        7.0        2.0        7.0        6.0       -6.0       -9.0        9.0       -3.0       -9.0       -7.0       -3.0        1.0       -2.0        3.0        7.0        2.0       -3.0        2.0        4.0       -2.0       -4.0        4.0        7.0       -3.0        1.0       -9.0
