58
    -294.0       -2.0       -3.0       -6.0        9.0        8.0       -1.0       -8.0       -1.0        9.0       -7.0       -8.0        8.0        2.0       -7.0        2.0       -8.0        9.0        2.0        9.0       -2.0        0.0       -8.0        4.0        7.0       -1.0       -3.0        8.0       -1.0        4.0       -7.0        5.0       10.0        1.0       -2.0       -6.0        1.0       -1.0       -7.0       -5.0        5.0        5.0        8.0        6.0       -2.0        8.0       -7.0       -8.0       -1.0        9.0        3.0        4.0        2.0       10.0        4.0        9.0        5.0        3.0 =     1135.0
      -6.0      293.0        5.0        4.0       -2.0        0.0       -1.0        6.0        2.0        4.0        5.0       -2.0        8.0        1.0       -2.0       -3.0       -5.0       -9.0       -9.0        6.0      -10.0       -5.0       10.0        8.0       -2.0       -4.0        3.0        8.0        3.0       -7.0       -4.0       -2.0       10.0        7.0       -3.0       -3.0       -4.0        0.0       -6.0      -10.0       -9.0        3.0       -8.0        1.0        9.0        3.0        9.0       -1.0        6.0       10.0        8.0       -3.0       -7.0       -2.0        2.0       -6.0       -8.0        0.0 =    -1746.0
       7.0        1.0      272.0       -6.0        4.0       -8.0        2.0       -2.0        6.0        2.0        2.0        3.0       -5.0        2.0        0.0       10.0       -2.0        9.0        1.0        3.0       -6.0        4.0       -3.0      -10.0       -4.0       10.0       -9.0        5.0       -8.0       -1.0       -9.0        2.0        2.0       -9.0        3.0        5.0       -7.0       -5.0       -6.0       -8.0       -2.0       -1.0       -6.0        0.0        0.0       -6.0       -4.0        0.0       -8.0        1.0        1.0        9.0        8.0       -8.0        9.0       -2.0       -7.0        4.0 =     -470.0
     -10.0       -7.0        5.0     -315.0       10.0        8.0       -5.0       -5.0       -2.0        4.0       -9.0        5.0        9.0        4.0       -8.0       -6.0       -2.0        0.0        2.0        6.0       -3.0        9.0       -9.0       -7.0       -8.0       -9.0       -1.0        3.0       -7.0       -6.0       -1.0        7.0        7.0        6.0       -9.0       -5.0       -6.0        5.0       -1.0       -5.0       -8.0        2.0        3.0       -5.0        6.0       -3.0       -8.0        7.0        5.0       -9.0        0.0        0.0        4.0        4.0        3.0       -8.0       -8.0       -2.0 =    -3730.0
      -6.0       -8.0        2.0        1.0     -307.0       -5.0        3.0        2.0       -3.0       -9.0        5.0        9.0       -8.0        6.0       -4.0        4.0       -7.0      -10.0       -2.0        4.0        5.0       -8.0       -1.0       -9.0       -7.0       -2.0        5.0       -7.0        8.0        8.0        5.0        2.0       -6.0       -5.0       -2.0        9.0       -4.0        7.0        7.0        3.0       -4.0        5.0       -5.0       -7.0        8.0        5.0        9.0        1.0        2.0        6.0       -3.0        6.0        3.0       -8.0        7.0       -9.0        8.0        2.0 =    -1196.0
       5.0       -3.0        5.0       -7.0       -4.0     -300.0        2.0        6.0        4.0        1.0       -6.0       -9.0       -7.0       -6.0        0.0        8.0        8.0        2.0       -9.0        4.0        7.0        4.0       -4.0       10.0       -9.0       -6.0        6.0       -1.0        7.0       -5.0       -5.0        4.0        9.0        9.0        7.0       -5.0       -6.0        5.0       -8.0        1.0        7.0       -4.0        2.0        2.0       -3.0       -4.0        5.0        7.0        9.0        0.0        3.0        8.0       -1.0       -4.0       -7.0       -5.0       -4.0       -8.0 =    -2264.0
       9.0        9.0        1.0       -4.0       -9.0        4.0      311.0        6.0        4.0        5.0        2.0       -8.0        6.0       -5.0       -1.0        5.0       -1.0        4.0       -9.0        6.0       -9.0        2.0        9.0        7.0        7.0       -7.0        5.0       -6.0        8.0        1.0       10.0       -5.0        3.0        6.0      -10.0       -5.0       -6.0        4.0        4.0        1.0       -9.0       -2.0      -10.0        3.0        3.0        6.0       -5.0        4.0       -5.0        8.0        3.0       -8.0        9.0        3.0        7.0        7.0        3.0        0.0 =     2968.0
      -4.0        3.0       10.0       -4.0       -8.0       -2.0        7.0      307.0       -5.0        3.0       -8.0        4.0        0.0        9.0       -4.0        6.0       -1.0        6.0       -9.0        4.0        2.0       -3.0        0.0        0.0        5.0       -7.0        8.0        7.0        6.0        0.0       -5.0       -9.0       -7.0       -7.0        9.0       -4.0       -6.0        8.0        6.0        6.0       -2.0       -8.0       -1.0        1.0        9.0       -2.0      -10.0        7.0        2.0       -9.0        1.0        8.0        1.0       -9.0       -6.0       -2.0       -7.0       10.0 =    -2142.0
       5.0        8.0       -4.0        5.0        2.0        6.0        0.0        7.0     -318.0       -6.0        6.0       -1.0        7.0       -7.0       -8.0        6.0        6.0       -9.0        2.0       -5.0       -3.0        8.0        7.0       -8.0        6.0        6.0        7.0        9.0       -8.0       -4.0        7.0       -6.0       -9.0        4.0       -5.0        6.0       -7.0       -3.0        8.0        8.0       -7.0       -1.0        2.0        9.0       -9.0       -9.0        1.0       -4.0       -4.0        7.0       -1.0        6.0        3.0       -3.0        5.0        9.0        1.0        0.0 =     -270.0
      -9.0        6.0        7.0        2.0        9.0        1.0        6.0        3.0       -7.0     -299.0       -5.0        7.0        6.0       -2.0        8.0        2.0       -6.0        2.0       -2.0        8.0        4.0       -8.0        3.0        1.0        2.0       -2.0       -1.0        8.0        1.0       -4.0       -1.0        2.0        3.0        5.0       -6.0       -1.0      -10.0        3.0       -7.0       -4.0        5.0       -9.0       -3.0       10.0       -7.0       -6.0       -5.0        2.0        8.0        8.0        3.0       -6.0       -8.0        4.0       -7.0       -6.0      -10.0       -9.0 =     -933.0
      -6.0        3.0       -8.0        0.0       -4.0        4.0       -2.0       -1.0       -9.0        2.0      296.0        5.0        6.0       -9.0        6.0       -7.0        7.0       -4.0        8.0        3.0       -3.0        8.0       -5.0        0.0       -6.0        5.0       -7.0       -3.0        5.0       -4.0       -4.0        1.0       -9.0       -7.0        6.0       10.0       -6.0       -9.0       -2.0       -3.0       10.0        8.0        7.0        7.0        1.0        2.0        6.0       -7.0        6.0        2.0       -2.0        1.0       -6.0        6.0        6.0       -6.0        5.0       -2.0 =    -1204.0
       1.0       -1.0        6.0        7.0       -8.0       -9.0        9.0       -6.0        2.0        5.0       -9.0      289.0        4.0       -6.0       -2.0        9.0       -2.0       -6.0        7.0        8.0       -1.0        8.0       -6.0       -8.0        5.0       -8.0        4.0        1.0      -10.0        7.0       -6.0       -8.0        3.0        1.0       -3.0        1.0       -8.0        5.0       -2.0        9.0       -5.0       -5.0        0.0        0.0        6.0        4.0        2.0       -3.0        1.0        4.0       -9.0       -5.0       -8.0       -2.0        8.0       -3.0        5.0       -2.0 =     -810.0
      -6.0        7.0        9.0        3.0       -6.0        3.0        3.0        3.0        6.0       -8.0       -1.0        0.0      284.0       -9.0        1.0       -7.0        9.0       -6.0        1.0        5.0       -7.0        3.0        8.0        8.0        3.0       -3.0        0.0        0.0      -10.0       10.0       -9.0       -1.0       -8.0       -9.0        7.0       -6.0       -4.0        5.0       10.0       -1.0       -3.0        9.0        0.0       -8.0        6.0       -4.0       -5.0        7.0       -3.0       -8.0        0.0        1.0       -1.0       -1.0        5.0        2.0       -3.0        5.0 =      286.0
      -9.0       -9.0       -1.0        7.0        1.0        3.0       -5.0       -3.0        2.0        8.0       -9.0       -1.0       -3.0      307.0        7.0       -4.0        3.0       10.0        3.0       -9.0       -8.0       -9.0       -9.0        9.0       -5.0       -6.0        1.0        5.0       -8.0        0.0       -2.0       -3.0       -1.0        8.0        8.0       -7.0        8.0        4.0        8.0       -6.0        5.0        4.0       -3.0        5.0        1.0        5.0       -6.0       -4.0        5.0       -4.0        7.0        1.0       -8.0       -3.0       -6.0       -2.0        9.0        8.0 =     -299.0
      -9.0        5.0       -9.0        1.0       -2.0      -10.0       -7.0       -7.0       10.0        0.0       -8.0        2.0        6.0       -5.0      290.0       -6.0       10.0        4.0        8.0        7.0       -3.0       -2.0        8.0       10.0       -2.0        2.0        2.0        6.0       -7.0       -4.0       -1.0        2.0        3.0        2.0       -2.0       -8.0        3.0       -7.0       -3.0        6.0       -5.0        4.0       -6.0       -4.0        5.0        0.0       -1.0      -10.0       -3.0        5.0       -4.0        7.0        3.0       -9.0        1.0        8.0       -7.0        8.0 =     1662.0
      -1.0        6.0        2.0        1.0        5.0        4.0        8.0        2.0       -9.0       -8.0       -3.0        5.0       -5.0        9.0        2.0      272.0       -1.0        0.0       -6.0        1.0       -8.0        0.0        6.0        6.0       -4.0       -5.0        7.0        2.0        1.0       -1.0       -5.0        8.0       -6.0       -2.0       -8.0        5.0       -2.0        7.0        4.0       -2.0       -1.0       -8.0       -5.0        0.0       -9.0        0.0       -7.0       -5.0        9.0        7.0        7.0       -2.0        7.0        9.0        0.0       -9.0       -9.0       -8.0 =    -2630.0
      -8.0       -6.0        3.0        4.0       -6.0        2.0       -8.0        7.0       -5.0       -6.0       -5.0        9.0        3.0       -1.0       -1.0        0.0      283.0       -4.0       -7.0        1.0        3.0        2.0      -10.0       -8.0        2.0       -4.0        0.0       -3.0        0.0        1.0       -9.0       10.0        4.0        6.0        9.0       -6.0       -8.0       -5.0       -3.0        8.0        9.0       -8.0       -3.0        9.0       -3.0       -1.0       -8.0       -4.0       -7.0        2.0        2.0       -8.0       -3.0      -10.0        0.0       -7.0       -1.0        6.0 =     -209.0
       5.0       -3.0        2.0       -3.0       -3.0       -6.0       -7.0       -9.0        1.0       -6.0       -1.0        6.0        3.0      -10.0       -5.0       -6.0       10.0      304.0        5.0        7.0       -4.0        3.0        9.0        4.0       -6.0       -5.0        7.0       10.0       -2.0       -2.0       -8.0        5.0       -6.0       -9.0       -8.0        9.0       -2.0        0.0        0.0       10.0       -9.0        7.0        6.0       -6.0        0.0       -7.0        8.0       -3.0       -5.0       -5.0       -2.0        9.0        3.0       -6.0       -1.0       -8.0        2.0        3.0 =     -275.0
       2.0        1.0        1.0        6.0        8.0       -7.0        1.0        8.0       -2.0        9.0       -4.0        4.0        3.0        8.0       -3.0       -4.0       -6.0       10.0     -304.0       -3.0       -3.0        7.0       -8.0        3.0        9.0        7.0       -9.0        6.0       10.0       -5.0        0.0        6.0       -1.0        3.0        7.0       -2.0       -6.0       -6.0       -6.0        8.0        2.0        2.0       -5.0        7.0        6.0        6.0       -3.0        9.0       -7.0       -4.0       -8.0        7.0        8.0        6.0        6.0        3.0        2.0        4.0 =      844.0
      10.0        1.0        3.0        6.0        3.0        9.0        5.0       -9.0       -3.0        3.0        8.0       -2.0       -4.0        1.0       -8.0        7.0       -2.0        7.0       -7.0      322.0        8.0       -6.0        8.0       -4.0       -3.0       10.0        3.0       -3.0        3.0       -5.0        8.0       10.0       -7.0        9.0        5.0       -2.0        7.0       -7.0        9.0        7.0       -4.0      -10.0        3.0       -7.0        5.0        7.0       -7.0        5.0       -3.0        0.0       -1.0        6.0       -8.0        7.0        8.0        8.0        5.0       -3.0 =     -411.0
      -2.0        7.0       -8.0       -4.0        6.0        8.0       -2.0       -8.0        2.0       10.0        6.0        5.0       -8.0        6.0       -9.0       -3.0        5.0        8.0       -9.0        5.0      281.0        9.0       -9.0       -8.0       -1.0        0.0       -1.0        8.0        1.0       -1.0        4.0        5.0        7.0       -4.0        3.0       -1.0       -9.0       -3.0       -3.0        1.0       -8.0        2.0        3.0       -1.0        5.0        0.0       -1.0        0.0        0.0        6.0       -7.0        6.0       -4.0       -9.0       -4.0        7.0        6.0       -4.0 =    -2619.0
      -2.0        0.0        1.0       -9.0      -10.0       -9.0      -10.0        5.0        0.0       -5.0        1.0        3.0       -7.0        5.0      -10.0        9.0       -1.0        5.0       -4.0       -6.0       -2.0     -325.0        5.0        6.0       -8.0       -7.0        8.0        2.0       -8.0        0.0       -7.0        5.0        2.0        3.0        8.0        6.0       -8.0        3.0        9.0        2.0        5.0        9.0       10.0      -10.0        8.0        9.0        7.0       -9.0       -9.0       -2.0       -2.0       10.0        3.0       -3.0        7.0       -4.0       -6.0        5.0 =     -966.0
       4.0       -1.0        5.0        3.0      -10.0       -8.0       -6.0        5.0        4.0        4.0        3.0       -9.0      -10.0        9.0        8.0        1.0        5.0       -5.0        6.0        5.0        2.0        5.0     -290.0        5.0        1.0       -6.0       -1.0       10.0        8.0       -2.0       10.0        8.0       -4.0       -3.0       -2.0        2.0        2.0       -8.0        5.0        0.0        1.0       -4.0        8.0        2.0        3.0       -9.0       -5.0       -9.0       -9.0       -6.0        0.0        2.0        0.0        9.0        4.0        4.0       -7.0       -3.0 =     1584.0
       0.0       -9.0        1.0        9.0        0.0      -10.0        8.0       -7.0        9.0        1.0        5.0        3.0        9.0        2.0       -9.0        2.0        9.0        5.0       -4.0       -2.0       -9.0        9.0        6.0     -303.0        3.0       -1.0       -9.0       -2.0       -8.0        6.0       -2.0        8.0        7.0       -3.0       -1.0       -9.0        1.0       -2.0       -3.0        3.0        9.0        0.0        8.0       10.0        9.0       -2.0       -7.0        8.0       -2.0       -3.0       -8.0       10.0        2.0       -3.0       -4.0        7.0       -5.0        7.0 =    -1004.0
       0.0        4.0        7.0       -2.0       -1.0       -6.0       -7.0       -8.0       -2.0       -2.0        3.0        5.0      -10.0        0.0       -5.0       -7.0       -7.0        1.0       -9.0        2.0       -6.0        5.0       -6.0        5.0     -286.0        0.0        6.0      -10.0        7.0        9.0        6.0        1.0       -5.0        4.0        6.0       -2.0       -9.0        2.0       -1.0        9.0        6.0        7.0        6.0       10.0       -3.0       -1.0       -1.0        1.0       10.0        1.0        0.0       -5.0        2.0        4.0      -10.0       -9.0      -10.0       -8.0 =     2163.0
       4.0       -4.0       -8.0       -9.0       -4.0        2.0        7.0       -3.0        9.0        0.0       -4.0       -5.0        1.0        5.0      -10.0       -3.0        3.0        1.0        5.0        6.0       -8.0       -2.0        0.0       -8.0        4.0      289.0        2.0       -8.0        9.0       -8.0        0.0        5.0       -5.0       -1.0        8.0        5.0        1.0       10.0       -8.0        3.0        7.0       -4.0       -4.0        6.0       -8.0       10.0       -5.0       -2.0        1.0       -4.0       -3.0       -4.0        2.0       -3.0      -10.0       10.0       -1.0        9.0 =    -1112.0
      -6.0        7.0        4.0        3.0        8.0       -9.0       -7.0        0.0       -5.0        6.0        6.0        6.0       -9.0       -4.0       -2.0        8.0        8.0       -8.0       -2.0       -3.0        0.0       -4.0        0.0        0.0       -2.0       -3.0     -269.0       -3.0       -1.0      -10.0       -2.0        8.0        6.0       -4.0        5.0       -7.0        6.0       -8.0        4.0        1.0        9.0        8.0        3.0        1.0        7.0       -9.0        6.0       -7.0       -2.0       -4.0        5.0       -6.0        9.0        0.0        2.0        1.0        0.0       -2.0 =     2088.0
       5.0        6.0       -7.0       -1.0        9.0       10.0       -1.0       10.0       -2.0        2.0        1.0        4.0        0.0       -6.0       -4.0        2.0       -8.0       -9.0        2.0        7.0       -9.0        4.0       -2.0       -9.0       -9.0        9.0        3.0      307.0      -10.0       -9.0       -9.0        3.0        2.0       -3.0       -3.0        3.0        9.0       -3.0       -1.0       -1.0       -7.0        6.0        4.0       -1.0       -6.0      -10.0       -7.0      -10.0       -3.0        5.0        3.0       10.0        7.0        6.0        5.0       -8.0       -3.0        1.0 =    -1136.0
       2.0        2.0        8.0       -7.0       -7.0        5.0       -3.0      -10.0        6.0        8.0        0.0       -9.0        2.0       -8.0       -4.0      -10.0       -9.0        3.0        1.0       -1.0       10.0        0.0       -4.0        4.0        4.0       -4.0        4.0       -3.0      304.0       -3.0        4.0        6.0      -10.0       -2.0       -9.0       -7.0       -9.0       -7.0        6.0        4.0        5.0       -1.0        5.0        2.0        2.0       10.0       -5.0       -9.0        6.0        1.0        0.0        8.0        9.0      -10.0       -8.0        0.0       -8.0       -2.0 =    -2096.0
       8.0        3.0        0.0        9.0       -6.0       -5.0       -2.0        1.0        1.0        4.0       -9.0        3.0        2.0       10.0       -5.0       -8.0       -7.0        9.0        5.0        4.0        5.0       -9.0       -1.0        1.0        3.0       10.0       -6.0        2.0        8.0     -303.0        6.0       -6.0        4.0        4.0       -5.0        8.0        5.0        6.0        1.0       -7.0        1.0       -2.0        6.0       -7.0       -4.0       -5.0        7.0       -8.0       -1.0       -1.0       -9.0       -7.0        0.0        9.0        9.0        9.0       -8.0       -3.0 =    -1084.0
       9.0        9.0        3.0       10.0        4.0       -6.0       -7.0        7.0        0.0       -2.0       -1.0       -9.0       -1.0      -10.0       -4.0        1.0        6.0        3.0        3.0        1.0       -5.0        3.0        1.0       -9.0        7.0        6.0        2.0       -3.0       -9.0        9.0      277.0       -7.0        0.0        9.0        5.0        1.0        1.0       -4.0        4.0       -5.0        3.0        0.0       -7.0        5.0       -2.0        8.0       -9.0       -2.0       -8.0        2.0       -6.0      -10.0        1.0        3.0        9.0        4.0        6.0       -4.0 =      292.0
       7.0        0.0       -1.0        3.0       -5.0        6.0       -9.0        7.0        4.0       -8.0        2.0        4.0       -1.0        8.0       -2.0       -6.0       -6.0       -6.0        3.0       -3.0       -2.0       -1.0       -1.0        5.0        7.0       -5.0       -6.0        6.0        6.0        9.0        4.0      275.0       -1.0        7.0      -10.0        7.0       -6.0       -9.0        0.0       -6.0       -1.0        3.0       10.0       -3.0       -2.0        0.0       -1.0        5.0       -4.0       -9.0      -10.0        0.0       -3.0        4.0        1.0       -9.0        7.0       -9.0 =    -2550.0
       3.0       -7.0       -1.0        0.0       -3.0        0.0       -1.0       -4.0       -1.0        9.0        2.0        8.0        5.0        1.0       -3.0        5.0       -3.0       -7.0        0.0       -9.0       -7.0        7.0       -3.0        0.0        2.0        3.0        4.0        7.0        6.0       -8.0      -10.0       -9.0     -258.0      -10.0       -7.0        9.0        3.0       -2.0        1.0        0.0        7.0        4.0       -5.0       -4.0        5.0       -3.0        8.0        0.0        8.0        1.0      -10.0        0.0       -2.0       -7.0        9.0        0.0       -7.0       -8.0 =    -1128.0
      -6.0        0.0       10.0       -5.0       -1.0        6.0       -4.0        6.0      -10.0       -2.0       -8.0        2.0       -5.0        6.0        9.0       -6.0       -9.0      -10.0       -5.0       10.0       -2.0        9.0       -3.0        3.0        8.0        6.0       -6.0        9.0        9.0        6.0        8.0      -10.0       -8.0      339.0        6.0        9.0       -8.0       -5.0       -7.0        3.0       -2.0       -5.0       -8.0       -4.0        2.0       -4.0       -5.0        0.0        7.0        9.0        0.0        8.0       -5.0       -6.0        6.0       -5.0        8.0        4.0 =      688.0
       9.0       -6.0        9.0        6.0        1.0       -8.0      -10.0        2.0        5.0       -1.0      -10.0        9.0      -10.0       -7.0        0.0        2.0       -5.0        1.0       -2.0       -1.0        9.0        3.0       -1.0       -5.0       -7.0       -3.0       -8.0       -7.0        1.0       -5.0        5.0       -3.0       -2.0        0.0     -297.0       -9.0        8.0        7.0        4.0        5.0       -6.0        2.0        9.0       -5.0       -5.0        0.0        8.0        1.0       -6.0       -1.0       -9.0       -3.0       -8.0       -5.0        8.0        1.0        9.0       -6.0 =     2022.0
      -4.0        5.0       -2.0       -9.0        8.0        2.0        9.0        7.0        9.0        0.0       -5.0        7.0        7.0       -5.0        2.0       10.0       -3.0        0.0       -4.0        6.0        9.0        0.0        9.0       -6.0        8.0        0.0       -8.0        3.0        3.0        3.0        2.0       -2.0        0.0        8.0       -7.0     -292.0        8.0       -7.0        8.0        8.0       -8.0        7.0       -1.0       -5.0       -2.0       -4.0       -9.0        7.0       -5.0       -1.0        7.0        1.0        5.0       -6.0        0.0        5.0       -5.0        3.0 =     -448.0
       4.0        8.0       -8.0        7.0        9.0       -3.0        3.0       -2.0       -7.0        0.0       -8.0        5.0      -10.0       -8.0        2.0        8.0       -3.0       -8.0        4.0        4.0       -5.0       -9.0       -5.0       -9.0        2.0        3.0        6.0        8.0        8.0        8.0       -6.0       -5.0       -3.0        7.0       -6.0       -8.0      331.0       -2.0        9.0        0.0       -6.0       -1.0       -5.0       10.0       -2.0        4.0       -6.0        4.0       -8.0       10.0       -6.0       10.0       10.0        8.0        7.0        0.0       -5.0        4.0 =      349.0
       8.0       -2.0       10.0        2.0       -2.0      -10.0        2.0       -6.0       -6.0        9.0       -5.0        2.0       -6.0        9.0        0.0        9.0       -4.0       -2.0       -7.0       -1.0        9.0        1.0        8.0        1.0        0.0       -7.0       -1.0       10.0        8.0        6.0        0.0        8.0       -2.0        5.0        8.0        5.0        8.0      276.0        5.0       -7.0       -4.0       -9.0       -8.0       -8.0        6.0        1.0        1.0        6.0       -3.0        0.0       -3.0       -1.0        3.0       -1.0        5.0        4.0        2.0        7.0 =     1695.0
      -2.0       -9.0      -10.0        2.0       -6.0       -7.0        1.0       -7.0       -7.0       -8.0       -1.0        1.0        2.0        3.0        9.0       -9.0        0.0       -6.0       -9.0      -10.0        6.0      -10.0       -9.0        2.0       -9.0       -1.0       -8.0        5.0       -5.0        5.0        9.0        8.0       -3.0        7.0        8.0        0.0       -3.0       -9.0     -302.0        1.0        0.0        3.0        3.0        3.0       -1.0       -5.0       -7.0        8.0       -2.0       -8.0        9.0        9.0       -7.0       -9.0       -3.0        2.0       -2.0        1.0 =    -3096.0
      -4.0       -9.0        8.0       -2.0        4.0        9.0        7.0       -6.0        0.0       -1.0        1.0        2.0       -3.0        6.0       -9.0        7.0       -7.0       -6.0        8.0       -1.0       10.0        7.0       -6.0        1.0        3.0       -9.0       -2.0        5.0        3.0        6.0        1.0       -3.0       -4.0        8.0        7.0        2.0       -4.0       -4.0        7.0     -281.0        5.0        5.0        2.0       -8.0       -3.0       -4.0        4.0       -1.0       -9.0       -7.0        0.0       -4.0        8.0       -8.0        0.0       -5.0        7.0        9.0 =     -774.0
       7.0       -3.0       -1.0        4.0       -2.0       -5.0        0.0       -5.0       -6.0        5.0       -5.0       -6.0        7.0       -6.0        1.0       -9.0        6.0       -3.0        2.0       -9.0       -3.0        5.0        9.0        0.0        9.0        6.0       10.0        5.0        9.0       -7.0        3.0        0.0       10.0        7.0       -2.0        8.0        4.0       -2.0       -7.0        2.0     -271.0        4.0        0.0       -3.0        1.0       -9.0       -3.0        6.0        9.0        2.0        3.0       -5.0       -1.0       -3.0        5.0       -5.0        6.0       -3.0 =     2061.0
      -1.0       -2.0       -6.0       -1.0       -5.0        7.0       -6.0        2.0      -10.0        4.0        5.0        7.0        7.0        7.0       -2.0        7.0        3.0        7.0      -10.0        6.0       10.0        6.0        7.0        7.0       -9.0        6.0        3.0        8.0       -4.0        8.0       -3.0       -2.0        4.0        7.0        6.0        9.0       -8.0       10.0       -4.0        8.0        1.0      313.0        3.0       -6.0       -1.0        4.0        2.0        4.0        2.0       -7.0       -9.0        9.0       -6.0        1.0       -7.0       -6.0       -2.0       -5.0 =    -2268.0
       3.0       -3.0        7.0       -9.0        4.0       -4.0       -2.0        5.0       -6.0       -8.0        7.0        8.0       -5.0        5.0       -7.0        0.0       -6.0        4.0       -4.0        5.0       -6.0        7.0        3.0        0.0       -4.0       -6.0        8.0       -7.0       -5.0        9.0       -3.0        7.0       -7.0       -9.0       -8.0       10.0       -2.0       -2.0       10.0        6.0       -1.0       -7.0      303.0        0.0       -9.0        7.0        8.0       -8.0       -2.0       -8.0        8.0        1.0       -1.0       -2.0        6.0        4.0       -1.0       -7.0 =     1144.0
      -9.0        4.0       -6.0        2.0       -4.0        6.0        2.0       -6.0        3.0       -3.0        8.0        9.0       -2.0       -3.0        7.0        7.0        4.0       -1.0        9.0       -9.0        6.0        2.0        6.0        1.0        9.0       -7.0       -8.0        5.0        2.0        6.0        3.0        5.0        4.0       -4.0       -2.0        9.0        5.0       -7.0        9.0        1.0       -8.0       -9.0       -8.0     -310.0        3.0       -7.0        5.0        8.0        0.0       -7.0        5.0        6.0        3.0       -8.0       -2.0       -5.0        8.0       -9.0 =    -1632.0
       2.0        3.0       10.0        7.0       -2.0        8.0        0.0       -3.0       -6.0        6.0       -4.0       -2.0       -2.0       -1.0        4.0       -2.0        5.0        1.0        0.0        8.0        6.0       -3.0        2.0        6.0       -8.0       -2.0        5.0       -6.0        1.0        2.0        6.0        4.0       -6.0       -2.0        2.0        7.0       -8.0       10.0        9.0        8.0        2.0        3.0        8.0        2.0     -260.0      -10.0       -2.0       10.0        2.0        4.0       -6.0        1.0       -7.0       -7.0        0.0        7.0        1.0        1.0 =     -558.0
      -2.0       -9.0        8.0      -10.0        1.0        2.0       -8.0       -2.0       -2.0       -7.0        2.0       -6.0        9.0       10.0        0.0       -6.0        7.0        5.0        1.0        5.0        7.0        8.0       -8.0       -4.0       -4.0        1.0       -7.0       -1.0       -8.0       -4.0        9.0       -1.0        2.0       -1.0       -7.0       -3.0        0.0        5.0       -4.0        8.0        1.0       -3.0      -10.0        5.0        1.0     -271.0       -4.0        4.0        6.0       -2.0       -1.0       -5.0        7.0       -1.0        6.0        6.0        6.0        0.0 =    -1883.0
      -3.0       -5.0       -2.0        7.0        7.0       -8.0       -2.0       -5.0        7.0        7.0       -7.0        6.0       -6.0        8.0      -10.0       -2.0       -7.0        1.0       -4.0        0.0       -5.0        6.0        0.0        5.0        5.0        5.0        0.0        2.0        0.0        3.0       -7.0       -8.0        7.0       -8.0       -6.0        5.0       -5.0        2.0       -4.0       -4.0        4.0        1.0       -7.0       -8.0        3.0        7.0      290.0       -9.0       -4.0        4.0        0.0       10.0       -6.0        7.0        5.0        5.0       10.0       -4.0 =     2830.0
       0.0       -8.0       -5.0        1.0       -6.0       -1.0       -9.0      -10.0        8.0        8.0        6.0       -8.0       -7.0        2.0       -4.0       -8.0       -2.0       -6.0        1.0       -4.0       -8.0       -6.0       -4.0       -5.0        5.0       -8.0        2.0      -10.0       10.0       -1.0        1.0       10.0       -4.0       -2.0       -5.0       -2.0       -3.0        3.0       -1.0       -7.0        4.0        1.0       -4.0       -4.0        7.0        0.0        8.0     -287.0        5.0       -8.0       -2.0       -4.0       -6.0       -2.0        5.0       -3.0        9.0       -5.0 =    -1119.0
       4.0       -4.0       -4.0        6.0        6.0        8.0       -1.0        0.0       -3.0        9.0        8.0       10.0        4.0        0.0        8.0       -8.0       -8.0        0.0        1.0       -7.0       -6.0       -9.0       -6.0       -6.0        0.0       -9.0       -8.0        6.0       -6.0       -8.0       -1.0        5.0       -2.0        2.0       -5.0       -5.0        6.0       -8.0       -4.0       -1.0        7.0       -7.0        0.0       -2.0       -6.0        1.0        0.0        1.0     -266.0       -4.0        0.0       -2.0        6.0        6.0       -4.0        4.0       -5.0        1.0 =    -2448.0
      -5.0        6.0        0.0       -7.0        4.0       -3.0        2.0        4.0        5.0       -3.0        7.0        3.0        6.0        9.0        7.0        2.0        8.0       -7.0        8.0       -7.0       -4.0        7.0       -8.0        5.0       -4.0       -7.0       -9.0      -10.0       -9.0       10.0        3.0       -9.0       -9.0       -7.0        3.0        7.0       -8.0        3.0       -3.0       -1.0        2.0        3.0        0.0        5.0        1.0        9.0        4.0       -6.0       -5.0     -313.0        9.0       -8.0       -3.0        5.0       -3.0       -3.0        1.0       -8.0 =     2247.0
      -3.0       -6.0       -5.0       -2.0        8.0        9.0       -9.0       -3.0       -8.0        9.0        2.0        8.0       -4.0        5.0       -1.0        9.0       -8.0        8.0       -1.0        7.0       -3.0       -7.0       10.0       -9.0       -2.0       -8.0       -8.0       -4.0       -8.0        0.0        6.0        7.0        5.0       -1.0        9.0       -7.0        7.0       -3.0        9.0        7.0       10.0        8.0        2.0        2.0        0.0       -5.0       -8.0        2.0        2.0       -3.0     -322.0       -6.0        4.0       -7.0        0.0       10.0        6.0       -6.0 =    -2368.0
       0.0        3.0       -2.0        1.0       -2.0       -4.0       -2.0        3.0        1.0        6.0        3.0       -9.0       -1.0        2.0       -5.0       -1.0        1.0       -7.0        3.0        4.0       -2.0       -2.0        7.0       -4.0       10.0       -9.0       -1.0       -2.0        5.0        8.0        2.0       -3.0        9.0        5.0       10.0       10.0       -5.0        9.0       -6.0       -8.0       10.0        2.0      -10.0       -4.0        4.0        3.0       -8.0       -6.0        3.0       -9.0       -1.0     -263.0       -3.0        8.0       -2.0       -4.0       -6.0        2.0 =    -1799.0
      -2.0        8.0        8.0       -1.0       -8.0        9.0        7.0       -8.0       -8.0        6.0       -9.0       -4.0       -9.0        6.0       -4.0        4.0        2.0        4.0       -6.0        7.0       10.0        5.0        2.0        9.0       -6.0       -6.0       -7.0       -5.0       -3.0        0.0       -7.0        5.0       -8.0       -9.0       -6.0        9.0       -8.0       -6.0        3.0       -2.0        5.0       -3.0      -10.0        6.0       -1.0        7.0       -6.0        6.0       -2.0        8.0       -4.0       -9.0      327.0        8.0        4.0        1.0       -1.0       -6.0 =    -2416.0
     -10.0       -8.0       -3.0        7.0       -9.0        2.0        6.0      -10.0       -3.0       -7.0        3.0       -3.0        5.0       -6.0       -6.0        0.0       -4.0       -6.0       -4.0      -10.0       -2.0       -7.0        0.0        5.0       -5.0        8.0       -2.0        9.0       10.0        9.0        8.0        4.0        4.0        0.0        8.0       -5.0       10.0       -3.0        8.0       -7.0        5.0        8.0       -8.0        4.0        3.0       -5.0        1.0       -5.0        1.0        8.0        3.0       -8.0       -7.0     -325.0       -9.0        7.0        3.0        6.0 =      664.0
       7.0        6.0       -7.0        7.0       -1.0       -5.0        0.0       -9.0        2.0       -3.0       -4.0       -6.0        2.0       -2.0       -8.0       10.0       -8.0        0.0       -6.0        1.0       -9.0       -9.0       -1.0       -4.0       -5.0        4.0       -1.0        3.0       -8.0       10.0        3.0      -10.0       -4.0        5.0        5.0       -8.0       -7.0       10.0       -4.0        3.0        4.0       -4.0       -7.0        7.0        2.0       -9.0       -3.0       -9.0        0.0        9.0       -5.0        2.0        6.0       -9.0      304.0        7.0        1.0       -9.0 =     -944.0
       8.0       -3.0       -8.0        2.0       -8.0       -5.0       -1.0        8.0        1.0        6.0       -6.0        9.0       -9.0       -2.0       -3.0       -4.0       -8.0        1.0       -5.0        7.0       -3.0        2.0       -8.0        9.0       -4.0       -3.0       -7.0       -3.0        4.0       -7.0      -10.0        8.0       -7.0        4.0        7.0       -6.0       -6.0        6.0       -6.0        5.0        7.0       -1.0       -6.0       -3.0        5.0        8.0       -4.0        8.0        4.0       -9.0       -2.0        0.0       -6.0        9.0        0.0      306.0       -4.0        4.0 =     -813.0
      -7.0        5.0       -2.0        6.0       -6.0       -9.0        6.0       -5.0       -5.0        3.0        6.0       -5.0       -3.0       -8.0       -6.0       -9.0        5.0        0.0        7.0       -3.0        5.0       -9.0       -9.0       -7.0       -2.0        0.0        5.0        0.0       -1.0        4.0        1.0        8.0        6.0        8.0       -9.0        4.0        0.0        3.0        6.0        1.0       -6.0        3.0       -2.0      -10.0       -9.0      -10.0        8.0        5.0       -1.0       -5.0       -5.0        2.0        9.0       -1.0       -4.0      -10.0      297.0       -4.0 =      482.0
       8.0       -2.0       -7.0       -4.0       -9.0        4.0       -6.0        9.0        6.0       -8.0       -8.0       -4.0        5.0       -2.0        4.0        0.0        3.0       -1.0        3.0       -3.0       -4.0      -10.0        8.0       -9.0       -7.0        0.0       -5.0       -8.0        6.0       -1.0        9.0       -8.0        7.0        3.0        9.0        5.0        8.0        9.0       -7.0       -9.0       -8.0       -5.0       -5.0        7.0        6.0        5.0       10.0        3.0        6.0        2.0       -3.0        2.0       -8.0       -2.0       -5.0       -6.0       -7.0      324.0 =    -1200.0

      -5.0       -6.0       -2.0       10.0        4.0        8.0        8.0       -7.0        1.0        3.0       -4.0       -3.0        1.0       -1.0        6.0      -10.0       -1.0       -1.0       -4.0       -1.0       -9.0        3.0       -6.0        4.0       -7.0       -4.0       -8.0       -4.0       -8.0        4.0        1.0      -10.0        4.0        2.0       -6.0        2.0        1.0        5.0        8.0        3.0       -9.0       -6.0        4.0        6.0        3.0        7.0       10.0        3.0        8.0       -7.0        8.0        7.0       -8.0       -2.0       -4.0       -3.0        2.0       -4.0
