58
    -263.0       -8.0        0.0       -3.0       -2.0       10.0       -3.0        2.0        7.0        8.0       10.0        5.0        7.0       -1.0        5.0        2.0       -7.0        0.0        9.0       -2.0       -6.0       -4.0        7.0       -1.0       -2.0       -2.0      -10.0       -6.0        1.0       -9.0        3.0        6.0       -3.0        5.0        6.0        5.0        0.0        9.0       -3.0        7.0       -1.0        2.0       10.0        4.0       -9.0       -4.0       -1.0      -10.0       -4.0        2.0       -1.0        3.0      -10.0       -1.0        0.0       -5.0        4.0       -5.0 =     -741.0
      -8.0     -302.0        4.0       -9.0       -4.0        2.0       -1.0       -8.0       -9.0       -2.0        6.0        5.0       -7.0        8.0        4.0       -1.0       -5.0       -7.0        9.0       -9.0       -5.0       -9.0        1.0        8.0        7.0       -8.0        0.0        2.0        5.0        2.0       -9.0       -7.0        9.0       -4.0        8.0       -4.0       -1.0        6.0       10.0       -9.0       -6.0       -3.0        0.0       -5.0        7.0       -6.0       -1.0        1.0       -6.0       -1.0       -1.0        7.0       -9.0       -2.0       -3.0       -5.0        0.0        9.0 =     2848.0
       1.0        6.0      283.0       -5.0       -6.0        2.0       -3.0        9.0       -7.0       -2.0        4.0        8.0       -7.0       -9.0       -1.0        2.0        1.0        7.0        1.0       -7.0        5.0      -10.0       -2.0        2.0        3.0        6.0        1.0       10.0       -5.0        0.0       -7.0       -6.0       -5.0        8.0        3.0       -9.0        1.0       -2.0        6.0        4.0        7.0       -9.0        1.0        0.0        0.0        3.0       -3.0        8.0       -6.0        4.0        3.0       10.0        9.0        4.0        5.0        3.0       -7.0       10.0 =     -644.0
      -4.0       -5.0        4.0      318.0        4.0       -5.0       -8.0       -3.0        8.0        0.0       -6.0        8.0        7.0       -5.0       -6.0       -2.0        7.0        9.0        5.0       -7.0        8.0       -1.0        6.0        8.0       -6.0       -8.0        5.0      -10.0        3.0       -5.0       -1.0        7.0       -6.0        0.0       10.0       -9.0       10.0       -3.0       -6.0       -4.0       -3.0        1.0        4.0       -1.0        8.0        7.0      -10.0       -7.0       -9.0        3.0       -5.0       -3.0        7.0        7.0       -8.0       -7.0        4.0       -2.0 =    -2424.0
       1.0       -7.0       10.0        8.0      307.0        7.0       -7.0        2.0       -8.0       -9.0       -7.0       -7.0       -9.0        5.0       -8.0       -5.0       -6.0       -2.0       -9.0       -6.0        2.0        3.0        3.0       -3.0        0.0       -6.0      -10.0        7.0       -6.0        4.0       -8.0        4.0        4.0        0.0        5.0       -2.0       -7.0        6.0       -1.0       -8.0        2.0       -5.0       -4.0       -2.0        8.0        9.0        0.0       -8.0       -7.0       -6.0        7.0        4.0       -1.0       -8.0        2.0      -10.0        2.0        7.0 =     -908.0
       8.0       -6.0       -9.0       10.0       -4.0     -316.0        8.0       -4.0       -6.0        8.0        8.0       -3.0       -5.0       -9.0       -6.0        9.0       -5.0       -4.0        1.0       -7.0        9.0        5.0       -7.0       -1.0       -4.0       -1.0        0.0       -2.0       -9.0       -3.0       -7.0        8.0        9.0       -4.0       -2.0        3.0        3.0       -1.0        1.0        4.0        6.0       -8.0       -4.0        5.0        9.0       -5.0       -5.0        3.0       -7.0        4.0       -3.0       -4.0       -9.0       -7.0       -5.0       -9.0        6.0       -9.0 =     -746.0
       0.0       -2.0        8.0        2.0        1.0       -5.0      284.0       -4.0       -8.0        9.0        9.0        8.0        7.0        6.0       -1.0        1.0       -9.0       -8.0       -4.0       -7.0       -5.0       -1.0        5.0        7.0       -5.0       -8.0       -5.0       -7.0       -7.0       -6.0       -7.0        9.0        0.0        3.0        5.0        6.0        6.0        9.0        1.0       -5.0       -4.0        2.0        5.0       -9.0       -2.0        2.0      -10.0        3.0       -1.0       -8.0       -8.0        1.0        4.0        1.0        0.0        0.0       -9.0        4.0 =     -506.0
       1.0       -9.0       -7.0        8.0        8.0        8.0        5.0     -364.0        8.0        8.0        9.0      -10.0       -3.0       -9.0       -4.0        7.0       -4.0        9.0       -7.0        5.0       -5.0        3.0       10.0        8.0        1.0       -4.0      -10.0       -7.0       10.0       -3.0        6.0        0.0        9.0        0.0        0.0       -9.0       -2.0       -3.0       -9.0        8.0       -9.0       -8.0        7.0        6.0      -10.0        8.0       -7.0       -8.0        5.0       -9.0       -8.0       -8.0        2.0        7.0       -6.0       -5.0       -6.0       -4.0 =     1564.0
       7.0        6.0        2.0       -9.0        8.0       -9.0        7.0        8.0     -308.0       -4.0        8.0        4.0       -6.0       -3.0       -7.0       -5.0        2.0        9.0        1.0       -3.0        6.0       -1.0        8.0        4.0       -3.0        5.0        2.0       -3.0       -9.0       -1.0      -10.0        6.0       -3.0        9.0       -9.0       -4.0        1.0        2.0       -7.0        5.0       -5.0        6.0        0.0       10.0        8.0       -8.0       -1.0       -1.0        6.0       -6.0        4.0       -3.0        9.0        3.0       -8.0       -5.0       -7.0       10.0 =        0.0
      -4.0        3.0        1.0       -4.0       -6.0        3.0        5.0        3.0        8.0      328.0       -4.0      -10.0        7.0       -7.0        8.0       -6.0       -5.0        8.0       -9.0        6.0       -5.0       -5.0      -10.0       -3.0       -7.0        8.0        3.0       10.0       -7.0       -2.0       -7.0        6.0        8.0        4.0        5.0        2.0       -7.0        4.0       -2.0       -6.0       -5.0       -6.0       -6.0       -4.0      -10.0       -5.0        5.0        9.0       -2.0       -6.0       -4.0       -5.0        8.0        9.0       -1.0        8.0        8.0       -2.0 =     1830.0
      -2.0        8.0       -8.0        4.0       -6.0        0.0        6.0       -6.0       -8.0       -7.0      269.0       -1.0       -8.0        0.0        6.0        8.0        3.0        1.0       -3.0       -5.0        3.0       10.0        1.0        4.0       -4.0       -3.0        6.0       -1.0        2.0       -9.0        2.0        6.0        1.0        7.0       -7.0       -3.0       -2.0       -5.0        8.0       -7.0       -6.0       10.0        9.0       -1.0       10.0        1.0       -3.0       -5.0       -9.0       -5.0        1.0        8.0        4.0        1.0        5.0        2.0       -3.0        1.0 =      840.0
      -8.0       -3.0       -4.0        1.0        6.0       -4.0       -3.0        5.0        3.0        1.0        4.0      232.0        3.0        5.0        2.0        7.0        4.0        0.0        7.0       -1.0       -1.0       -1.0       -2.0       -6.0        4.0       -3.0        4.0        9.0       -2.0        6.0        4.0       -9.0        5.0       -3.0       -4.0       -1.0        0.0        0.0       -7.0        9.0        2.0       -8.0       -3.0        0.0       -2.0       -1.0        0.0       10.0        1.0       -4.0        4.0       -7.0        1.0        5.0        9.0        5.0       -9.0       -8.0 =    -1270.0
      -9.0        8.0       -9.0        0.0        0.0        9.0       -8.0       -3.0       -5.0        9.0        8.0        0.0     -300.0        5.0        6.0       -3.0       -2.0        0.0       -6.0        9.0        4.0       -8.0        1.0       -3.0       -3.0        1.0        6.0        7.0        8.0       -4.0        3.0       -4.0        8.0       -7.0       -7.0       -2.0        3.0       -8.0       -7.0       -7.0       -1.0        0.0       -5.0        8.0       -7.0       -1.0       -9.0        9.0        4.0       -9.0        7.0        0.0        4.0        9.0        2.0      -10.0       -8.0       -6.0 =     2584.0
       4.0       -6.0      -10.0        9.0       -1.0       -2.0       10.0        5.0        9.0       10.0       -7.0        9.0       -3.0     -317.0       -8.0       -6.0        9.0       10.0       -7.0        2.0        1.0        2.0       -1.0       10.0        0.0        1.0        8.0        6.0        7.0        4.0        2.0       -2.0        5.0        6.0       -9.0       -3.0        8.0       -9.0        0.0       -4.0       -5.0       -3.0        8.0       -8.0        7.0        9.0       -5.0        4.0       -3.0        5.0        5.0       -8.0       -4.0       -9.0        0.0       -1.0       10.0       -3.0 =     -259.0
      -6.0       10.0        1.0       -5.0       -1.0       -1.0       -5.0       -5.0        4.0        6.0       -9.0        5.0       10.0       -4.0     -319.0        0.0       -4.0       -5.0        4.0        3.0        4.0       10.0       -5.0        1.0       10.0       -8.0       -9.0       -2.0      -10.0        3.0       -7.0       10.0        5.0       -4.0       -1.0       10.0       -4.0        6.0       -7.0        8.0        9.0        1.0       -8.0       -9.0        3.0        7.0       -1.0        8.0        3.0       -3.0       -4.0       -8.0       -3.0        8.0        8.0        3.0       -5.0        9.0 =     2930.0
      -2.0        5.0       -1.0       -7.0        7.0        2.0       -4.0        0.0      -10.0        2.0       -4.0        2.0        3.0        3.0       -6.0      271.0       -9.0        5.0        0.0       -2.0        6.0       -5.0        8.0       -5.0       -9.0       -9.0        0.0       -1.0        5.0        4.0       -2.0        5.0      -10.0        3.0        9.0       -2.0       -5.0        5.0       -2.0      -10.0        3.0       -1.0       -9.0        9.0       -1.0        6.0        1.0       -3.0       -1.0       10.0       -7.0        2.0        8.0        4.0        6.0       -7.0       -9.0       -3.0 =     -496.0
      -6.0        0.0       -4.0        2.0        2.0       -4.0       10.0       -6.0        7.0        7.0       -4.0        2.0        4.0        6.0        9.0        2.0     -287.0       -2.0       -3.0        5.0       -7.0       -3.0        0.0       -3.0       -3.0        9.0       -9.0       -5.0       -2.0        6.0        0.0       -2.0        0.0       -5.0       -6.0        9.0       -2.0       -8.0        2.0       -9.0       -4.0       -3.0       -1.0        7.0        7.0       -8.0        9.0        8.0       -4.0       -5.0       -8.0       -5.0       -6.0        5.0       -7.0        7.0        5.0        7.0 =    -2646.0
       6.0       -1.0       -8.0        9.0        4.0        5.0        5.0       -8.0       -7.0       -3.0       -6.0        5.0        5.0        1.0        5.0        4.0        9.0      289.0        9.0        0.0       -4.0       -4.0        2.0       -5.0        6.0       -8.0       -7.0       -6.0       -3.0        6.0       -2.0        5.0        8.0       -7.0        1.0        3.0        1.0        4.0        9.0       -8.0        2.0        9.0        7.0        6.0        6.0        5.0        1.0        0.0      -10.0        9.0        0.0       -5.0       -4.0        4.0       -6.0       -1.0        9.0        0.0 =    -2422.0
       8.0       -9.0        7.0        3.0       -7.0        2.0       -9.0        0.0       -7.0       -4.0        2.0        1.0       -1.0       -3.0        0.0       -5.0      -10.0       -1.0      302.0       -7.0       -9.0       -9.0        4.0       -7.0       -9.0       -7.0        6.0        1.0       -8.0        1.0       10.0        0.0        9.0        0.0       -5.0       -4.0        8.0       -5.0       -1.0       10.0        0.0        8.0        4.0       -3.0      -10.0       -7.0       -9.0       -6.0       -4.0        2.0       -2.0       -4.0        9.0       -1.0        8.0      -10.0        9.0        1.0 =      928.0
      -4.0        0.0        3.0       -6.0        2.0       -7.0       -1.0        4.0       -7.0       -8.0        8.0        0.0       -3.0       -4.0       -2.0        0.0        7.0        8.0       -7.0     -283.0        5.0        4.0        9.0       -2.0        0.0       -9.0        1.0       -8.0       -2.0        6.0        2.0       -2.0        2.0       -8.0        9.0        8.0        5.0       -4.0      -10.0       -7.0       -1.0        7.0        8.0        9.0       -6.0        0.0        4.0       -4.0        2.0        9.0       -4.0        2.0        6.0        9.0       -8.0        1.0       -2.0       10.0 =     2072.0
       4.0       -3.0        4.0       -7.0       -3.0        8.0        4.0        7.0       -5.0       -3.0        2.0        6.0        1.0        5.0       -3.0        5.0       -9.0        9.0       -6.0        5.0     -266.0       -8.0       -1.0        6.0       -8.0        0.0       -5.0      -10.0       -1.0       -1.0        2.0        1.0       -9.0        9.0       -6.0        4.0        7.0        2.0       -6.0        0.0        1.0       -4.0        2.0        9.0        5.0        9.0        8.0        7.0        0.0       -2.0       -9.0        5.0       -3.0       -6.0        3.0       -3.0       -5.0        0.0 =    -1512.0
       2.0        3.0        5.0        0.0       -7.0       -6.0       -7.0       -9.0        6.0       -3.0        3.0       -4.0        7.0       10.0        3.0       -1.0        1.0       -2.0        1.0        9.0        8.0      291.0        1.0       -4.0       -3.0      -10.0        6.0        8.0        3.0       -6.0        0.0       -3.0        6.0        3.0       -8.0        9.0        0.0      -10.0       -5.0        4.0       -4.0        7.0       -6.0       -6.0        2.0        9.0       -9.0        8.0       -1.0        2.0       -6.0        2.0       -2.0       -8.0       -6.0        8.0        8.0        3.0 =    -2114.0
       5.0        7.0       -5.0       -8.0       -5.0       -7.0        5.0        9.0       -4.0        0.0        8.0       -1.0        6.0      -10.0       -5.0        7.0       -8.0        6.0       -8.0       -1.0       -3.0        3.0      287.0       -3.0        4.0       -8.0        9.0       -6.0        2.0        7.0        5.0        1.0       -9.0        4.0        2.0        2.0        8.0        6.0       -7.0       -2.0        1.0       -3.0        2.0        4.0       -2.0        5.0       -3.0       10.0       -5.0        7.0        9.0        3.0       -1.0        3.0       -4.0        0.0        4.0        8.0 =    -1986.0
       1.0        4.0       -2.0        9.0       -8.0       -4.0       -2.0       -2.0       -6.0        5.0        5.0        2.0        9.0        7.0        3.0       -9.0        3.0       -4.0       -4.0        8.0       -5.0       -7.0        4.0     -310.0       -1.0        6.0       -7.0      -10.0        7.0        1.0        6.0        8.0        0.0       -7.0        1.0        7.0        9.0      -10.0       -5.0        9.0       -8.0       -7.0        1.0        9.0       -9.0        1.0       -4.0       -2.0       -4.0        7.0       -7.0       -4.0       -7.0        3.0        4.0       -7.0       -4.0        6.0 =     1926.0
       6.0        4.0       -7.0        1.0      -10.0        1.0       -3.0       -1.0        8.0       -6.0        8.0        6.0       -7.0       -5.0        0.0       -9.0       -7.0        6.0        6.0       -9.0       -7.0        4.0        4.0      -10.0      353.0        9.0        7.0       -9.0       10.0        7.0        0.0       -5.0       -8.0      -10.0      -10.0       -6.0       -1.0       -6.0        3.0       -7.0      -10.0        3.0        4.0       -2.0       -2.0        8.0        7.0        9.0      -10.0        8.0       -9.0        8.0       -3.0       -1.0       -8.0       -7.0        5.0      -10.0 =    -1740.0
      -2.0       -2.0       -5.0        7.0        4.0        7.0        8.0       -4.0        4.0        2.0       -8.0       -2.0       -4.0        2.0        5.0        5.0       -8.0        7.0       -6.0       -5.0       -1.0        3.0       -8.0       -4.0        0.0     -289.0       -4.0       -1.0        4.0        5.0        9.0       -3.0       -1.0       -8.0       -3.0       -8.0       -8.0        7.0       10.0      -10.0       -3.0        1.0       -9.0        1.0       -9.0        7.0        3.0        9.0        6.0        2.0       -7.0       -1.0      -10.0      -10.0       -3.0       -6.0       -7.0       -1.0 =     3420.0
      -3.0       -4.0        0.0        5.0        4.0       -1.0       10.0       -4.0       -3.0        9.0        2.0        4.0       -7.0        1.0        1.0        2.0        9.0       -2.0        1.0        5.0       -2.0        9.0        4.0        1.0        5.0       -4.0     -285.0       -5.0       -9.0        8.0       -5.0       10.0        8.0        4.0       -3.0       -1.0       -1.0        7.0        9.0        5.0       -7.0       -5.0       -5.0      -10.0       -4.0       -3.0        7.0       -4.0       -1.0        9.0       -1.0       -3.0       -5.0        9.0       -8.0       10.0       -7.0       -6.0 =     2250.0
       7.0       -2.0       -7.0       -1.0       -6.0        4.0      -10.0       -1.0        0.0        7.0        1.0       -7.0       -4.0       -9.0        8.0        7.0       -8.0       -2.0       -7.0        6.0      -10.0       -5.0       -3.0       -5.0       -4.0       -8.0        6.0     -298.0       -9.0        0.0       -8.0        8.0        8.0        7.0       -3.0        9.0       -2.0       -6.0        6.0        4.0       -8.0       -2.0       -6.0       -7.0        4.0        3.0        9.0       -2.0        0.0        3.0        4.0       -9.0       -1.0       -5.0        7.0        2.0       -3.0        5.0 =     1715.0
       8.0       10.0       -3.0        9.0       -3.0        3.0       -1.0        4.0        1.0       -8.0        8.0       -9.0       -7.0        6.0        5.0        1.0        4.0       -2.0        7.0       -3.0       -6.0       -8.0       -5.0        0.0       -5.0        5.0        3.0        6.0      295.0        5.0       -9.0       -5.0       -5.0        7.0       -5.0       -9.0        6.0        5.0       -9.0       -2.0       -4.0       -8.0       -4.0       -9.0       -2.0        3.0        4.0       -8.0       -6.0        0.0       -9.0        5.0       -2.0        0.0        9.0        7.0       -2.0       -5.0 =    -1578.0
     -10.0        7.0       10.0        8.0       -7.0       -5.0       -3.0        5.0        9.0      -10.0       -3.0       -9.0       -2.0        4.0        0.0        7.0        9.0       -3.0        4.0       -8.0       -3.0       -7.0       -2.0        4.0       -5.0       -9.0        5.0      -10.0        4.0      317.0        9.0       -1.0        1.0      -10.0        6.0       -1.0       10.0       -8.0       10.0       -1.0        7.0        7.0        7.0       -7.0        2.0       -2.0       -1.0        7.0        3.0       -3.0        4.0       -8.0       -9.0       -2.0       -6.0        5.0       -5.0        2.0 =     1565.0
      -7.0        8.0        3.0        3.0        2.0       -3.0        6.0       -9.0       -5.0       -5.0        5.0       -1.0        2.0       -8.0       -7.0        8.0       -7.0       10.0        1.0       10.0        2.0        0.0        6.0       -5.0        8.0        4.0       -8.0       -9.0        9.0       -2.0     -312.0       -7.0       -2.0       -9.0        4.0       -6.0        2.0        5.0       10.0        7.0       -2.0        6.0        9.0        8.0        7.0       -7.0        1.0        3.0        6.0        3.0       -8.0        9.0        1.0       -7.0        3.0       -8.0        3.0        2.0 =    -2412.0
      -1.0        5.0        8.0       -2.0       -9.0        0.0       -7.0       -1.0       -7.0       -6.0        0.0        5.0        9.0        0.0       -6.0       -8.0        1.0      -10.0       -4.0        3.0       -2.0        4.0       -2.0        3.0        8.0        0.0       -8.0       -1.0        6.0        7.0        7.0      271.0        1.0       -4.0        9.0       -6.0        8.0        2.0        0.0        9.0        1.0       -1.0       -3.0       -3.0        3.0       -1.0        8.0       -1.0       -5.0       -8.0        5.0        7.0       -9.0       -6.0       -8.0        4.0        2.0       -9.0 =    -1548.0
      -4.0        6.0       -7.0       -8.0       -6.0        0.0       -8.0        7.0        2.0        7.0       -7.0        4.0       -3.0        4.0       -5.0        6.0       -4.0        2.0       -2.0       -7.0        5.0       -1.0        6.0       -8.0        6.0        8.0       -8.0        8.0        7.0       -1.0        1.0        0.0      265.0        4.0       -8.0        1.0       -3.0        2.0        4.0        8.0        3.0        2.0       -4.0        1.0        7.0        4.0       -4.0       -7.0       -5.0       -5.0       -4.0        4.0      -10.0       -3.0       -3.0       -2.0       -4.0       -2.0 =     1205.0
      -8.0       -5.0       -2.0       -8.0        5.0        6.0        9.0        4.0       10.0       -7.0       -4.0       -4.0        9.0        5.0       -2.0        5.0       -2.0       -5.0        0.0        7.0        7.0       -7.0        5.0        5.0        6.0       -4.0       -9.0        2.0       -9.0        3.0       10.0        0.0       -5.0      312.0        5.0       -6.0        6.0      -10.0       -1.0       -4.0        4.0        5.0        2.0       10.0        9.0      -10.0       -9.0       -2.0        8.0       -5.0        4.0        3.0        2.0       -6.0       -7.0        3.0       -6.0        5.0 =     2961.0
      -8.0        7.0       -6.0       -9.0      -10.0       -6.0       -1.0        4.0        0.0       -7.0        9.0        4.0        9.0       -5.0       10.0        3.0        6.0       -3.0        7.0       -7.0        2.0        7.0        0.0        4.0       -2.0       -5.0        1.0       -6.0       -1.0       -7.0        9.0        4.0       -4.0       -6.0      300.0        3.0       -2.0       -3.0       -3.0        6.0        6.0       -3.0       -8.0       -4.0        5.0       -5.0        5.0        5.0       -9.0        0.0        6.0        4.0       -5.0        4.0        9.0        9.0        6.0        2.0 =      321.0
       7.0        8.0       -3.0        3.0        0.0        5.0        9.0        5.0       -6.0       -8.0        3.0       -2.0        7.0      -10.0        3.0       -4.0       -7.0        6.0        1.0        2.0       -4.0        1.0        1.0       -3.0        9.0        2.0       -7.0        7.0        9.0       -9.0       -5.0        8.0        0.0       -5.0        1.0     -291.0       -9.0        5.0       -7.0       -2.0       -7.0       -7.0        4.0       -3.0       -7.0        2.0        6.0       -9.0       -2.0        4.0        1.0       -9.0       -7.0       -6.0       -5.0        3.0       -5.0        6.0 =      963.0
      -5.0        1.0       -8.0       -5.0       -2.0       -1.0       -2.0        4.0        9.0        4.0       -9.0        3.0        7.0       -6.0        5.0        0.0       -9.0       -7.0       10.0        2.0        6.0        3.0       -6.0       -1.0        6.0       -6.0      -10.0       -2.0        3.0        8.0       -7.0       10.0       -3.0       -8.0        6.0       -5.0     -295.0        9.0        6.0        2.0        0.0        9.0        0.0       -3.0        8.0       -8.0       -2.0        5.0        7.0       -3.0       -8.0        3.0        5.0        2.0        9.0       -6.0        5.0       -6.0 =     -552.0
      -7.0       -2.0       -1.0        3.0       -7.0       -7.0       -9.0        1.0       -2.0       -5.0        6.0        1.0        8.0        6.0        3.0       -2.0        6.0        2.0       -5.0       -1.0        7.0       -1.0       -3.0       -4.0      -10.0        9.0       -8.0       -1.0        6.0        2.0       -2.0        1.0        7.0        5.0        3.0        7.0       -5.0     -280.0        0.0       -8.0       -8.0       -9.0       -2.0       -8.0       -8.0        5.0       -9.0       -5.0        3.0        6.0       -1.0        8.0        5.0        2.0       -5.0       10.0       -5.0        1.0 =     1535.0
      -2.0        9.0       -6.0        7.0        3.0       -4.0        4.0       -3.0        1.0       -1.0        0.0        8.0        6.0       -8.0        3.0        2.0        5.0       -2.0       -9.0        5.0        2.0       -2.0        9.0        0.0        0.0       -3.0      -10.0        8.0        1.0        2.0        1.0        3.0       -8.0        5.0       -7.0       -9.0        1.0       -1.0      236.0       -5.0        5.0        1.0        0.0        9.0        0.0        5.0        5.0        1.0       -4.0       -9.0        5.0        3.0       -9.0        1.0       -3.0        3.0        4.0        1.0 =     1295.0
       2.0        0.0       -2.0        7.0        7.0       -6.0       -8.0        8.0       -8.0        2.0       -5.0        1.0       -6.0       -9.0       -9.0        9.0        0.0       -3.0       -4.0       -1.0       -9.0        0.0        6.0        2.0        1.0       -2.0        0.0       -9.0        7.0       -7.0        4.0        8.0        1.0       10.0       -3.0       -3.0       -6.0        5.0        5.0     -268.0        0.0        8.0        0.0        4.0       -6.0       -2.0       -6.0        0.0        9.0        4.0       -2.0        8.0       -8.0       10.0       -9.0       -1.0        4.0        0.0 =     1080.0
       3.0        4.0       -1.0       -2.0       -2.0        0.0        9.0       -6.0        0.0        2.0       -1.0       -2.0       -3.0        4.0       -1.0        1.0        8.0        3.0        2.0        7.0       10.0        1.0       -1.0       -8.0        5.0       -5.0        6.0       -4.0        1.0       -2.0        5.0        5.0       10.0        9.0       -7.0        5.0       -8.0       -9.0        7.0      -10.0      287.0       -3.0       -7.0        0.0       -2.0        8.0        0.0       -2.0       -9.0        9.0       -9.0        6.0        7.0       -5.0        8.0       -8.0        8.0       -8.0 =     1575.0
      -7.0        0.0       -2.0       -3.0       -4.0        3.0        0.0       -2.0        7.0       -6.0        7.0       -1.0      -10.0       -5.0       -9.0       -9.0        0.0        0.0       -8.0       -7.0       -6.0       -1.0        6.0       -9.0       -3.0        1.0        4.0        6.0        7.0       -3.0        0.0        1.0       -2.0       -3.0        7.0       -3.0        6.0        9.0       -2.0        8.0        6.0     -262.0        0.0       -7.0        0.0       -5.0        7.0       -4.0       -9.0        6.0       -1.0        1.0        6.0       -4.0       -6.0       10.0        0.0        8.0 =     2870.0
       6.0        6.0       -7.0       -7.0       -3.0       -9.0       -3.0        3.0       -4.0        4.0        3.0        2.0       -2.0       -8.0       -1.0       10.0       -7.0       -2.0       10.0       -4.0       -1.0       -8.0        1.0       -8.0        1.0       -4.0       -8.0       -1.0        4.0        6.0      -10.0        5.0        5.0        7.0        8.0        3.0        3.0        3.0       -2.0       -8.0        6.0        3.0      283.0       -4.0       -6.0        5.0       -3.0       -6.0        1.0       -6.0       -1.0        4.0       -4.0       -8.0       -9.0       -7.0        2.0        1.0 =      702.0
       2.0      -10.0        2.0        2.0      -10.0        3.0       -2.0        0.0        8.0       -1.0       -6.0       -3.0        0.0        3.0       -4.0        1.0       -8.0       -7.0       -1.0       -7.0        2.0        7.0       -6.0        4.0       -6.0       -4.0        1.0        5.0       -4.0        2.0        2.0        1.0        6.0       -9.0       -1.0        1.0       -4.0       -8.0       -4.0       -6.0       -3.0       10.0       -9.0      251.0       -5.0       -5.0        8.0        0.0        0.0       10.0        2.0       -7.0       -8.0        1.0       -2.0       -3.0        2.0        4.0 =      374.0
       6.0       -7.0        3.0       -8.0        2.0       -3.0        4.0        4.0       10.0       -6.0        2.0       -1.0        7.0        8.0       -3.0        0.0        3.0        7.0       -9.0        8.0       10.0        4.0       -4.0       -6.0       -9.0       -7.0       -6.0      -10.0       -5.0        2.0        3.0       -2.0        5.0       -6.0       -7.0       -5.0       -4.0       -5.0        9.0       -1.0       -5.0       -9.0       -2.0        5.0      303.0        7.0       -9.0       -3.0        0.0       -3.0       -7.0        9.0        7.0       -2.0        5.0        1.0      -10.0       -6.0 =      528.0
       6.0        7.0       -2.0       -3.0        1.0       -2.0       -5.0        7.0       -5.0        0.0        7.0       -8.0       -7.0       -9.0        6.0        6.0       10.0       -4.0        0.0       -3.0       -3.0        5.0       -4.0       -6.0        1.0        1.0       -5.0       -5.0        9.0        9.0        7.0       -6.0        4.0        4.0        7.0        1.0       -7.0       -3.0        2.0        1.0       -5.0       -7.0        4.0        3.0        3.0     -277.0       -5.0       -4.0       -6.0       -2.0        7.0       -9.0        8.0        1.0        9.0       -3.0        7.0        5.0 =    -2313.0
      -6.0        6.0       -3.0       -6.0        9.0       -3.0        5.0        8.0        6.0       -2.0       -1.0        8.0        8.0       -1.0        7.0       -3.0        0.0        3.0        4.0       10.0        4.0       -4.0       -2.0       -7.0        9.0       -6.0       -7.0       -7.0       -8.0       -5.0        9.0       -7.0       -6.0       -9.0       -8.0        9.0        1.0        7.0        9.0        1.0        2.0        5.0       -8.0       -3.0        1.0        0.0     -287.0        1.0        7.0        4.0        0.0       -3.0       -2.0        6.0       -1.0        3.0        4.0       -7.0 =     -768.0
       9.0        5.0       -2.0        5.0        2.0       -7.0        1.0        8.0        7.0        0.0        5.0        6.0       -5.0        0.0        5.0       -5.0       -5.0        3.0        6.0      -10.0       -6.0       -2.0       -9.0        8.0       -8.0        4.0       -7.0        6.0        1.0        5.0        5.0       -7.0       -9.0        2.0        2.0       -1.0       -8.0       -5.0       -9.0       -9.0       -7.0       -3.0        3.0       -6.0       -7.0        4.0        6.0      302.0        5.0       -7.0        4.0        8.0        5.0       -4.0        7.0        0.0        7.0       -9.0 =      289.0
       5.0       -9.0        8.0        3.0        9.0       -4.0        2.0        7.0       -5.0       -6.0       -8.0       -4.0        3.0        8.0        5.0       -4.0       -6.0       -6.0       -5.0        2.0       -6.0       -8.0      -10.0       -5.0       -1.0       -5.0       -5.0        5.0       -3.0        7.0       -1.0        4.0       -6.0        1.0        7.0       -1.0      -10.0        5.0       -6.0        8.0        5.0        6.0        2.0        9.0        4.0       -6.0        5.0        0.0     -301.0        6.0      -10.0       -3.0       -3.0       -5.0       -4.0       -7.0       -3.0       -3.0 =    -3087.0
      -3.0       10.0       -6.0       -9.0        7.0       -7.0       -4.0        4.0        5.0        1.0        4.0        4.0        3.0        2.0        0.0       -2.0       -1.0        7.0       -1.0       -1.0        7.0       -5.0        0.0        5.0        6.0        5.0        8.0       -5.0        9.0       -9.0        4.0       -7.0        4.0       -3.0        7.0        1.0        3.0        1.0        4.0      -10.0       -3.0       -2.0        8.0        7.0        7.0        4.0        9.0        8.0        4.0     -284.0       -3.0       10.0       -5.0        2.0        7.0       -3.0        2.0        9.0 =    -1295.0
      -9.0       -9.0        2.0        7.0       -3.0        2.0        2.0        9.0       -4.0        4.0       -5.0       -4.0        1.0        3.0       -2.0        6.0        4.0       -4.0       -5.0        7.0        5.0        9.0       -1.0        2.0        9.0        1.0        6.0       -2.0       -9.0       -7.0       -7.0       -8.0       -6.0        4.0      -10.0        6.0      -10.0       10.0        2.0        6.0       -4.0        5.0        6.0        7.0       -2.0        2.0        5.0        5.0       -9.0        6.0     -297.0       -7.0       -5.0       -9.0        2.0       -5.0        1.0        5.0 =     1168.0
       4.0       -7.0        5.0       -8.0       -6.0       -8.0        9.0        5.0      -10.0       -2.0        2.0        9.0        9.0       -2.0       -8.0       -4.0       -2.0        5.0       -4.0       -2.0        8.0        3.0       -6.0       -8.0        2.0        3.0        7.0       -1.0        3.0        1.0        9.0        3.0       -1.0       10.0       -5.0       -7.0       -3.0       -2.0        4.0        8.0       -1.0        0.0        7.0        4.0        4.0        8.0        9.0       -2.0       -6.0       -5.0       -9.0     -294.0        8.0        7.0        9.0       -3.0        1.0       -3.0 =     1771.0
       1.0       -6.0        5.0       -9.0       -7.0      -10.0       -4.0        9.0       -3.0        3.0        7.0       -9.0       -7.0        3.0        0.0       -6.0       -2.0       -5.0       -2.0       -4.0       -7.0        7.0       -6.0        7.0       -6.0       -8.0        6.0        9.0        7.0       -5.0       -7.0        0.0        8.0        6.0       -7.0       -3.0       -6.0       -7.0       10.0        5.0        7.0        2.0        8.0       -5.0        8.0        1.0        2.0       -7.0       -3.0        3.0        6.0        5.0     -317.0        8.0        3.0       -4.0       -2.0       -6.0 =     -334.0
      -6.0        9.0        7.0       -5.0       -5.0       10.0       -3.0       -3.0       -7.0        6.0        8.0        4.0        7.0        4.0       -4.0        0.0        6.0        2.0       -3.0       -6.0        8.0        1.0        7.0        4.0       -6.0       -7.0       -2.0       -7.0       -1.0       -6.0       -4.0        7.0        6.0       -5.0        3.0        6.0       -9.0       -6.0       -5.0        3.0       -4.0       -9.0       -6.0       -7.0        7.0       -5.0        9.0        6.0       -5.0      -10.0       -3.0        0.0        9.0     -310.0       -7.0       -2.0       -6.0        2.0 =    -2664.0
      -3.0       -9.0        2.0       -1.0       -9.0        8.0       -7.0        1.0        8.0       -5.0       -1.0        5.0        1.0        3.0        2.0       10.0        0.0        1.0        5.0       -9.0        8.0        9.0        7.0        8.0        4.0        2.0       -9.0       10.0        9.0       -1.0        9.0       -6.0      -10.0        1.0       -7.0        5.0        5.0        0.0        2.0        3.0       -1.0        9.0      -10.0        2.0       -4.0       -4.0        1.0        5.0       -8.0        0.0        5.0        5.0       -3.0        6.0     -295.0      -10.0       -9.0       -7.0 =     1068.0
      -8.0        2.0        8.0       -1.0       -8.0        5.0        1.0        3.0        2.0        8.0       -7.0        9.0       -4.0        2.0        4.0        7.0        4.0        4.0        0.0        9.0       -5.0       -4.0        3.0        2.0        4.0       -5.0        4.0        3.0        2.0       -4.0       -2.0        0.0       -7.0       -2.0        3.0        3.0        1.0        9.0       -7.0        6.0        0.0        9.0        6.0        5.0        7.0       -6.0       -7.0        8.0        9.0        8.0       -2.0       -6.0       -3.0       -3.0        8.0     -280.0        5.0       -8.0 =     -618.0
       2.0        0.0       -1.0        4.0        2.0       10.0       -8.0       -2.0        3.0       -1.0        7.0       -6.0       -5.0        7.0        5.0        3.0        0.0       -9.0       -1.0       -9.0        9.0       -2.0       -6.0       -2.0        9.0        7.0        4.0       -6.0       -9.0        8.0        6.0       -9.0       -1.0        6.0        2.0       -3.0       -3.0        7.0       -2.0       -6.0       -2.0       -6.0       -5.0       -9.0        6.0       -2.0        2.0       -3.0        8.0       -8.0       -4.0       -9.0        8.0       -7.0        1.0       -3.0     -285.0       -2.0 =     -930.0
      -1.0        5.0       -7.0       -2.0       -7.0        9.0      -10.0        8.0        7.0       -6.0        5.0        6.0       -4.0       -3.0        3.0       -9.0      -10.0       -3.0        9.0       -7.0       -3.0        7.0       -2.0        6.0       -4.0        0.0       -5.0        5.0        1.0       -4.0        8.0        5.0        9.0       -8.0       10.0       -7.0        9.0       -4.0        8.0        6.0        6.0        4.0       -9.0       -6.0       -4.0       -7.0       -1.0       -2.0       -7.0        4.0       -7.0        8.0       -7.0       -6.0        6.0        9.0        5.0      337.0 =     1029.0

       3.0       -8.0       -2.0       -8.0       -4.0        2.0       -2.0       -4.0        0.0        6.0        3.0       -5.0       -8.0        1.0      -10.0       -2.0        9.0       -7.0        4.0       -8.0        6.0       -7.0       -6.0       -6.0       -6.0      -10.0       -9.0       -5.0       -6.0        5.0        9.0       -6.0        5.0        9.0        1.0       -3.0        2.0       -5.0        5.0       -4.0        5.0      -10.0        3.0        2.0        2.0        9.0        3.0        1.0        9.0        7.0       -4.0       -7.0        1.0        8.0       -4.0        3.0        3.0        3.0
