58
    -261.0       -2.0        2.0        1.0        7.0       -2.0       -6.0        7.0       -1.0       -9.0        0.0       -1.0       10.0        0.0       -4.0        4.0        6.0       -4.0       -2.0        7.0        2.0        6.0        7.0       -8.0        8.0       -1.0       10.0       -5.0        1.0        7.0       -4.0        5.0       -3.0        9.0       -3.0       -1.0       -5.0      -10.0       -1.0        2.0        7.0        6.0       -7.0        6.0        5.0       -1.0        4.0      -10.0       -1.0       -1.0       -1.0       -6.0        1.0       10.0        5.0       -7.0       -1.0        8.0 =        0.0
       3.0     -292.0        7.0       -3.0       -8.0        7.0       -2.0        8.0        4.0        9.0       -2.0       -6.0        6.0        0.0        0.0       -7.0      -10.0       -6.0        0.0       -7.0       -6.0        1.0        0.0       -6.0        8.0        4.0       -3.0        4.0       -5.0        0.0        3.0        2.0        8.0       -3.0       -2.0       -6.0       -2.0       -8.0        7.0        8.0       -9.0        7.0       -5.0        4.0        7.0        5.0        7.0        5.0       -7.0        8.0       -5.0        9.0       -2.0        6.0        2.0        9.0        5.0        5.0 =      976.0
       2.0       -4.0      263.0        0.0        1.0        3.0        6.0       -6.0        0.0       -9.0        1.0       -2.0        9.0       -7.0        0.0        2.0       -6.0        3.0      -10.0        3.0       -4.0       -3.0       -3.0        7.0       -8.0        7.0       -8.0        2.0       -5.0       -1.0       -2.0       -7.0        5.0        9.0       -5.0       -9.0       -7.0        4.0       -2.0       10.0        3.0        6.0        1.0       -1.0        3.0       -2.0       -8.0       -1.0       10.0       -3.0      -10.0        7.0        1.0        0.0        6.0       -1.0        0.0        8.0 =     1984.0
       5.0      -10.0       -5.0      271.0        7.0        0.0        3.0       -1.0        9.0        2.0        0.0        3.0        7.0       10.0       -8.0       -7.0       -3.0       -2.0       -3.0        1.0        5.0        0.0       -4.0        5.0        5.0        0.0        7.0       10.0       -2.0        7.0        6.0        2.0        2.0        1.0        4.0       -4.0       -7.0        5.0       -5.0        4.0      -10.0       -8.0        1.0       -9.0        4.0        7.0        6.0        7.0       -4.0       -9.0        4.0        0.0       -1.0        2.0       -9.0       -2.0       -2.0       -7.0 =     1740.0
      -4.0       -4.0       -8.0        5.0     -319.0       -1.0       -5.0        3.0       -4.0        2.0        6.0       -6.0        2.0        8.0        9.0        0.0       -8.0       -3.0       -6.0        5.0        9.0       -4.0       -8.0       -6.0       -8.0       -9.0       -5.0        8.0        1.0       -6.0        4.0        2.0       -5.0        0.0        8.0        5.0      -10.0       -7.0       -4.0        5.0       -9.0       -3.0       -1.0       -8.0        9.0        8.0        7.0       -6.0        8.0       -4.0        1.0       -9.0        8.0        5.0       -9.0        0.0       -9.0        8.0 =     2534.0
       5.0       -8.0        7.0        8.0        2.0      299.0        7.0        7.0       -3.0        2.0       -4.0       -2.0       -3.0        9.0        4.0      -10.0        2.0       -5.0        6.0       -5.0        4.0        4.0       -4.0        8.0       -2.0       -8.0        8.0        7.0       -8.0      -10.0        1.0        5.0        8.0       -2.0       -5.0        1.0       -6.0        3.0        3.0       -4.0        4.0       -9.0        9.0       -8.0        5.0        7.0       -4.0       -1.0        0.0        7.0        2.0       -3.0        5.0        8.0        6.0       -8.0        6.0        3.0 =      350.0
       9.0        1.0        0.0       -9.0       -4.0       -1.0      323.0       -9.0       -9.0        2.0       -9.0        2.0       -8.0       -5.0       -5.0        6.0        7.0        3.0       -6.0       -7.0       -8.0        6.0        7.0        0.0       -9.0        9.0       -8.0        7.0       -4.0       -9.0        6.0       -9.0       -6.0        8.0        2.0        6.0        4.0        9.0        9.0       -4.0        3.0        7.0        5.0        7.0       -3.0       -3.0        7.0       -6.0       -5.0        7.0       -2.0        0.0       -9.0       -1.0        1.0       -5.0       -8.0       -9.0 =     2547.0
      10.0       -6.0       -6.0        9.0       -5.0        4.0        3.0     -304.0        3.0       -9.0       -1.0       -1.0       -2.0       -2.0        7.0        7.0        9.0       -6.0       -4.0        4.0        6.0        0.0       -5.0       -3.0       -4.0        0.0       -8.0       -8.0        5.0        5.0        2.0       -6.0       10.0        5.0        5.0        6.0       -4.0       -7.0      -10.0        4.0       -5.0        2.0        9.0        4.0       -1.0        7.0       -2.0       -8.0       -1.0       -3.0        8.0        8.0       -6.0       10.0       -7.0       -2.0       -5.0        7.0 =     2820.0
       2.0        1.0        2.0        5.0        9.0        5.0       -6.0        0.0      271.0        4.0       -5.0        8.0       -6.0       -9.0       -5.0       -9.0        5.0        5.0        0.0       -8.0       -6.0        2.0       -7.0       -7.0        3.0        9.0       -2.0        5.0       -4.0       -5.0       -8.0        2.0       -3.0        2.0       -4.0        5.0        3.0       -1.0       -2.0       10.0        1.0        1.0       -7.0       -3.0       -6.0        9.0        8.0       -4.0       -5.0       -4.0       -2.0       -1.0        6.0       -3.0        2.0       -8.0        2.0        8.0 =     -255.0
       5.0        5.0        6.0        1.0        7.0        2.0       -3.0        1.0       -7.0      259.0        0.0        6.0        1.0       -8.0       -3.0       -7.0       -4.0        6.0       -8.0       -3.0        8.0        5.0        8.0       -2.0        0.0       -3.0       -3.0        7.0       -2.0        3.0       -1.0       -1.0        9.0        5.0        3.0        6.0        8.0        6.0       -4.0       -8.0       -7.0        9.0        9.0       -6.0        3.0        1.0       -2.0        3.0        0.0      -10.0        7.0       -1.0        2.0        3.0       -6.0        4.0       -4.0        2.0 =     2456.0
      -2.0       -2.0       -1.0        7.0       -3.0        6.0       -8.0        4.0       -7.0        7.0      276.0        8.0        5.0        6.0       -6.0        8.0       10.0        9.0        7.0        3.0       -3.0       -7.0        3.0        2.0       -2.0        6.0       -6.0       -7.0        6.0        9.0        8.0       -1.0        2.0       -9.0        2.0       -5.0       -5.0        5.0        3.0        9.0       -4.0       -5.0        3.0       -2.0        1.0       -4.0        3.0        7.0        0.0        8.0        0.0        5.0        9.0        0.0        1.0        1.0       -1.0      -10.0 =     2792.0
       6.0        8.0       -4.0        0.0        2.0        6.0       -8.0        3.0        7.0        9.0        7.0     -316.0       -3.0       -5.0       -3.0       10.0       -1.0        4.0       10.0       -8.0       -3.0        3.0        8.0      -10.0        0.0        4.0        0.0       -7.0       -9.0        4.0       -1.0        7.0       -9.0        1.0       -8.0       -7.0       -9.0       -8.0       10.0        6.0        6.0        8.0       -9.0       -4.0       -6.0       -7.0        1.0        3.0        1.0       -8.0        0.0        8.0        4.0       -9.0       -1.0        4.0       -3.0       10.0 =    -2142.0
       4.0       -5.0        9.0        9.0        7.0       -1.0       -9.0        8.0        7.0       -6.0       -9.0       -8.0     -274.0        0.0        4.0       -4.0       -9.0        0.0        3.0        6.0       -6.0       -9.0       -5.0        1.0       -6.0       -4.0       -5.0        9.0        1.0       -2.0       -9.0        8.0       -7.0       -2.0        0.0        2.0       -3.0       -6.0        4.0        3.0       -1.0       -3.0       -3.0        6.0        3.0        7.0       -7.0        3.0       -2.0        3.0        4.0       -4.0        2.0       -8.0        4.0       -2.0       -7.0        0.0 =     2781.0
     -10.0        2.0       -7.0        6.0       -5.0        7.0       -5.0       -6.0       -3.0        8.0       -6.0        5.0        9.0     -311.0        8.0       -4.0       -1.0       -6.0        1.0        4.0       -5.0       -8.0       -9.0       -3.0       -6.0       -2.0      -10.0       -3.0        8.0       -3.0        5.0       -9.0        1.0       10.0       -2.0       -9.0       -5.0       -1.0       -6.0        6.0       -6.0        0.0        7.0       -9.0        0.0       -7.0        5.0       -3.0       -1.0        8.0       -8.0        5.0       -3.0       10.0        4.0        3.0        3.0       10.0 =     2429.0
      -6.0        6.0       -7.0        5.0       -8.0        0.0        7.0        0.0        4.0       -2.0       -3.0       -5.0        6.0        0.0     -316.0        9.0       -7.0        3.0       -8.0       -4.0        3.0        9.0        7.0        8.0        4.0      -10.0       -8.0      -10.0       -2.0       -6.0        1.0       -6.0       -7.0       -5.0       -1.0        8.0        4.0      -10.0       -4.0        9.0       -6.0       -4.0        7.0        6.0       -7.0        5.0       -2.0        9.0        7.0       -1.0        5.0       -3.0       -4.0       -7.0        4.0      -10.0        7.0       -4.0 =     3060.0
       6.0       -6.0       -6.0        4.0        9.0        0.0      -10.0       -1.0        2.0       -7.0       -2.0       -8.0        5.0       -4.0        0.0      287.0       -4.0        4.0      -10.0       -2.0        2.0        0.0        1.0        7.0        9.0        2.0       -5.0       -8.0        4.0        1.0       -1.0       -4.0        8.0       -5.0        7.0       -8.0        7.0       -2.0       10.0        7.0        6.0       -3.0        6.0        0.0       -9.0       -6.0        0.0       -4.0       -1.0      -10.0        9.0       -5.0        8.0        6.0        8.0       -9.0        1.0        4.0 =    -2030.0
      -5.0       -5.0        7.0       -6.0       -5.0        4.0        2.0        8.0       -1.0       -4.0       -7.0       -8.0       -3.0       -4.0        7.0        8.0     -294.0       -3.0        6.0       -5.0        5.0        6.0        7.0       -3.0       -5.0       -5.0       -9.0       -1.0       -5.0       -7.0        2.0       -5.0        3.0        6.0       -4.0       -8.0       -3.0       -9.0        3.0       10.0        8.0       -2.0       -6.0        1.0       -5.0       -8.0        0.0       -6.0        4.0       -7.0        8.0       -5.0        3.0       -5.0        4.0        6.0        5.0        7.0 =     2296.0
     -10.0        9.0        8.0        3.0       -6.0       -8.0       -3.0        5.0        0.0       -2.0       -8.0       -8.0        3.0       -4.0       -1.0        1.0        2.0      289.0        3.0        3.0        2.0        3.0        1.0      -10.0       -6.0       -6.0       -1.0        2.0       -7.0       -8.0        4.0        5.0        3.0       -5.0        3.0       -2.0       -9.0       -8.0       -8.0        3.0        5.0       -9.0       -1.0       -8.0       -3.0       -7.0        1.0       10.0        4.0       10.0       -7.0       10.0        1.0       -9.0       -7.0        1.0        0.0       -5.0 =    -1526.0
      -6.0       -3.0        0.0        4.0        2.0        3.0        1.0       -4.0       -9.0        2.0       -3.0       10.0       -2.0        6.0       -3.0        8.0        1.0       -7.0      269.0        7.0       -3.0        2.0       -3.0        2.0        6.0       -9.0        9.0       10.0       -7.0        8.0        1.0        8.0       -7.0        0.0       -2.0       -5.0        2.0       -1.0        9.0       -9.0        8.0        1.0        7.0       -5.0       -5.0       -8.0        1.0       -1.0        5.0       -8.0       -9.0        3.0        3.0        5.0        5.0        6.0        0.0       -2.0 =    -1465.0
       8.0       -1.0        3.0       -2.0        4.0        0.0        2.0        9.0        1.0       -2.0       -7.0        7.0        4.0       -1.0        4.0       -3.0       -9.0       -1.0        3.0      280.0       -6.0        6.0        9.0        2.0        1.0        2.0       -9.0       -4.0       -2.0        5.0        8.0      -10.0       -4.0       -3.0        2.0       -1.0        8.0        1.0       -7.0        6.0        6.0       -2.0        5.0        9.0        4.0       -9.0       -3.0        5.0       -8.0        9.0        7.0        9.0       -3.0      -10.0        0.0       -6.0       -6.0        2.0 =     1248.0
      -6.0       -2.0       -1.0        9.0        7.0       -2.0       -3.0      -10.0       -9.0       -6.0       -9.0      -10.0       -2.0       -6.0        5.0       -4.0       -1.0        0.0        0.0        9.0      277.0       10.0       -2.0        8.0        1.0       -5.0        9.0       -2.0       -5.0        5.0       -3.0       -3.0        6.0       -4.0        8.0        2.0       -6.0       -7.0        5.0        1.0        7.0       -4.0        1.0       -8.0        8.0        0.0        4.0        0.0       -7.0       -5.0        1.0        8.0       -1.0      -10.0        0.0       -9.0       -4.0       -3.0 =     -696.0
      -3.0       10.0       -1.0        0.0        6.0       -2.0       -8.0        5.0        6.0       -4.0        5.0        0.0        7.0       -7.0        2.0        0.0        7.0        6.0        6.0       -6.0       -9.0      259.0       -2.0        6.0        1.0        7.0       -9.0       -2.0       -3.0       -6.0        4.0        9.0       -2.0        4.0       -2.0        5.0       -2.0        1.0       -1.0        3.0       -2.0        8.0        0.0        7.0        2.0        7.0        5.0        7.0        5.0        1.0        4.0        0.0        1.0       -5.0       -9.0       10.0       -8.0       -4.0 =     2871.0
      -7.0       -5.0       -3.0       -4.0       -8.0        5.0        1.0        7.0        4.0      -10.0        8.0        6.0        6.0       -9.0        2.0       -1.0       -1.0        5.0       -1.0       -1.0        9.0        8.0      306.0        0.0       -2.0        0.0        2.0      -10.0        8.0        8.0       -3.0       -1.0        9.0        0.0        5.0       -8.0       -8.0       -5.0       -4.0       -7.0        4.0        9.0        2.0       -5.0        5.0        3.0       10.0       -6.0        3.0       10.0        8.0       -4.0       -9.0        6.0      -10.0       -6.0        3.0        8.0 =     1660.0
      -4.0        7.0        8.0        1.0       -9.0        1.0        3.0       -5.0       -6.0        4.0        5.0        0.0        4.0        7.0       -3.0        9.0      -10.0        8.0        9.0        1.0        9.0        3.0        2.0      316.0        5.0       -7.0        4.0       -7.0       -8.0        3.0       -1.0        9.0        9.0       -7.0       -9.0        2.0       -9.0       -9.0        7.0       -7.0        5.0        5.0        9.0        4.0        8.0        7.0       -8.0        0.0        9.0       -2.0       -8.0        7.0       -3.0       -9.0        4.0       -1.0        1.0        0.0 =    -1815.0
       6.0        4.0       -8.0       10.0       -1.0       -9.0       -3.0        8.0        7.0        3.0       -3.0        8.0        5.0        4.0       -9.0       -5.0       -4.0        3.0        8.0       -6.0        3.0        2.0       -5.0       -5.0      261.0       -2.0        1.0       -2.0        2.0       -1.0       -1.0       -6.0       -4.0        1.0       10.0       -1.0        3.0        3.0        8.0        7.0        0.0       -7.0        5.0       -1.0       -3.0        5.0       -5.0       -2.0        5.0       -6.0       -4.0       -5.0        4.0        4.0        9.0        4.0        3.0        6.0 =    -2432.0
       9.0       -9.0       -2.0       -6.0       -5.0      -10.0       -9.0        8.0        4.0        8.0        8.0        3.0       -8.0       -5.0       -6.0        3.0       -9.0       -7.0       -5.0        1.0       -7.0       -1.0       -5.0        0.0        4.0      300.0        5.0        3.0        9.0       -7.0      -10.0       10.0       -1.0       -3.0        2.0        4.0       -9.0       -6.0       -1.0        8.0       -1.0       -8.0        6.0        9.0       -1.0       -1.0        4.0       -3.0        3.0       -4.0        5.0        5.0        0.0       -3.0       -1.0        7.0        8.0       -9.0 =     1644.0
       1.0       -2.0        3.0        3.0       -5.0        4.0        4.0       -5.0       -8.0        9.0        0.0        1.0       -9.0        8.0        7.0       -8.0        0.0        9.0        3.0       -2.0        3.0        1.0        3.0        3.0       -5.0        1.0     -249.0        1.0       -6.0       -2.0        5.0       -9.0       -8.0       -7.0        3.0       10.0       -4.0        2.0        7.0       -3.0       -5.0       -1.0       -6.0       -3.0       -7.0        0.0        9.0        0.0       -2.0        6.0       -7.0       -1.0       -2.0       -2.0        9.0       -2.0       -2.0       -4.0 =    -1305.0
     -10.0       -5.0        1.0       -7.0        5.0       -4.0       -5.0        2.0       -5.0       -7.0        7.0       -9.0       -4.0       -9.0        0.0       -3.0       -3.0        1.0       -6.0       -8.0        7.0       -3.0       -1.0       -9.0        2.0       -1.0       -2.0      275.0       -1.0        6.0        4.0        7.0        0.0       -4.0        4.0        8.0        8.0        8.0       -3.0        9.0        7.0        6.0       -5.0        1.0       -6.0        8.0       -6.0       -9.0        3.0        5.0        2.0        4.0       -9.0       -1.0       -1.0       -1.0       -6.0        6.0 =    -1701.0
       1.0        4.0        2.0        2.0        3.0       -8.0        5.0       -4.0       -4.0        4.0       -4.0        0.0       -1.0      -10.0        8.0       -4.0        2.0       -8.0       -4.0       -9.0       -8.0       -2.0        3.0        4.0        4.0        2.0        0.0       -2.0     -237.0        8.0        3.0        2.0        1.0        3.0        3.0       -7.0        2.0        0.0        6.0       -7.0       -7.0       -1.0        3.0       -1.0        5.0       -8.0       -7.0       -7.0       -7.0       -9.0       -2.0        5.0        0.0       -5.0        4.0       -2.0       -2.0        1.0 =     1435.0
       4.0       -8.0        9.0        9.0        4.0       -1.0       -7.0       -8.0        7.0        9.0       -4.0        2.0       -6.0       -3.0        1.0        1.0        4.0        7.0       -8.0        3.0       -5.0       -2.0        0.0       -5.0        5.0        4.0       -9.0        7.0        7.0      277.0       10.0       -1.0        0.0        2.0       -7.0        5.0        1.0        3.0       -5.0       -7.0       -8.0        2.0       -6.0        1.0        3.0       -5.0       -9.0       -6.0        3.0       -1.0        8.0        3.0        6.0        2.0        3.0       -3.0       -7.0        4.0 =    -2280.0
      -4.0        2.0        7.0        5.0       -8.0       -2.0       -4.0        9.0        0.0       -9.0        9.0      -10.0        7.0        6.0        0.0       -9.0        2.0       -9.0       -9.0        8.0        1.0        4.0        0.0        1.0        1.0       -9.0        0.0       10.0        3.0       -1.0      288.0        6.0       -1.0        3.0       -5.0       -5.0       -1.0       -9.0        7.0        3.0        0.0       -1.0       10.0        4.0       -2.0       -3.0       -3.0        6.0       -5.0        5.0       -8.0        8.0        9.0        7.0       -6.0       -5.0        5.0        7.0 =      630.0
       8.0       -2.0       -9.0       -5.0       -7.0        3.0       -1.0       -4.0        2.0       -6.0       -7.0        1.0        1.0        7.0        1.0       -3.0        6.0        3.0        0.0       -2.0        2.0        2.0        4.0        7.0        1.0       -8.0       -3.0        8.0        4.0       -3.0       -3.0     -253.0       -7.0        7.0        2.0       -2.0       -4.0        8.0        1.0       -8.0       -6.0        7.0       -5.0        3.0        5.0       -5.0        5.0        8.0       -1.0       -3.0        1.0       10.0       -9.0        1.0        7.0        7.0        3.0        3.0 =     1596.0
      -8.0        9.0       -7.0        5.0        0.0        0.0       -4.0       -6.0        6.0        9.0       -7.0        9.0       -3.0        7.0       -7.0        8.0        6.0        7.0        7.0       -1.0       -8.0        6.0        3.0       -9.0       -5.0       -7.0        7.0        0.0       -3.0       -3.0        2.0        9.0      322.0        8.0       -4.0        1.0       -9.0       -5.0       -8.0        8.0       -5.0        0.0        1.0        1.0        7.0        2.0        2.0        9.0        9.0       -5.0       10.0        9.0        6.0        6.0        6.0        7.0       10.0       -2.0 =     2856.0
      -4.0        5.0       -6.0        5.0        6.0        6.0        8.0      -10.0        0.0        7.0       -1.0        4.0        2.0       -4.0        7.0        0.0        6.0       -2.0       -1.0       -1.0       -2.0        9.0       -1.0        8.0       -1.0        8.0        3.0       -4.0        7.0       -8.0        2.0       -5.0       -9.0      288.0        8.0       -1.0       -2.0       -6.0        7.0        9.0        6.0       -9.0       -1.0       -3.0        5.0        4.0       -8.0       -8.0        7.0        6.0        7.0        5.0        1.0       -5.0        8.0        0.0       -7.0       -3.0 =    -3078.0
       0.0        2.0        6.0       -1.0       -3.0       -9.0        0.0       -9.0       -6.0      -10.0       -1.0       -2.0        7.0      -10.0       -8.0       -9.0        3.0       -1.0        7.0       -8.0        2.0        4.0        6.0       -3.0        1.0       -1.0        1.0       -6.0        7.0        5.0       -3.0       -8.0        4.0       -2.0     -269.0        5.0        2.0       -7.0        6.0       -8.0       -8.0       -5.0        8.0        9.0       -7.0        2.0        6.0        3.0       -2.0       -1.0        0.0       -4.0        3.0       -2.0       -3.0      -10.0       -3.0       -9.0 =      339.0
       9.0       -5.0        1.0       -3.0       -6.0       -9.0       -3.0        7.0        2.0        7.0        4.0        5.0        7.0        3.0       -6.0       -4.0        6.0       -5.0       -8.0        0.0       -4.0        5.0       -7.0       10.0       -9.0        7.0        4.0        5.0        5.0       -4.0       -8.0        5.0        2.0        4.0       -7.0      315.0       -5.0        8.0        2.0      -10.0       -3.0       -8.0        6.0       -7.0       -5.0        1.0       -9.0       -4.0       -7.0       -8.0        2.0       -7.0       -8.0       -5.0       -2.0        9.0      -10.0        2.0 =     1028.0
       9.0        2.0       -8.0       -6.0       -7.0        8.0       -4.0        2.0       -1.0       -2.0       -7.0        0.0       -6.0        3.0       -6.0        5.0        5.0        7.0       -3.0        5.0       -8.0       -1.0        4.0        4.0        3.0       -6.0        1.0        9.0        3.0       -9.0       -3.0        3.0        6.0        7.0       -8.0       -8.0     -298.0       -3.0        7.0        3.0      -10.0        5.0        2.0       -8.0       -6.0        9.0       -1.0       10.0       -4.0        2.0       -5.0        1.0        7.0       10.0       -4.0      -10.0        1.0        1.0 =     1192.0
       6.0        2.0        5.0       -6.0       -5.0       10.0       -1.0        9.0        6.0       -7.0       -8.0        2.0        7.0      -10.0       -8.0        7.0       -7.0       -2.0       -2.0        8.0        1.0       -3.0       -9.0        7.0        8.0       -6.0        9.0        7.0       -2.0        4.0        7.0        9.0        3.0       -3.0        2.0        4.0       -8.0      321.0       -4.0       -9.0       -4.0       -8.0       -6.0        7.0        7.0        7.0        0.0        0.0        8.0        9.0       -3.0        0.0       10.0       10.0       -5.0       -2.0       -4.0        1.0 =    -2968.0
      -1.0        7.0       -1.0        1.0       -5.0       -9.0        0.0        8.0        5.0        0.0        8.0       -9.0       -6.0       -7.0       -4.0       -2.0        8.0        7.0        8.0        7.0        6.0        9.0       -2.0       -8.0        8.0        5.0       -9.0        0.0        3.0       -6.0       -7.0       -9.0       10.0        3.0        4.0        9.0        4.0        2.0     -309.0       -3.0       -7.0       -2.0        2.0       -9.0        1.0       10.0        8.0        1.0       -3.0       -9.0       10.0        6.0        7.0       -5.0        1.0        3.0        4.0        7.0 =      750.0
       5.0        5.0        7.0       -8.0        7.0       -2.0       -3.0        3.0        3.0       -1.0        9.0        2.0       10.0        7.0       -7.0        6.0        9.0        0.0        8.0       -5.0        2.0       -3.0       -8.0       -9.0       -3.0        3.0       -1.0        0.0        5.0       -5.0        4.0       -4.0       -3.0       -4.0        8.0        9.0       -8.0        7.0       -5.0      288.0       -4.0        0.0       -9.0       -9.0        1.0       -8.0       -6.0       -9.0        6.0       -3.0       -5.0        2.0       -2.0       -2.0       -1.0       -2.0        8.0       -4.0 =    -1967.0
      -6.0       10.0       -9.0        3.0       -3.0       -2.0        7.0        1.0        4.0       -2.0        0.0        1.0       -1.0        4.0       -7.0        1.0        0.0       -4.0       -2.0        6.0       -3.0       -4.0        2.0       -1.0        5.0       -7.0       -4.0        1.0        2.0       -7.0       -4.0       -1.0       -5.0        7.0       -4.0        7.0        7.0        8.0       -6.0       -4.0     -247.0       -3.0       -3.0        6.0       -8.0       -1.0        3.0      -10.0       -4.0        4.0        4.0        0.0        1.0        1.0       -8.0        4.0        9.0        8.0 =     1778.0
      -5.0        7.0       -9.0        8.0        5.0       -7.0       -3.0       -4.0       10.0        8.0      -10.0       -7.0        3.0        1.0        4.0       -4.0       -6.0        6.0        3.0       -2.0      -10.0        0.0        3.0       -9.0        8.0        1.0        5.0       -1.0        5.0        7.0        8.0        9.0       -1.0       -9.0      -10.0        4.0       -8.0       -4.0       10.0        0.0       -8.0      314.0       -7.0        0.0        7.0        1.0        9.0       -9.0       -2.0        0.0        7.0        4.0       -6.0        3.0        6.0       -6.0       -9.0        3.0 =     2817.0
       4.0        8.0       -8.0       -2.0       -7.0        7.0       -3.0       -1.0       10.0        7.0        5.0       -5.0        2.0        2.0       -7.0        4.0       -2.0       -4.0        3.0        7.0        7.0       -2.0       -6.0        1.0       -2.0        7.0       -5.0        4.0       -2.0       -1.0        9.0       -9.0        0.0        5.0       -2.0        0.0       -4.0       -5.0        0.0      -10.0       -2.0        1.0      264.0        2.0       -6.0        3.0       -3.0       -5.0       -4.0      -10.0        4.0        2.0        8.0        2.0       -2.0       -7.0        6.0        9.0 =     1335.0
       6.0       -8.0        0.0        4.0        9.0        1.0       -9.0        9.0        0.0       -6.0        4.0       -2.0        9.0        9.0        3.0       -1.0        3.0        5.0        1.0       -8.0        9.0        8.0       10.0       -3.0        8.0        6.0       -6.0        4.0       -8.0       -5.0       -1.0        9.0        3.0       -1.0        4.0       -4.0       -4.0        3.0        6.0        6.0        1.0       10.0        1.0      305.0       -1.0        4.0       -9.0       -8.0       -1.0       -2.0       -9.0        5.0        8.0       -6.0       -9.0      -10.0        1.0       -6.0 =     3123.0
       7.0        8.0        5.0        4.0        3.0        4.0       -8.0       -8.0       -7.0        5.0        7.0       -2.0        8.0        6.0        6.0        4.0        4.0       -7.0        7.0        0.0       10.0       -4.0       -9.0        3.0       -1.0        6.0        6.0        7.0        4.0        1.0       -5.0       -7.0        7.0       -4.0       -7.0        2.0       -9.0       -2.0       -3.0       -6.0        7.0        5.0        6.0        0.0     -292.0        0.0       -9.0       -2.0        0.0        5.0       -6.0        6.0        3.0        9.0        8.0       -2.0        1.0        8.0 =     -872.0
      -6.0        1.0        5.0      -10.0       -6.0       -7.0        8.0        4.0       -5.0        7.0        3.0       -1.0        0.0      -10.0        3.0       -6.0       -7.0       -2.0        3.0       -6.0       -9.0        1.0        0.0        1.0       -2.0        4.0        6.0       -2.0       -5.0       -8.0        0.0        4.0        6.0       -5.0        1.0        6.0       -8.0        9.0        6.0        2.0       10.0       -9.0       -8.0        9.0        1.0     -296.0        7.0        4.0        2.0       -8.0       -6.0        3.0        9.0       -6.0       -6.0        0.0       10.0        6.0 =     2424.0
       0.0       -7.0       -1.0       -8.0       -6.0        8.0        4.0       -5.0       -9.0        1.0       -9.0        0.0      -10.0       -9.0       -3.0        4.0       -2.0       -6.0      -10.0       10.0      -10.0       -4.0        2.0       -2.0        0.0        6.0       -7.0       -3.0       -1.0       -2.0       -6.0       -3.0       -5.0       10.0        6.0       -2.0        3.0        6.0       -3.0       -9.0       -5.0       -1.0        1.0       -6.0        0.0        4.0     -269.0        3.0        2.0       -8.0        4.0        2.0        5.0        3.0       -7.0        5.0        6.0        2.0 =     2046.0
       7.0       -1.0        8.0        2.0        5.0       -2.0       -5.0       -4.0       -7.0        4.0       10.0       -2.0        7.0        6.0       -1.0        7.0        4.0        2.0       -1.0        3.0       10.0        3.0      -10.0       -4.0        6.0        2.0       -4.0       -4.0      -10.0        6.0       -8.0       -6.0       -4.0       -6.0       -1.0       -2.0        3.0        3.0        2.0       -9.0        6.0        4.0        1.0        8.0        1.0       -7.0      -10.0     -289.0        0.0       10.0        3.0       -8.0       -4.0       -5.0        7.0        4.0       -6.0        7.0 =    -2152.0
       8.0        2.0        2.0        2.0       -5.0        9.0       -5.0        4.0       -1.0        4.0        8.0       -5.0       -8.0       -8.0       -5.0        5.0        0.0        9.0        0.0        9.0       -5.0       -6.0       -4.0       -4.0       -1.0       -3.0       -3.0        7.0       -8.0        8.0        5.0       -4.0       -2.0        0.0       -6.0        4.0        7.0        0.0        5.0        3.0       -1.0        1.0       -6.0       10.0        9.0       -1.0       -6.0        1.0     -267.0       -4.0       -3.0        4.0        4.0        0.0        7.0        2.0      -10.0       -7.0 =      249.0
      -8.0       -5.0        9.0       -8.0       -3.0       -1.0        5.0        8.0        7.0        9.0       -6.0        1.0       -4.0       -7.0        9.0       -5.0        1.0       -1.0       -3.0       -7.0       -7.0        6.0       -4.0        3.0       -9.0       -6.0        1.0        8.0       -2.0       -4.0       -3.0       -6.0       -3.0       -5.0        1.0        2.0        5.0       -4.0       -7.0        5.0       -5.0        4.0       -8.0        3.0        9.0        3.0       -1.0        8.0       -1.0     -278.0        3.0       -2.0        7.0        5.0        8.0        7.0        1.0        4.0 =      271.0
       6.0       -7.0       -2.0       -5.0       -4.0       -4.0        9.0        2.0        1.0       -5.0        8.0       10.0       -4.0        7.0        0.0        3.0       10.0      -10.0        3.0       -2.0       -9.0       -1.0        9.0       -7.0       -4.0      -10.0        6.0       -5.0       -9.0        2.0        8.0        8.0       -9.0       -1.0       -3.0        3.0        1.0        8.0       -6.0        1.0       -5.0       -7.0       -1.0        9.0       -6.0        9.0        7.0       -8.0        4.0        4.0     -310.0        0.0       -9.0      -10.0        6.0        9.0        2.0        2.0 =    -2754.0
       8.0        6.0       -9.0        2.0        8.0        3.0       -4.0        5.0        6.0       -4.0        9.0      -10.0       -9.0       -9.0        4.0        5.0        3.0        9.0        9.0       -7.0        4.0       -7.0       -3.0        0.0        8.0        8.0       -7.0        4.0        0.0        3.0        9.0        9.0        4.0       10.0       -8.0       10.0        5.0       -2.0       -9.0        2.0        5.0       -5.0        0.0        7.0        2.0        3.0       -4.0       -5.0       -6.0        0.0       -5.0     -306.0        0.0       -4.0       10.0        2.0       -1.0       -2.0 =      976.0
       8.0        4.0       -2.0       -6.0        9.0       -3.0       -7.0        3.0       -7.0       -5.0       -3.0       -7.0       10.0       -5.0        6.0        6.0        4.0        0.0       -4.0        9.0       -9.0       -2.0       -6.0        9.0        7.0       -6.0        3.0       -8.0       -7.0        4.0        6.0        2.0       -1.0        3.0       -3.0       -2.0        7.0       -5.0        1.0       -4.0       10.0       -2.0       -2.0        0.0       -1.0       10.0        6.0        5.0       -3.0        8.0        7.0       -5.0      294.0       -8.0        6.0       -6.0        2.0        5.0 =    -1950.0
      -9.0        1.0        0.0       -8.0        2.0        2.0        8.0       -5.0        3.0       -9.0       -9.0       -2.0        2.0        4.0        2.0       -2.0        8.0        1.0        0.0        7.0       -2.0        0.0       -4.0        0.0        3.0        6.0       -6.0        0.0       -1.0        6.0        3.0        6.0        6.0       -9.0        9.0        3.0        7.0        1.0       -4.0        8.0       -8.0        0.0        1.0        0.0       -2.0       -1.0       -8.0       -1.0       -8.0        0.0       -3.0       -6.0        7.0      236.0       -2.0        5.0       -5.0       -4.0 =    -1145.0
      -9.0       -5.0        4.0        8.0      -10.0       -2.0        0.0        6.0       -1.0        0.0       -8.0       -6.0       -1.0        5.0       -6.0       -1.0       -9.0       -8.0       -9.0      -10.0        8.0        2.0        6.0       -4.0        4.0       -6.0        1.0        6.0       -5.0       -8.0        4.0       -1.0       -8.0        8.0       -5.0       -7.0       -1.0        9.0        7.0        3.0        0.0        8.0        8.0       -1.0       -1.0        3.0        8.0        3.0        5.0       -7.0       -3.0        8.0       -9.0       -4.0     -295.0        3.0       -2.0        3.0 =      966.0
      -7.0        2.0        9.0       -9.0       -1.0        8.0        0.0        3.0        1.0        8.0        3.0       -4.0        8.0        3.0       -5.0       -6.0       -6.0       -6.0       -9.0        9.0       -4.0       -4.0        2.0        8.0        0.0       -4.0        7.0       -7.0        8.0       -4.0       10.0       -3.0       -6.0      -10.0        6.0        9.0        0.0       -3.0      -10.0        1.0       -4.0       -2.0       -8.0       -4.0        8.0       -1.0        6.0        3.0        4.0       -9.0        8.0       -5.0        6.0        1.0        5.0     -308.0       -8.0        3.0 =     1848.0
       2.0        1.0        1.0       -4.0       -8.0       10.0       -6.0        8.0       -2.0       -4.0        3.0        3.0        2.0        7.0       -5.0        5.0       10.0       10.0        4.0       -1.0        9.0       -8.0       -1.0        2.0        9.0        9.0       10.0        5.0        3.0        5.0       -7.0       10.0      -10.0       -4.0        1.0        0.0        9.0        2.0       -6.0        0.0       -5.0       -3.0       -6.0       -8.0       -5.0        7.0        6.0       -6.0       -4.0       -9.0        9.0        7.0       -6.0       -1.0        5.0       -6.0     -308.0       -7.0 =     1064.0
      -1.0       -4.0       -5.0       -3.0        6.0      -10.0       -7.0       -1.0       -1.0        4.0        0.0        3.0       -7.0       -5.0       10.0       -9.0        4.0       -9.0        9.0        7.0        4.0        6.0        5.0        5.0      -10.0       -6.0       -7.0       -3.0        0.0        5.0        6.0        8.0        1.0       -6.0        3.0        4.0        2.0       -7.0        3.0       -4.0       10.0        4.0        1.0       -6.0       -1.0       10.0       -7.0       -1.0       -1.0       -7.0       -8.0        5.0        8.0       -2.0       -7.0      -10.0       -4.0     -299.0 =     -325.0

       0.0       -4.0        8.0        6.0       -7.0        1.0        9.0      -10.0       -1.0        8.0        8.0        7.0       -9.0       -7.0       -9.0       -7.0       -7.0       -7.0       -5.0        4.0       -3.0        9.0        5.0       -5.0       -8.0        6.0        5.0       -7.0       -5.0       -8.0        2.0       -7.0        7.0       -9.0       -1.0        4.0       -4.0       -8.0       -3.0       -7.0       -7.0        9.0        5.0        9.0        4.0       -8.0       -6.0        8.0       -1.0       -1.0        9.0       -4.0       -6.0       -5.0       -3.0       -6.0       -4.0        1.0
