58
    -274.0       -5.0        1.0       -8.0       -4.0        6.0      -10.0        4.0       -5.0        1.0        8.0        8.0        7.0       -7.0       -2.0       -5.0        6.0      -10.0       -3.0        0.0        0.0       -7.0       -2.0       -3.0       -2.0        7.0       -1.0        2.0        1.0       -5.0       -6.0       -2.0        5.0        2.0       -6.0       -6.0        8.0        5.0       -8.0        4.0        6.0       -3.0        2.0       -2.0       -1.0        5.0        3.0        4.0       -2.0        9.0       10.0       10.0       10.0        1.0       -3.0        1.0       10.0        0.0 =      492.0
      -7.0      284.0       -8.0        5.0       -6.0       10.0       -5.0        8.0       -4.0        0.0        9.0       -7.0        5.0       -9.0       -5.0       -2.0        7.0        3.0       -9.0       -3.0        1.0       -1.0        3.0        1.0        0.0        0.0        0.0       -9.0       -8.0        2.0       -8.0        6.0        1.0        4.0       -8.0        6.0        8.0       -8.0        4.0        2.0       -3.0        9.0       -5.0        2.0       -9.0       -9.0       -1.0       -1.0        2.0        3.0       -4.0        0.0       -9.0       -7.0        9.0       -9.0        1.0        7.0 =      952.0
      -9.0        8.0     -342.0       -4.0       -2.0       -3.0        0.0      -10.0        9.0       -1.0       -5.0        8.0        2.0        6.0       -7.0       -8.0       -5.0       -3.0        6.0        8.0        5.0       -9.0       -5.0        6.0       10.0       -2.0        8.0       10.0        7.0       10.0        9.0        5.0        9.0        7.0        1.0        8.0       -3.0       10.0       10.0        2.0        2.0        6.0        8.0       10.0       -3.0       -5.0       -1.0        8.0       -2.0        6.0        3.0        7.0        3.0       -4.0       10.0        6.0       -6.0       -3.0 =     -836.0
      -3.0      -10.0        0.0      289.0       -4.0        4.0        4.0        5.0        4.0        1.0        8.0        0.0        3.0        7.0       -4.0        7.0       -1.0       -7.0        9.0        8.0       10.0        8.0       -1.0        4.0       -8.0        9.0      -10.0        8.0        4.0       -1.0       -5.0       -8.0        0.0       -5.0        1.0        9.0        0.0       -2.0        8.0       10.0        7.0       -8.0        5.0        5.0        9.0       -1.0        6.0        4.0        2.0        9.0        0.0       -1.0       10.0        5.0        7.0       -4.0        0.0       -1.0 =    -2430.0
       8.0        1.0       -2.0       -3.0      266.0        2.0        5.0       -3.0       -7.0       -2.0        3.0       -6.0        8.0       -5.0       -5.0        1.0        5.0       -1.0        4.0        5.0       -5.0        1.0       -3.0       -7.0        0.0        9.0        4.0       -1.0        1.0       10.0        1.0        4.0        4.0        9.0       -9.0        2.0        0.0       -8.0       -8.0        2.0       -7.0      -10.0       -9.0        4.0        2.0       -8.0        4.0        2.0        1.0       -1.0       -2.0       -5.0      -10.0        9.0        1.0       -8.0        9.0        9.0 =     2610.0
       9.0        4.0        2.0       -7.0       -9.0     -317.0        6.0       -1.0       -8.0        5.0      -10.0        8.0       -8.0       -5.0       -4.0       -4.0       -8.0       -3.0        4.0        4.0       -5.0        5.0        4.0       -3.0        5.0       -3.0        4.0        7.0        3.0        7.0        3.0       -6.0       -9.0       -3.0        2.0        5.0       -9.0       -9.0       -4.0       -5.0        8.0        9.0       -8.0       -3.0        8.0        6.0        3.0        0.0        4.0        9.0       -4.0       -7.0        3.0        3.0       -9.0       -3.0       10.0       -3.0 =    -3270.0
      -6.0       -4.0        6.0       10.0        1.0       -3.0      295.0        2.0       -5.0       -4.0        5.0        7.0       -3.0       -8.0        1.0        2.0        5.0        3.0       -7.0        6.0       -5.0       -4.0        9.0       -2.0       -8.0       -7.0       10.0        9.0       -3.0        8.0        4.0        6.0        6.0       -4.0       -1.0        3.0        0.0       -1.0        2.0       10.0       -2.0        7.0       -9.0       -6.0        8.0       -3.0       -6.0        0.0       -8.0        5.0      -10.0        6.0       -6.0       10.0       -1.0       -5.0       -3.0        2.0 =    -1256.0
       2.0        9.0        4.0       -9.0       -1.0        5.0       -4.0     -287.0        8.0       -8.0       -5.0        3.0       -1.0       -1.0        2.0        2.0       -3.0        5.0       -4.0       -8.0        6.0        5.0       -6.0       -1.0        6.0        9.0       -2.0        7.0        4.0        4.0       -3.0       -5.0       -1.0        1.0        6.0       -9.0       -5.0       -4.0        0.0       -8.0        5.0       -7.0        7.0       -7.0      -10.0       -4.0      -10.0        0.0        1.0        4.0        4.0       -4.0      -10.0        9.0       -9.0        9.0        4.0        2.0 =    -1818.0
      -8.0        8.0        0.0        7.0        0.0        2.0        2.0        7.0      258.0        6.0       -1.0       -5.0        6.0        7.0       -6.0       -2.0       -9.0        1.0        2.0        8.0        7.0        5.0       -1.0       -3.0       -5.0       -4.0        8.0       -4.0       -1.0        1.0       -2.0        2.0        6.0        2.0        1.0       -7.0        5.0       -9.0       -9.0       -4.0       -3.0        2.0       10.0       -1.0        6.0       -1.0        4.0        5.0        0.0       -1.0        9.0       -5.0       -9.0        3.0        8.0       -1.0        6.0       -5.0 =    -2384.0
       4.0        7.0        4.0        2.0        7.0        7.0        6.0        5.0        1.0      301.0       -6.0       -5.0        2.0        1.0        2.0        7.0        9.0       -3.0       -6.0        4.0       -7.0       10.0       10.0        6.0       -4.0        3.0       -4.0        0.0       -5.0        9.0        2.0       -9.0       -9.0        1.0       -6.0       -5.0       -7.0       -1.0       -9.0        9.0       -8.0        5.0        4.0        3.0        0.0        9.0       -3.0        1.0        5.0       10.0       -3.0        8.0        7.0       -8.0       -3.0       -7.0        5.0       -2.0 =     -712.0
      -3.0       -3.0        4.0       -7.0        7.0        6.0        5.0      -10.0       -4.0       -8.0      314.0       -7.0      -10.0        1.0       -8.0       -4.0       -6.0        1.0       -4.0       -2.0        2.0        6.0       -8.0        1.0       -1.0       -6.0       -5.0       -9.0        5.0        6.0        7.0       -3.0        2.0       -7.0       -5.0        1.0       -6.0       -7.0       -9.0        9.0       -7.0        8.0      -10.0        4.0       -6.0       -8.0       -1.0        9.0        4.0        1.0       -8.0       -1.0       -9.0        9.0        8.0        3.0        3.0       -1.0 =     -466.0
      -4.0       -2.0       -8.0        6.0        1.0        0.0       10.0       -4.0       10.0        3.0       -7.0     -279.0       -1.0        5.0       -5.0       -1.0       -4.0        6.0        6.0       -8.0        4.0       -7.0        8.0       -7.0       -6.0        2.0        9.0       -1.0        2.0       -9.0        3.0        8.0       -1.0        1.0        2.0       -1.0        7.0      -10.0       -9.0        5.0       -5.0       -2.0       -3.0        5.0       -7.0       -5.0        0.0        6.0       -6.0       -2.0       -4.0        7.0        1.0       -9.0        7.0        0.0        1.0       -8.0 =     1800.0
       5.0       -8.0       -4.0       -6.0        5.0       -9.0       -4.0        5.0      -10.0        5.0       -1.0        2.0     -301.0        7.0       -6.0        6.0        0.0       -4.0       -3.0        7.0        1.0       -8.0       -1.0        5.0      -10.0       -6.0        8.0      -10.0       -2.0      -10.0        5.0       -4.0       -8.0       -8.0        4.0       -5.0       10.0       -3.0       -4.0        6.0        4.0       10.0        0.0        6.0       -5.0        2.0       -1.0       -4.0        8.0        8.0        4.0       -1.0       -3.0        9.0        7.0        9.0       -1.0       -3.0 =     -610.0
      -3.0       -6.0        1.0       -8.0       -3.0        4.0       -4.0        9.0       -5.0        3.0        7.0       -2.0       -8.0     -327.0       -9.0       -1.0       -2.0        9.0        9.0      -10.0        1.0       -2.0        3.0        9.0        3.0       -5.0        4.0       -3.0        2.0       -9.0       -5.0       10.0       10.0        8.0       -2.0       -6.0        0.0       -9.0       -6.0        9.0        8.0        5.0        0.0        6.0       -7.0       -4.0        5.0       10.0       -3.0       -7.0        8.0        8.0       -7.0        8.0       -6.0       10.0       -2.0        5.0 =     1188.0
      -8.0        2.0        2.0        4.0       -4.0       -5.0        1.0        2.0        8.0       -8.0        2.0        4.0       -3.0        8.0     -288.0       -4.0       -5.0        1.0       -5.0       -9.0       -2.0       -5.0       -6.0       -7.0       -6.0       10.0       -5.0        6.0       -5.0       -1.0        1.0        5.0       -7.0        5.0        0.0        0.0        4.0       -9.0       -1.0        9.0        1.0       -6.0        9.0        9.0       -6.0       -6.0       -7.0        6.0        2.0       -9.0       10.0        1.0       -1.0        5.0       10.0        1.0        8.0        7.0 =     -285.0
       3.0       -7.0       -5.0        7.0        1.0        4.0       -4.0        4.0       -1.0        9.0       -4.0       10.0      -10.0       -4.0       -6.0      277.0        0.0        7.0       -8.0        1.0        7.0       -5.0       -3.0       -4.0       -8.0       10.0       -2.0       -2.0        6.0       -3.0        5.0        1.0       10.0       -1.0      -10.0        5.0       -3.0        3.0       -5.0        2.0       -1.0        5.0        1.0        1.0       -7.0       -2.0       -3.0       -7.0       -1.0        8.0        8.0        9.0      -10.0        5.0        6.0       -1.0       -4.0        4.0 =     2880.0
       8.0       -1.0      -10.0       -1.0        0.0      -10.0        4.0        3.0        5.0       -5.0       -5.0       10.0        5.0       -8.0        5.0       -4.0      252.0        5.0        9.0        9.0        4.0       -2.0       -8.0       -2.0        8.0       -5.0        3.0       -1.0       -6.0       -3.0       -2.0        2.0        9.0       -1.0       -9.0        0.0       -5.0        5.0       -7.0        3.0        4.0        0.0       -2.0       -3.0        3.0        6.0        2.0       -4.0       10.0       -3.0       -4.0       -7.0       -1.0        0.0        3.0        0.0       -2.0       -2.0 =    -1270.0
      -3.0      -10.0        3.0       -4.0        1.0       -1.0        7.0        1.0       -5.0        2.0       -3.0       -9.0       -2.0        9.0        9.0        5.0       -6.0     -304.0       -6.0        6.0        4.0        6.0       -8.0        0.0       -6.0        3.0       -5.0        5.0       -1.0        9.0       -4.0        5.0       -8.0       10.0        9.0        2.0        3.0       -7.0       -7.0       -1.0       -7.0       -7.0       -4.0        4.0        1.0       -8.0        8.0        3.0       -9.0       -9.0       10.0        8.0       -6.0       -1.0        6.0       -4.0        0.0        7.0 =    -1236.0
      -1.0        9.0       -6.0        8.0       -1.0       -9.0        3.0        0.0       -7.0       -8.0       -6.0        8.0       -3.0       -4.0        7.0        3.0        9.0        2.0     -305.0       -7.0        9.0       -3.0       -4.0        4.0       -1.0        9.0      -10.0        3.0        5.0        8.0       -9.0        7.0        6.0       -3.0        2.0        6.0       -9.0       -2.0        5.0       -1.0        5.0        4.0        9.0       -6.0       10.0        0.0       -9.0       -4.0       -6.0       -6.0        0.0       10.0       -8.0       -5.0        2.0       -1.0        0.0       -6.0 =    -2376.0
      -1.0        7.0       -8.0        2.0        3.0       -4.0        4.0       -2.0        7.0       -6.0       -6.0        1.0        5.0       -6.0       10.0       -9.0       -1.0        9.0        8.0     -310.0        1.0       -7.0        3.0       -7.0       -3.0        8.0        3.0       -3.0        6.0        9.0       -7.0       -8.0       -9.0        7.0        2.0        5.0        4.0       -9.0       -3.0       -7.0        7.0       10.0        9.0       -2.0        7.0       -7.0        7.0       -3.0       10.0        7.0        5.0       -1.0       -1.0        5.0        1.0        4.0        9.0        4.0 =     1687.0
      -7.0        1.0       -2.0       -7.0       -2.0        9.0       -3.0       -1.0        1.0       -4.0        4.0       -1.0       -2.0       -8.0       -8.0        9.0       -9.0       -8.0       -2.0        9.0      287.0        9.0       -1.0        2.0       -6.0       -6.0       -1.0        2.0       -8.0       -1.0       -9.0       -2.0       -7.0        5.0        3.0        3.0       -7.0       -4.0       -7.0        7.0       -3.0       10.0       -9.0        9.0        0.0        1.0        8.0       -9.0        9.0       -1.0        4.0        5.0        1.0        2.0       -7.0       10.0       -7.0       -3.0 =     -248.0
      -2.0        0.0        1.0       -9.0        8.0        4.0        1.0       -6.0       -1.0        9.0       -4.0        9.0       -2.0        0.0       -8.0        8.0        3.0        8.0        4.0       -3.0       -5.0     -264.0       -3.0        7.0       -4.0       -3.0        7.0       -1.0        5.0        8.0       -3.0       -8.0        3.0       -4.0       -2.0       -2.0        3.0        2.0       -6.0        9.0        4.0       -6.0       -5.0      -10.0       -2.0        2.0       -2.0       -2.0        9.0        0.0        2.0        4.0        5.0       -3.0        8.0        6.0       -6.0       -9.0 =    -1722.0
       5.0        6.0       -5.0        5.0       -4.0        3.0        4.0        4.0        8.0        5.0        7.0        9.0        2.0       -9.0       -4.0        6.0       -3.0      -10.0       -5.0       -3.0       -5.0       -6.0      297.0       -4.0        3.0       -8.0        8.0       -3.0       -3.0        4.0       -9.0        5.0        4.0        4.0       -1.0        6.0        3.0       -6.0       -9.0        2.0        0.0       -8.0      -10.0       -9.0        7.0       -3.0       -3.0       -3.0       -4.0       -4.0       -1.0        7.0       -6.0        7.0        7.0      -10.0        2.0       -5.0 =    -1335.0
       8.0        6.0       -9.0        1.0        8.0        8.0       -7.0        5.0       -9.0       -9.0        4.0        9.0       -8.0        6.0        9.0       -5.0        0.0        0.0       -2.0       -4.0        4.0        6.0        8.0     -308.0        1.0        7.0        2.0        6.0       -2.0        2.0        5.0        7.0        0.0       -1.0        7.0        7.0       -9.0        4.0       -9.0        5.0        1.0        4.0        0.0       -4.0        8.0       -8.0        6.0       -2.0      -10.0       -2.0       -9.0        3.0        5.0       -7.0        7.0        7.0        8.0        2.0 =     -238.0
      -5.0        6.0       -3.0       -6.0        8.0       -9.0        4.0        2.0       -4.0       -9.0       -1.0        4.0       -1.0       -7.0        7.0       -3.0       -6.0       -3.0        2.0        5.0        6.0        7.0        7.0        1.0      299.0        1.0        6.0        8.0        4.0       -4.0       -7.0        7.0        4.0       -7.0       -9.0       -3.0       -9.0        2.0        1.0        9.0       10.0      -10.0        7.0        1.0        0.0       -2.0       -3.0       -8.0       -3.0        5.0       -3.0       -7.0        6.0       -2.0       -8.0      -10.0       -4.0      -10.0 =     1841.0
       5.0       -6.0        7.0        5.0        6.0        1.0       -7.0        4.0        7.0       -9.0        0.0       -7.0       -1.0        0.0       -4.0        7.0       -9.0      -10.0        4.0        5.0        6.0        1.0        1.0       -9.0       -8.0      313.0       -8.0       -2.0        8.0        8.0        9.0       -3.0       -2.0       -7.0       -7.0       -7.0       -8.0        3.0        4.0      -10.0        8.0      -10.0       -4.0        8.0        6.0        2.0        4.0        2.0        3.0       -7.0       -8.0        5.0       -4.0        9.0        9.0        3.0       -5.0        0.0 =      301.0
      -2.0        1.0       -8.0       -6.0       -3.0       10.0       -8.0        6.0       -9.0        5.0       -7.0        2.0       -1.0       -4.0       10.0       -6.0       -7.0        2.0        4.0        8.0        8.0        8.0       -6.0       -7.0        5.0       -3.0     -309.0       -8.0        0.0       -9.0        2.0       -6.0        8.0       -7.0       -3.0        7.0        3.0       -7.0        0.0       -4.0       -1.0       -1.0        5.0        7.0       -9.0       -5.0       -6.0       -2.0       -6.0       -4.0       -6.0      -10.0       -7.0       -9.0        7.0       -3.0       -9.0        1.0 =      798.0
      -4.0       -7.0        6.0        4.0        2.0       -1.0        7.0        1.0        1.0       -4.0        9.0        3.0        6.0        3.0        3.0        7.0      -10.0        9.0      -10.0       -5.0        2.0       -7.0        8.0       -4.0        5.0        3.0       -3.0      284.0        3.0       -4.0       -3.0      -10.0        2.0        5.0       -8.0       -1.0        9.0        9.0        2.0       -4.0       -6.0        4.0        8.0        6.0       -7.0        0.0       -6.0        3.0        5.0        9.0        9.0       -3.0       -9.0        0.0        8.0        6.0        0.0        0.0 =     2010.0
       8.0        2.0        5.0       -2.0        6.0       -5.0       -7.0        7.0        8.0       -5.0       -4.0        8.0        9.0       -7.0       -2.0        8.0        0.0        0.0       -7.0        2.0        8.0        8.0       -9.0        0.0       -3.0       -2.0        3.0        1.0      312.0        9.0        0.0        7.0        1.0       -8.0        8.0       -5.0        2.0        7.0        4.0       -1.0       -9.0       -5.0      -10.0        4.0       -1.0       -7.0       -6.0        8.0      -10.0       -5.0       -8.0       -9.0       -1.0       -9.0        5.0        7.0       -9.0        9.0 =    -1550.0
       0.0        6.0       -2.0       -3.0        9.0        6.0        1.0       -7.0       -5.0       -4.0        9.0        5.0        9.0        3.0        2.0      -10.0        9.0        0.0        7.0        4.0       -6.0       -5.0        1.0       -9.0       -4.0       -8.0        9.0        5.0        3.0     -271.0        8.0       -2.0        2.0       -2.0       -1.0        2.0       -2.0       -6.0       -4.0        3.0       -4.0       -7.0       -2.0       -1.0       -2.0        9.0        1.0        4.0       -1.0       -3.0       -7.0       -8.0       -8.0       -9.0        7.0        2.0        0.0        8.0 =     2152.0
       0.0       -2.0       -5.0        9.0       -3.0        5.0       -6.0        1.0       -2.0       -8.0        5.0       -8.0       -3.0        7.0        5.0        6.0        5.0        9.0        0.0       10.0       -7.0       -5.0       -6.0       -5.0        8.0        5.0        4.0        6.0        0.0       -9.0     -289.0        8.0      -10.0       -4.0       -5.0        1.0       -6.0        3.0       -5.0       -3.0        8.0       -7.0        1.0        2.0        5.0        5.0       -1.0        9.0       -3.0       -8.0       -9.0        4.0      -10.0       -1.0        0.0       -5.0        1.0        3.0 =    -2400.0
       1.0       -5.0        3.0        3.0        4.0       -9.0      -10.0       -5.0        9.0       -9.0        7.0      -10.0      -10.0        4.0        9.0       -9.0       -2.0        7.0       10.0       -3.0       -8.0        3.0        8.0        1.0       -3.0       -7.0        9.0       -4.0        4.0       -2.0        7.0     -308.0       -1.0        6.0       -2.0        3.0       -6.0        8.0        9.0       -2.0        1.0        6.0        8.0       -1.0        4.0        0.0        1.0       -7.0       -7.0       -1.0        9.0        7.0       -6.0        2.0       -1.0      -10.0       -4.0       -3.0 =    -1812.0
       5.0        1.0       -5.0       -5.0        3.0        9.0        3.0        9.0        6.0        8.0       -4.0        5.0        0.0        6.0       -2.0        3.0       -4.0       -2.0        5.0        2.0        5.0        3.0       -1.0        4.0        5.0        2.0       -6.0       -4.0       -5.0       -6.0        2.0        3.0      248.0        6.0        3.0        7.0        5.0       -8.0       -2.0       -5.0       -4.0       -3.0       -2.0       -4.0        7.0       -5.0       -1.0        0.0       -4.0       -9.0        1.0       -3.0       -6.0        1.0        9.0       -2.0       -1.0       -7.0 =     -798.0
      -9.0       -1.0       -1.0        0.0        5.0       -2.0        5.0       -2.0       10.0       -6.0        7.0       -4.0        4.0        6.0        4.0       -2.0        8.0       -4.0        9.0        6.0        4.0       -5.0        7.0        8.0        7.0       -1.0       -3.0        0.0       10.0        4.0        3.0        6.0        8.0      283.0        6.0        2.0        5.0       -9.0        1.0        8.0       -3.0       -2.0       10.0        7.0        3.0       -1.0        4.0        5.0        2.0       -7.0        6.0        1.0       -9.0        6.0        8.0        4.0       -1.0       -3.0 =     2849.0
       4.0        9.0        9.0        4.0        2.0       -4.0        4.0       -6.0        9.0       -9.0        1.0       -7.0       -4.0       -2.0       -9.0       10.0        0.0        6.0        8.0       -2.0        8.0        4.0        0.0       -9.0        0.0       -8.0        5.0       -2.0        8.0        6.0        6.0       -4.0       -1.0        1.0     -310.0        8.0        8.0       -7.0       -8.0      -10.0       -6.0       -6.0       -3.0        6.0        6.0        1.0        3.0        1.0        6.0        6.0        8.0        8.0       -9.0       -7.0        9.0        6.0        2.0        5.0 =     -984.0
      -9.0        5.0        4.0        2.0        6.0       -8.0       -3.0       -7.0       -8.0       -7.0        3.0        5.0        9.0        5.0        5.0        6.0       -6.0       -2.0       -1.0       -3.0       -9.0       -4.0       -2.0       -8.0       -1.0       -4.0       -7.0       -5.0        7.0       -7.0       -8.0        2.0        4.0        9.0       -8.0     -315.0       -4.0        7.0       10.0       -3.0      -10.0       10.0        1.0       -5.0       -4.0       -1.0        4.0        7.0       -6.0       -6.0      -10.0        2.0       -4.0       -3.0       -3.0       -6.0       -5.0       -9.0 =    -3980.0
       7.0        2.0        6.0       10.0        0.0        3.0       -2.0       -3.0        2.0       -7.0        5.0       -2.0       -6.0        0.0       -8.0       -7.0       -2.0        7.0       -6.0        8.0       -9.0       -4.0       -2.0        2.0        8.0       -5.0       -7.0       -6.0        2.0       -8.0       -2.0        0.0       -3.0       -5.0        8.0        6.0     -288.0        7.0       -4.0       -7.0       -8.0        7.0        2.0        6.0       -1.0        7.0        9.0       -7.0        9.0        2.0        2.0       -7.0       -5.0        5.0        6.0       -5.0       -6.0       -3.0 =     2970.0
       6.0       -7.0       -7.0        2.0        2.0       -2.0       -6.0       -4.0        7.0       -4.0        5.0        8.0       -7.0        1.0       -1.0       -5.0        7.0        7.0        8.0        9.0       -6.0        4.0        9.0        4.0        0.0       -7.0       -5.0        2.0       -1.0        9.0        8.0        8.0       -2.0        9.0        3.0      -10.0       -5.0      302.0        3.0        8.0        4.0        3.0       -5.0       -8.0        1.0        3.0        3.0       -3.0       10.0       -7.0        7.0        3.0        9.0        2.0        4.0        9.0        4.0       -4.0 =     2709.0
       6.0        4.0        6.0       -7.0       -7.0       -6.0       -6.0       -6.0       -5.0       -7.0        5.0       -3.0       -8.0       -2.0       -6.0       -3.0       -9.0       10.0       -9.0       -7.0       -1.0        7.0       -2.0       -3.0        4.0      -10.0       -6.0       -3.0        3.0       -2.0       -3.0       -9.0        6.0       10.0       -3.0        5.0       -6.0       -4.0      312.0        6.0       -9.0       -3.0       -2.0        0.0        1.0        9.0        9.0       -8.0      -10.0        1.0       -1.0        9.0        5.0        7.0       10.0        8.0       -1.0        1.0 =    -2136.0
      -4.0        5.0        5.0       -2.0       -6.0        8.0       -9.0       -4.0       -3.0       -4.0        0.0       10.0       -2.0       -9.0       10.0        7.0        9.0       -4.0        8.0        2.0       -8.0        2.0        2.0       -7.0        9.0       -2.0        9.0      -10.0        7.0        2.0        3.0       -9.0       -7.0       -4.0       -6.0       -5.0       10.0        0.0       -7.0     -292.0       -3.0       -7.0        0.0        0.0       -3.0       -3.0       -5.0       10.0       -1.0        1.0       -8.0        8.0       -6.0        0.0        2.0       -6.0       -9.0        0.0 =      978.0
       1.0       -8.0        5.0        0.0        5.0       -6.0       -4.0       -7.0        1.0      -10.0        7.0       -2.0        6.0        5.0       -9.0       10.0       -6.0       -2.0        7.0       -1.0       -4.0        8.0        5.0       -7.0        1.0        4.0       -4.0        2.0       -2.0        2.0        9.0        2.0       10.0       -1.0       -7.0        9.0        2.0        5.0       -2.0       -5.0     -272.0       -3.0       -6.0       -3.0       -7.0        6.0        3.0        2.0        0.0        0.0        9.0       -4.0        5.0        7.0        6.0        9.0        7.0       -1.0 =     1561.0
      10.0       -1.0       -4.0        5.0       -9.0        3.0       -7.0       -3.0       -8.0       -2.0        3.0       -4.0        7.0       -8.0        8.0       -2.0       -5.0        6.0        7.0       -5.0       -7.0       -8.0        1.0       -7.0        3.0        6.0        9.0        7.0        5.0       -1.0        8.0       -3.0       -8.0        9.0        0.0       -4.0       -3.0        3.0       10.0        8.0        4.0     -295.0       -2.0       10.0       -8.0       -1.0        1.0        1.0        1.0       -9.0        6.0      -10.0       -9.0        1.0        0.0       -6.0        0.0       -2.0 =     1196.0
      -6.0        2.0       -1.0        4.0        1.0        3.0        6.0       10.0        2.0        4.0       -7.0       -8.0        7.0        4.0        8.0       -1.0        2.0      -10.0        8.0        5.0       -4.0       -2.0       10.0        7.0       -4.0        9.0        8.0      -10.0        5.0        2.0        6.0        5.0        2.0        1.0       -7.0        7.0       -7.0      -10.0        2.0       -8.0       -2.0        8.0      317.0        5.0       -5.0       -2.0        8.0       -9.0        8.0       -5.0        9.0        1.0        7.0        8.0        5.0       -5.0       -4.0       -3.0 =     1930.0
      -5.0        9.0       -9.0        8.0        5.0       -9.0       -3.0        4.0        5.0        5.0        4.0        7.0       10.0        1.0       -4.0       -9.0        2.0       -9.0        1.0       -6.0       -7.0        3.0        7.0       -8.0       -8.0        3.0        2.0       -8.0       -2.0       -7.0        9.0        0.0        1.0       -4.0        7.0       -1.0        8.0        6.0       -1.0        9.0       -7.0       -6.0        2.0      323.0        6.0        0.0       -8.0       -4.0       -8.0       -8.0       -8.0        8.0        9.0        4.0        9.0       -6.0        4.0       -5.0 =      963.0
      -1.0       -9.0      -10.0        4.0       -2.0       -5.0        4.0        8.0        3.0       -4.0       -7.0        8.0       -4.0       -2.0      -10.0        4.0       -1.0       -8.0        7.0        6.0       -5.0       -7.0       -7.0        3.0        5.0       -1.0       -8.0        9.0       -7.0        3.0       -7.0       -1.0        6.0        7.0        0.0        3.0        2.0       -7.0        7.0        5.0       -5.0        6.0        0.0      -10.0     -299.0       -9.0       -6.0        1.0       -3.0        5.0        7.0       -4.0        8.0        4.0       -2.0        8.0        9.0        4.0 =    -1830.0
      -2.0        6.0       -4.0        9.0        8.0      -10.0        0.0        2.0       -8.0        2.0        6.0       -3.0       -2.0       -4.0        0.0       -8.0        3.0       -9.0        3.0       -5.0       10.0        8.0       -4.0       -4.0        3.0        4.0        4.0       -7.0        3.0       -8.0       -2.0        6.0       10.0       -5.0       -7.0       -2.0        9.0       -9.0       -1.0       -1.0        2.0       -5.0        8.0       -4.0        8.0     -297.0       -6.0       -4.0        5.0        4.0        6.0       -9.0        4.0        7.0       -3.0        8.0       -4.0       -4.0 =     -879.0
       2.0        4.0        3.0       -9.0        0.0        5.0       -5.0        6.0       -9.0        2.0       -9.0       10.0        3.0       -2.0        9.0        8.0       10.0        7.0       -5.0        3.0        0.0       -5.0       -7.0        8.0       -8.0       -4.0        9.0        6.0        9.0       -5.0       -3.0       -9.0        1.0       -1.0        3.0        6.0        1.0       -1.0        8.0       -4.0        2.0        5.0       -9.0       10.0        0.0        9.0     -295.0       -7.0        7.0        0.0        0.0       -1.0       -3.0       -9.0        6.0       -1.0        7.0       -8.0 =      250.0
      -6.0      -10.0        5.0       -6.0        7.0        4.0       -6.0       -3.0       -4.0        8.0        0.0       -1.0       10.0       -9.0        0.0       -4.0       -3.0       -5.0       -2.0       -7.0        2.0       -3.0       -7.0       -6.0        5.0       -5.0       -9.0        0.0       -8.0       -5.0       -6.0       -2.0       -9.0        8.0       -7.0       -5.0        0.0       -5.0        4.0        3.0        5.0       -7.0       -6.0        6.0        8.0        6.0        7.0      295.0       -6.0        5.0        0.0        1.0        5.0        1.0       -7.0       -8.0       -9.0        6.0 =     1935.0
       1.0       10.0        2.0       -7.0       10.0        0.0       -4.0       -2.0       -4.0       -4.0       -1.0        3.0        5.0       -6.0        0.0        9.0        2.0        7.0       -5.0        5.0       -3.0        3.0        0.0        6.0        5.0        6.0        9.0       -7.0       -7.0        5.0       -7.0        2.0       -8.0       -9.0        8.0        2.0       -4.0        0.0        1.0        0.0       10.0        8.0        6.0       -9.0        0.0       -5.0       -2.0       -8.0     -279.0        9.0       -3.0       -7.0        3.0        5.0        4.0       -2.0        5.0       -9.0 =     1004.0
       1.0       -2.0       -8.0        2.0       -6.0      -10.0        6.0       -2.0       -7.0        7.0        1.0        8.0       10.0       -7.0        8.0        6.0        9.0        0.0        6.0        4.0        2.0        9.0        9.0        2.0        5.0       -2.0       -9.0       -8.0       -2.0        1.0       -2.0       -7.0        8.0       -9.0       -2.0       -8.0       -5.0        0.0       10.0        2.0        1.0       -3.0        8.0       -6.0        6.0        2.0        3.0        2.0       -4.0     -310.0        9.0      -10.0       -9.0        7.0       -1.0       -4.0        9.0        4.0 =     1380.0
       0.0       -5.0       -1.0        9.0        7.0       -6.0        5.0        1.0       -4.0       -8.0       -3.0       -4.0       -2.0       -3.0       -5.0        4.0        8.0       -5.0        9.0        0.0        2.0       -3.0        8.0       -1.0       -3.0        3.0      -10.0        7.0        3.0        7.0        2.0        6.0        6.0        8.0        9.0       -2.0        7.0        5.0       -2.0        4.0        1.0        6.0        7.0        2.0        4.0       -8.0       -9.0        6.0       -5.0        6.0     -285.0        0.0      -10.0        8.0        7.0       -5.0        0.0        7.0 =      215.0
      -1.0        4.0       -5.0       -8.0        1.0       -8.0       -3.0        1.0       -1.0       -7.0        8.0        1.0       -1.0       10.0       -8.0        4.0        8.0        1.0       -9.0        2.0        1.0        3.0      -10.0        7.0       -9.0        2.0       -2.0        6.0       -6.0        7.0       -7.0        4.0        2.0       -8.0       -9.0        2.0        4.0       -2.0       10.0       -8.0       -7.0       -6.0        5.0       -6.0       -3.0       -7.0       -7.0       -6.0       -4.0        2.0       -2.0     -293.0       -7.0       -2.0        1.0       -9.0        8.0       -5.0 =     2976.0
       8.0        4.0       10.0        7.0       -1.0        0.0        4.0        5.0       -2.0        0.0        8.0        3.0       -1.0        6.0        2.0       -7.0       -7.0       -4.0       -7.0        3.0      -10.0        8.0       -9.0        4.0        4.0        9.0       -8.0       -5.0        9.0       -9.0       -5.0       -2.0        6.0        8.0       10.0       -4.0       -9.0       -2.0        9.0        7.0        2.0        3.0        0.0        7.0        7.0        4.0        4.0        1.0        1.0       -5.0       -8.0        9.0     -303.0       -3.0        4.0      -10.0       -3.0        0.0 =     1488.0
      -9.0       -9.0        3.0        0.0        0.0        9.0       -1.0       -3.0        9.0       -3.0       -5.0        2.0       10.0       -4.0        7.0        9.0        4.0        4.0       -3.0        8.0       -4.0       -5.0      -10.0        0.0       -7.0        6.0      -10.0        5.0       -9.0        9.0        7.0      -10.0       -8.0        8.0       -8.0        0.0       -8.0       -8.0       -4.0       -2.0       -6.0        0.0       -9.0       -1.0       -6.0       -2.0       -8.0      -10.0       -6.0       -2.0        5.0       -6.0        3.0      310.0        4.0        0.0        7.0        0.0 =     1458.0
      -8.0        6.0        3.0       10.0        6.0       -9.0        2.0        7.0       -9.0      -10.0        8.0        0.0        0.0       -3.0       -4.0       -3.0        3.0       -3.0      -10.0        2.0       -3.0       -9.0       -8.0        6.0       -1.0       -7.0       -7.0        6.0        4.0       -3.0       -1.0       -6.0        3.0        6.0        2.0        8.0       -2.0       -7.0       -2.0       -4.0        7.0       -5.0       -5.0       -1.0        3.0       -5.0        6.0        9.0        8.0       -7.0        3.0       -2.0        3.0       10.0      304.0       -8.0        4.0       -9.0 =     -834.0
       3.0       -9.0        3.0       -4.0        1.0       -7.0        6.0       -2.0       -6.0        0.0        3.0        5.0        1.0       -2.0        5.0        1.0       -9.0       -6.0        3.0       -4.0       10.0       -7.0        0.0        8.0       -8.0        0.0        5.0        1.0        8.0        0.0       -3.0       -1.0       -8.0       -1.0       -1.0       -7.0        9.0        7.0       -1.0        5.0       -8.0        5.0        7.0        3.0        2.0       -2.0        9.0        2.0        7.0       -5.0       -5.0       -8.0        4.0        4.0        7.0     -271.0        7.0       -9.0 =        0.0
       2.0       -9.0        5.0        0.0       -8.0       -4.0        8.0        0.0        5.0        6.0       -6.0        7.0        8.0       -5.0        6.0       -8.0        3.0       -9.0        7.0       10.0        8.0        9.0        5.0        3.0      -10.0       -2.0       -5.0        6.0       -3.0       -1.0        3.0       -4.0       -4.0       -8.0        0.0        3.0       -8.0      -10.0        3.0       -6.0       -7.0       -2.0       -4.0       -2.0       -9.0        2.0        1.0        7.0        4.0        0.0       -5.0        4.0       -2.0        1.0        5.0        0.0      280.0        5.0 =     1375.0
      10.0       -4.0       -5.0       -5.0       -8.0       -6.0        6.0       -5.0       -9.0        0.0        0.0       -1.0       -3.0        2.0        2.0        8.0       -1.0       -4.0        5.0        8.0      -10.0       -8.0       -7.0       -7.0       -1.0        7.0       -8.0       -7.0       -9.0       -5.0        3.0        0.0        9.0       -3.0        4.0        7.0       10.0        5.0       -1.0       -1.0       -2.0        5.0       -7.0        1.0       -2.0        9.0       -3.0       -7.0        3.0        8.0       -3.0       -1.0       -3.0        0.0        1.0        4.0        7.0     -276.0 =     2086.0

      -2.0        4.0        4.0       -6.0       10.0       10.0       -4.0        6.0       -8.0       -2.0       -2.0       -6.0        2.0       -4.0        1.0       10.0       -5.0        4.0        8.0       -7.0       -1.0        7.0       -5.0        1.0        7.0        1.0       -2.0        6.0       -5.0       -8.0        8.0        6.0       -3.0        7.0        4.0       10.0      -10.0        7.0       -8.0       -3.0       -7.0       -4.0        5.0        3.0        6.0        3.0       -1.0        9.0       -4.0       -5.0       -1.0       -8.0       -6.0        6.0       -3.0        0.0        5.0       -7.0
