8
      44.0        6.0        8.0        7.0        1.0        4.0       -5.0        3.0 =     -476.0
       2.0      -43.0       -3.0       -6.0       -8.0        6.0       -5.0        4.0 =     -106.0
      -3.0        2.0       40.0        2.0        4.0       -5.0       -7.0        7.0 =     -200.0
       9.0       -3.0        7.0       48.0       -8.0       -6.0       -4.0       -3.0 =      120.0
       0.0        5.0        6.0       -8.0      -46.0       -8.0       10.0        0.0 =       82.0
       0.0       -7.0        1.0        0.0       -4.0      -34.0       -7.0        5.0 =      -92.0
       1.0        4.0        0.0        9.0       -9.0        1.0      -33.0       -7.0 =     -340.0
       8.0        2.0        4.0       -8.0        3.0       -5.0       -6.0      -45.0 =     -376.0

      -7.0        2.0       -5.0        3.0       -2.0        2.0       10.0        8.0
