8
     -50.0       -1.0       -8.0       -9.0        5.0       -9.0       -7.0        8.0 =      497.0
       8.0       37.0       -1.0        8.0        3.0       -2.0       -5.0        8.0 =      504.0
      -5.0        1.0       51.0       -1.0       10.0       -9.0        5.0      -10.0 =       42.0
       5.0        4.0        0.0      -44.0        6.0        9.0        9.0       -5.0 =       96.0
       3.0        8.0        0.0        7.0       37.0       -4.0        4.0        7.0 =      186.0
       0.0        0.0        2.0       -9.0       -7.0       29.0       -4.0       -1.0 =       90.0
       9.0        7.0       -3.0        2.0       -4.0        4.0       34.0       -4.0 =      405.0
      -5.0       -7.0        9.0       -2.0        2.0        6.0        9.0       49.0 =      122.0

      -7.0        9.0        1.0       -6.0        3.0        9.0        9.0        2.0
