8
     -32.0        1.0       -4.0       -6.0      -10.0        0.0       -2.0        1.0 =      156.0
      -2.0      -22.0        2.0       -1.0       -1.0       -4.0        4.0       -3.0 =     -189.0
      -2.0       -4.0       30.0       -2.0        9.0       -2.0       -2.0       -5.0 =      -66.0
       5.0        4.0       -8.0       37.0        5.0       -3.0       -5.0        3.0 =      114.0
       8.0       -2.0       -1.0       -7.0      -38.0       -5.0        1.0       -6.0 =      150.0
     -10.0        0.0        6.0      -10.0       -3.0      -48.0       -6.0       -5.0 =      228.0
      -4.0       -6.0        7.0        3.0       10.0       -1.0      -40.0        8.0 =      184.0
       9.0        1.0        8.0       -5.0        2.0       -2.0       -5.0       41.0 =        0.0

      -3.0        7.0       -3.0        3.0       -3.0       -3.0       -8.0        0.0
