8
      27.0        7.0       -1.0        1.0        8.0       -1.0        1.0        4.0 =     -368.0
       5.0      -40.0        3.0       -4.0       -6.0      -10.0       -6.0        5.0 =      159.0
      -6.0        7.0      -56.0       -9.0        3.0       -7.0        7.0        8.0 =      477.0
       8.0       -7.0        9.0       48.0        3.0        3.0       -7.0       -5.0 =      468.0
       5.0       -4.0        5.0       -2.0      -30.0        1.0       -1.0       -8.0 =     -136.0
       9.0       -5.0        8.0        9.0        1.0      -47.0        2.0       -6.0 =      -29.0
       5.0       -5.0       -1.0        5.0       -6.0       -6.0       38.0       -1.0 =      -87.0
      10.0       10.0        0.0        1.0        2.0       -6.0        9.0      -41.0 =       75.0

      -8.0       -3.0       -9.0        9.0        4.0        1.0       -3.0       -5.0
