8
      49.0        0.0        8.0       10.0       10.0        2.0       -4.0        8.0 =     -332.0
       9.0       45.0        9.0        4.0       -4.0       -3.0        0.0        8.0 =      680.0
       5.0        1.0      -44.0       -9.0        4.0        2.0       -9.0        8.0 =      294.0
      -2.0        3.0        7.0       39.0      -10.0       -4.0        6.0        1.0 =     -240.0
      -7.0        6.0        7.0        8.0      -47.0        5.0       -7.0       -6.0 =     -205.0
       3.0       -4.0       -1.0       -9.0        6.0       41.0        9.0        4.0 =       98.0
       2.0        0.0        0.0        9.0        7.0       -1.0      -28.0        3.0 =       40.0
      -4.0       -1.0       -9.0       -9.0       -2.0       -8.0       -1.0       42.0 =      -40.0

      -4.0       10.0       -7.0       -6.0        5.0        2.0       -5.0       -5.0
