big/c-33/c-33.mtx	2014-10-20 18:15:44	0	2	6317	3880.031000000	0.000000000	3880	3880.000000000	
big/c-33/c-33.mtx	2014-10-20 18:17:04	0	2	6317	3857.429000000	0.000000000	3857	3857.000000000	
big/c-33/c-33.mtx	2014-10-20 18:26:20	0	2	6317	4712.434000000	0.000000000	4712	4712.000000000	
big/c-33/c-33.mtx	2014-10-20 18:27:09	0	2	6317	4988.834000000	0.000000000	4989	4989.000000000	
big/c-33/c-33.mtx	2014-10-20 18:28:53	0	2	6317	4683.235000000	0.000000000	4684	4684.000000000	
big/c-33/c-33.mtx	2014-10-20 18:29:11	0	2	6317	4760.242000000	0.000000000	4760	4760.000000000	
big/c-33/c-33.mtx	2014-10-20 18:29:19	0	2	6317	4748.037000000	0.000000000	4748	4748.000000000	
big/c-33/c-33.mtx	2014-10-20 18:29:31	0	2	6317	4763.031000000	0.000000000	4763	4763.000000000	
big/c-33/c-33.mtx	2014-10-20 18:29:39	0	2	6317	4687.833000000	0.000000000	4688	4688.000000000	
big/c-33/c-33.mtx	2014-10-20 18:38:39	0	2	6317	4928.238000000	0.000000000	4929	4929.000000000	
big/c-33/c-33.mtx	2014-10-20 18:38:51	0	2	6317	4952.838000000	0.000000000	4953	4953.000000000	
big/c-33/c-33.mtx	2014-10-20 18:39:12	0	2	6317	4771.637000000	0.000000000	4772	4772.000000000	
big/c-33/c-33.mtx	2014-10-20 18:39:53	0	2	6317	5043.636000000	0.000000000	5044	5044.000000000	
big/c-33/c-33.mtx	2014-10-20 18:40:34	0	2	6317	4590.430000000	0.000000000	4590	4590.000000000	
big/c-33/c-33.mtx	2014-10-20 18:40:42	0	2	6317	4661.247000000	0.000000000	4661	4661.000000000	
big/c-33/c-33.mtx	2014-10-20 18:43:35	0	2	6317	4755.234000000	0.000000000	4755	4755.000000000	
big/c-33/c-33.mtx	2014-10-20 18:43:43	0	2	6317	4642.231000000	0.000000000	4642	4642.000000000	
big/c-33/c-33.mtx	2014-10-20 18:44:17	0	2	6317	4911.433000000	0.000000000	4911	4911.000000000	
big/c-33/c-33.mtx	2014-10-20 18:44:33	0	2	6317	530.404000000	0.000000000	530	530.000000000	
big/c-33/c-33.mtx	2014-10-20 18:44:41	0	2	6317	1199.813000000	0.000000000	1200	1200.000000000	
big/c-33/c-33.mtx	2014-10-20 18:45:29	0	2	6317	4694.433000000	0.000000000	4694	4694.000000000	
big/c-33/c-33.mtx	2014-10-20 18:45:57	0	2	6317	4717.231000000	0.000000000	4717	4717.000000000	
big/c-33/c-33.mtx	2014-10-20 18:47:06	0	2	6317	4465.629000000	0.000000000	4465	4465.000000000	
big/c-33/c-33.mtx	2014-10-20 18:47:29	0	2	6317	4479.630000000	0.000000000	4480	4480.000000000	
big/c-33/c-33.mtx	2014-10-20 18:47:42	0	2	6317	4391.432000000	0.000000000	4391	4391.000000000	
big/c-33/c-33.mtx	2014-10-20 18:47:54	0	2	6317	4662.831000000	0.000000000	4663	4663.000000000	
big/c-33/c-33.mtx	2014-10-20 18:48:29	0	2	6317	4408.433000000	0.000000000	4408	4408.000000000	
big/c-33/c-33.mtx	2014-10-20 18:48:52	0	2	6317	4425.436000000	0.000000000	4426	4426.000000000	
