./generated/m2-1.txt	2014-10-23 01:08:51	141403373108871008	2	2	0.170000000	0.168932000	303	0.303000008	
./generated/m4-1.txt	2014-10-23 01:08:51	141403373108895840	2	4	0.164000000	0.162230000	290	0.289999996	
./generated/m6-1.txt	2014-10-23 01:08:51	141403373108956224	2	6	3.843000000	3.844375000	4141	4.141000099	
./generated/m8-1.txt	2014-10-23 01:08:51	141403373108981216	2	8	0.194000000	0.191549000	349	0.349000009	
./generated/m10-1.txt	2014-10-23 01:08:51	141403373109003488	2	10	0.180000000	0.178146000	224	0.224000003	
./generated/m12-1.txt	2014-10-23 01:08:51	141403373109019360	2	12	0.146000000	0.145756000	262	0.261999987	
./generated/m14-1.txt	2014-10-23 01:08:51	141403373109038560	2	14	0.153000000	0.151898000	271	0.270999997	
./generated/m16-1.txt	2014-10-23 01:08:51	141403373109053264	2	16	0.161000000	0.149386000	267	0.266999996	
./generated/m18-1.txt	2014-10-23 01:08:51	141403373109067728	2	18	0.143000000	0.141847000	255	0.254999992	
./generated/m20-1.txt	2014-10-23 01:08:51	141403373109081664	2	20	0.143000000	0.142126000	257	0.257000007	
./generated/m22-1.txt	2014-10-23 01:08:51	141403373109095840	2	22	0.157000000	0.156087000	273	0.273000012	
./generated/m24-1.txt	2014-10-23 01:08:51	141403373109112768	2	24	0.148000000	0.147710000	267	0.266999996	
./generated/m26-1.txt	2014-10-23 01:08:51	141403373109128704	2	26	0.152000000	0.151619000	276	0.276000006	
./generated/m28-1.txt	2014-10-23 01:08:51	141403373109144160	2	28	0.152000000	0.151061000	275	0.274999999	
./generated/m30-1.txt	2014-10-23 01:08:51	141403373109161152	2	30	0.154000000	0.153853000	279	0.279000000	
./generated/m32-1.txt	2014-10-23 01:08:51	141403373109176784	2	32	0.155000000	0.154132000	280	0.280000007	
./generated/m34-1.txt	2014-10-23 01:08:51	141403373109194848	2	34	0.217000000	0.215841000	358	0.357999990	
./generated/m36-1.txt	2014-10-23 01:08:51	141403373109211680	2	36	0.159000000	0.158600000	291	0.291000004	
./generated/m38-1.txt	2014-10-23 01:08:51	141403373109236000	2	38	0.215000000	0.107781000	177	0.176999994	
./generated/m40-1.txt	2014-10-23 01:08:51	141403373109252464	2	40	0.166000000	0.165302000	302	0.302000000	
./generated/m42-1.txt	2014-10-23 01:08:51	141403373109267280	2	42	0.220000000	0.177308000	319	0.319000013	
./generated/m44-1.txt	2014-10-23 01:08:51	141403373109285504	2	44	0.192000000	0.191269000	356	0.356000004	
./generated/m46-1.txt	2014-10-23 01:08:51	141403373109303120	2	46	0.187000000	0.187081000	321	0.321000000	
./generated/m48-1.txt	2014-10-23 01:08:51	141403373109322496	2	48	0.182000000	0.180939000	334	0.334000011	
./generated/m50-1.txt	2014-10-23 01:08:51	141403373109342448	2	50	0.178000000	0.177867000	326	0.326000008	
./generated/m52-1.txt	2014-10-23 01:08:51	141403373109366960	2	52	0.179000000	0.179262000	330	0.330000010	
./generated/m54-1.txt	2014-10-23 01:08:51	141403373109386096	2	54	0.201000000	0.200484000	368	0.368000008	
./generated/m56-1.txt	2014-10-23 01:08:51	141403373109405648	2	56	0.206000000	0.194900000	358	0.357999990	
./generated/m58-1.txt	2014-10-23 01:08:51	141403373109426960	2	58	0.306000000	0.304635000	422	0.422000012	
./generated/m60-1.txt	2014-10-23 01:08:51	141403373109448208	2	60	0.193000000	0.192386000	356	0.356000004	
./generated/m62-1.txt	2014-10-23 01:08:51	141403373109476720	2	62	0.326000000	0.223939000	404	0.403999991	
./generated/m64-1.txt	2014-10-23 01:08:51	141403373109499872	2	64	0.204000000	0.203834000	379	0.379000005	
./generated/m66-1.txt	2014-10-23 01:08:51	141403373109523936	2	66	0.213000000	0.213607000	399	0.399000011	
./generated/m68-1.txt	2014-10-23 01:08:51	141403373109547920	2	68	0.294000000	0.252420000	467	0.467000005	
./generated/m70-1.txt	2014-10-23 01:08:51	141403373109571552	2	70	0.212000000	0.212212000	397	0.396999996	
./generated/m72-1.txt	2014-10-23 01:08:51	141403373109594480	2	72	0.241000000	0.226731000	421	0.421000004	
./generated/m74-1.txt	2014-10-23 01:08:51	141403373109618848	2	74	0.216000000	0.215841000	404	0.403999991	
./generated/m76-1.txt	2014-10-23 01:08:51	141403373109645392	2	76	0.280000000	0.279505000	531	0.531000027	
./generated/m78-1.txt	2014-10-23 01:08:51	141403373109675488	2	78	0.276000000	0.275037000	521	0.521000009	
./generated/m80-1.txt	2014-10-23 01:08:51	141403373109701840	2	80	0.282000000	0.282297000	520	0.520000001	
./generated/m82-1.txt	2014-10-23 01:08:51	141403373109730800	2	82	0.275000000	0.274758000	522	0.522000017	
./generated/m84-1.txt	2014-10-23 01:08:51	141403373109758560	2	84	0.263000000	0.263031000	497	0.497000001	
./generated/m86-1.txt	2014-10-23 01:08:51	141403373109786512	2	86	0.306000000	0.305752000	576	0.576000020	
./generated/m88-1.txt	2014-10-23 01:08:51	141403373109816352	2	88	0.249000000	0.248510000	469	0.468999991	
./generated/m90-1.txt	2014-10-23 01:08:51	141403373109848224	2	90	0.255000000	0.253816000	480	0.479999988	
./generated/m92-1.txt	2014-10-23 01:08:51	141403373109880784	2	92	0.272000000	0.271687000	514	0.514000014	
./generated/m94-1.txt	2014-10-23 01:08:51	141403373109920448	2	94	0.638000000	0.526898000	1015	1.015000045	
./generated/m96-1.txt	2014-10-23 01:08:51	141403373109947552	2	96	0.210000000	0.208582000	382	0.381999998	
./generated/m98-1.txt	2014-10-23 01:08:51	141403373109979904	2	98	0.368000000	0.367461000	706	0.706000021	
./generated/m100-1.txt	2014-10-23 01:08:51	141403373200014080	2	100	0.350000000	0.356291000	678	0.677999982	
./generated/m102-1.txt	2014-10-23 01:08:52	141403373200049120	2	102	0.311000000	0.310219000	592	0.592000026	
./generated/m104-1.txt	2014-10-23 01:08:52	141403373200089488	2	104	1.129000000	0.336188000	617	0.616999983	
./generated/m106-1.txt	2014-10-23 01:08:52	141403373200123872	2	106	0.333000000	0.322226000	612	0.612000003	
./generated/m108-1.txt	2014-10-23 01:08:52	141403373200158448	2	108	0.323000000	0.322506000	617	0.616999983	
./generated/m110-1.txt	2014-10-23 01:08:52	141403373200200640	2	110	0.325000000	0.325018000	623	0.623000029	
./generated/m112-1.txt	2014-10-23 01:08:52	141403373200242416	2	112	0.328000000	0.328369000	627	0.627000001	
./generated/m114-1.txt	2014-10-23 01:08:52	141403373200300176	2	114	0.372000000	0.370253000	693	0.692999980	
./generated/m116-1.txt	2014-10-23 01:08:52	141403373200357632	2	116	0.368000000	0.286206000	524	0.523999974	
./generated/m118-1.txt	2014-10-23 01:08:52	141403373200402256	2	118	0.461000000	0.460164000	870	0.869999989	
./generated/m120-1.txt	2014-10-23 01:08:52	141403373200490416	2	120	0.396000000	0.395662000	726	0.725999998	
./generated/m122-1.txt	2014-10-23 01:08:52	141403373200542336	2	122	0.410000000	0.407948000	776	0.775999972	
./generated/m124-1.txt	2014-10-23 01:08:52	141403373200590400	2	124	0.623000000	0.621276000	1156	1.155999955	
./generated/m126-1.txt	2014-10-23 01:08:52	141403373200635792	2	126	0.420000000	0.418839000	798	0.798000023	
./generated/m128-1.txt	2014-10-23 01:08:52	141403373200689840	2	128	0.398000000	0.397059000	761	0.760999974	
./generated/m2-1.txt	2014-10-23 01:08:52	141403373200731280	2	2	0.178000000	0.177029000	324	0.323999993	
./generated/m4-1.txt	2014-10-23 01:08:52	141403373200746656	2	4	0.217000000	0.168094000	301	0.300999993	
./generated/m6-1.txt	2014-10-23 01:08:52	141403373200761840	2	6	0.181000000	0.179821000	330	0.330000010	
./generated/m8-1.txt	2014-10-23 01:08:52	141403373200779168	2	8	0.237000000	0.235387000	340	0.339999999	
./generated/m10-1.txt	2014-10-23 01:08:52	141403373200795632	2	10	0.135000000	0.134307000	238	0.237999993	
./generated/m12-1.txt	2014-10-23 01:08:52	141403373200811728	2	12	0.141000000	0.138495000	245	0.245000003	
./generated/m14-1.txt	2014-10-23 01:08:52	141403373200827408	2	14	0.297000000	0.206068000	256	0.255999999	
./generated/m16-1.txt	2014-10-23 01:08:52	141403373200844256	2	16	0.159000000	0.158321000	289	0.288999989	
./generated/m18-1.txt	2014-10-23 01:08:52	141403373200859504	2	18	0.158000000	0.156925000	286	0.285999995	
./generated/m20-1.txt	2014-10-23 01:08:52	141403373200875040	2	20	0.141000000	0.139334000	248	0.247999997	
./generated/m22-1.txt	2014-10-23 01:08:52	141403373200892480	2	22	0.147000000	0.146314000	257	0.257000007	
./generated/m24-1.txt	2014-10-23 01:08:52	141403373200909856	2	24	0.145000000	0.142963000	255	0.254999992	
./generated/m26-1.txt	2014-10-23 01:08:52	141403373200928624	2	26	0.152000000	0.150503000	269	0.269000011	
./generated/m28-1.txt	2014-10-23 01:08:52	141403373200946784	2	28	0.236000000	0.237900000	245	0.245000003	
./generated/m30-1.txt	2014-10-23 01:08:52	141403373200964112	2	30	0.172000000	0.170886000	311	0.311000011	
./generated/m32-1.txt	2014-10-23 01:08:52	141403373200981152	2	32	0.197000000	0.188198000	337	0.337000005	
./generated/m34-1.txt	2014-10-23 01:08:52	141403373201007968	2	34	0.179000000	0.178425000	325	0.325000001	
./generated/m36-1.txt	2014-10-23 01:08:52	141403373201025920	2	36	0.230000000	0.228965000	294	0.293999998	
./generated/m38-1.txt	2014-10-23 01:08:52	141403373201043968	2	38	0.180000000	0.178704000	327	0.326999987	
./generated/m40-1.txt	2014-10-23 01:08:52	141403373201062880	2	40	0.184000000	0.183172000	334	0.334000011	
./generated/m42-1.txt	2014-10-23 01:08:52	141403373201083792	2	42	0.189000000	0.188477000	346	0.345999986	
./generated/m44-1.txt	2014-10-23 01:08:52	141403373201103216	2	44	0.188000000	0.187918000	346	0.345999986	
./generated/m46-1.txt	2014-10-23 01:08:52	141403373201123632	2	46	0.202000000	0.201322000	372	0.372000010	
./generated/m48-1.txt	2014-10-23 01:08:52	141403373201147312	2	48	0.155000000	0.154132000	236	0.236000007	
./generated/m50-1.txt	2014-10-23 01:08:52	141403373201168320	2	50	0.205000000	0.203835000	376	0.376000011	
./generated/m52-1.txt	2014-10-23 01:08:52	141403373201188560	2	52	0.172000000	0.171166000	312	0.311999989	
./generated/m54-1.txt	2014-10-23 01:08:52	141403373201209040	2	54	0.197000000	0.196017000	361	0.361000013	
./generated/m56-1.txt	2014-10-23 01:08:52	141403373201230512	2	56	0.191000000	0.189314000	348	0.348000001	
./generated/m58-1.txt	2014-10-23 01:08:52	141403373201251696	2	58	0.200000000	0.199088000	368	0.368000008	
./generated/m60-1.txt	2014-10-23 01:08:52	141403373201278128	2	60	0.215000000	0.214166000	397	0.396999996	
./generated/m62-1.txt	2014-10-23 01:08:52	141403373201300416	2	62	0.208000000	0.207464000	385	0.384999992	
./generated/m64-1.txt	2014-10-23 01:08:52	141403373201322896	2	64	0.215000000	0.213328000	395	0.395000010	
./generated/m66-1.txt	2014-10-23 01:08:52	141403373201349712	2	66	0.476000000	0.435871000	835	0.835000013	
./generated/m68-1.txt	2014-10-23 01:08:52	141403373201374592	2	68	0.277000000	0.277271000	528	0.528000004	
./generated/m70-1.txt	2014-10-23 01:08:52	141403373201401360	2	70	0.256000000	0.246835000	462	0.461999996	
./generated/m72-1.txt	2014-10-23 01:08:52	141403373201426608	2	72	0.283000000	0.282018000	466	0.465999998	
./generated/m74-1.txt	2014-10-23 01:08:52	141403373201452736	2	74	0.255000000	0.244043000	477	0.476999994	
./generated/m76-1.txt	2014-10-23 01:08:52	141403373201481696	2	76	0.241000000	0.240693000	454	0.453999994	
./generated/m78-1.txt	2014-10-23 01:08:52	141403373201510064	2	78	0.272000000	0.271407000	511	0.510999991	
./generated/m80-1.txt	2014-10-23 01:08:52	141403373201538720	2	80	0.262000000	0.261913000	491	0.491000013	
./generated/m82-1.txt	2014-10-23 01:08:52	141403373201569200	2	82	0.262000000	0.262193000	498	0.498000009	
./generated/m84-1.txt	2014-10-23 01:08:52	141403373201599664	2	84	0.283000000	0.294863000	561	0.561000023	
./generated/m86-1.txt	2014-10-23 01:08:52	141403373201628832	2	86	0.388000000	0.291790000	545	0.545000017	
./generated/m88-1.txt	2014-10-23 01:08:52	141403373201659696	2	88	0.277000000	0.275874000	522	0.522000017	
./generated/m90-1.txt	2014-10-23 01:08:52	141403373201696048	2	90	0.307000000	0.305752000	549	0.548999989	
./generated/m92-1.txt	2014-10-23 01:08:52	141403373201729216	2	92	0.288000000	0.287603000	547	0.546999974	
./generated/m94-1.txt	2014-10-23 01:08:52	141403373201768960	2	94	0.306000000	0.305751000	582	0.582000008	
./generated/m96-1.txt	2014-10-23 01:08:52	141403373201800944	2	96	0.307000000	0.317479000	606	0.606000016	
./generated/m98-1.txt	2014-10-23 01:08:52	141403373201839392	2	98	0.280000000	0.278946000	525	0.524999981	
./generated/m100-1.txt	2014-10-23 01:08:52	141403373201891408	2	100	0.375000000	0.373604000	633	0.632999989	
./generated/m102-1.txt	2014-10-23 01:08:52	141403373201981152	2	102	5.275000000	5.274290000	5528	5.528000183	
./generated/m104-1.txt	2014-10-23 01:08:52	141403373202035968	2	104	0.342000000	0.340097000	612	0.612000003	
./generated/m106-1.txt	2014-10-23 01:08:52	141403373202071408	2	106	0.326000000	0.324739000	620	0.620000006	
./generated/m108-1.txt	2014-10-23 01:08:52	141403373202108960	2	108	0.402000000	0.307427000	578	0.577999977	
./generated/m110-1.txt	2014-10-23 01:08:52	141403373202145328	2	110	0.285000000	0.292070000	543	0.543000002	
./generated/m112-1.txt	2014-10-23 01:08:52	141403373202197232	2	112	0.311000000	0.311057000	592	0.592000026	
./generated/m114-1.txt	2014-10-23 01:08:52	141403373202238224	2	114	0.367000000	0.365785000	691	0.691000023	
./generated/m116-1.txt	2014-10-23 01:08:52	141403373202282912	2	116	0.401000000	0.400968000	772	0.771999999	
./generated/m118-1.txt	2014-10-23 01:08:52	141403373202326544	2	118	0.398000000	0.375558000	710	0.709999993	
./generated/m120-1.txt	2014-10-23 01:08:52	141403373202375888	2	120	0.366000000	0.344006000	654	0.653999974	
./generated/m122-1.txt	2014-10-23 01:08:52	141403373202420640	2	122	0.353000000	0.352103000	672	0.671999995	
./generated/m124-1.txt	2014-10-23 01:08:52	141403373202463936	2	124	0.328000000	0.327252000	623	0.623000029	
./generated/m126-1.txt	2014-10-23 01:08:52	141403373202512720	2	126	0.535000000	0.534437000	809	0.808999990	
./generated/m128-1.txt	2014-10-23 01:08:52	141403373202555392	2	128	0.423000000	0.422469000	816	0.815999985	
./generated/m2-1.txt	2014-10-23 01:08:52	141403373202596688	2	2	0.162000000	0.160276000	289	0.288999989	
./generated/m4-1.txt	2014-10-23 01:08:52	141403373202611104	2	4	0.132000000	0.130678000	231	0.230999998	
./generated/m6-1.txt	2014-10-23 01:08:52	141403373202626512	2	6	0.203000000	0.147990000	259	0.258999993	
./generated/m8-1.txt	2014-10-23 01:08:52	141403373202644384	2	8	0.135000000	0.133470000	236	0.236000007	
./generated/m10-1.txt	2014-10-23 01:08:52	141403373202660624	2	10	0.177000000	0.175633000	320	0.319999992	
./generated/m12-1.txt	2014-10-23 01:08:52	141403373202677408	2	12	0.153000000	0.151340000	270	0.269999990	
./generated/m14-1.txt	2014-10-23 01:08:52	141403373202692896	2	14	0.178000000	0.175633000	319	0.319000013	
./generated/m16-1.txt	2014-10-23 01:08:52	141403373202709344	2	16	0.141000000	0.139054000	246	0.246000011	
./generated/m18-1.txt	2014-10-23 01:08:52	141403373202725152	2	18	0.142000000	0.140730000	248	0.247999997	
./generated/m20-1.txt	2014-10-23 01:08:52	141403373202740640	2	20	0.139000000	0.137379000	244	0.243999995	
./generated/m22-1.txt	2014-10-23 01:08:52	141403373202757648	2	22	0.169000000	0.167535000	304	0.303999986	
./generated/m24-1.txt	2014-10-23 01:08:52	141403373202773680	2	24	0.143000000	0.142964000	253	0.253000006	
./generated/m26-1.txt	2014-10-23 01:08:52	141403373202790432	2	26	0.146000000	0.144639000	258	0.257999985	
./generated/m28-1.txt	2014-10-23 01:08:52	141403373202805856	2	28	0.161000000	0.159158000	287	0.287000003	
./generated/m30-1.txt	2014-10-23 01:08:52	141403373202822784	2	30	0.154000000	0.153295000	277	0.277000014	
./generated/m32-1.txt	2014-10-23 01:08:52	141403373202840064	2	32	0.151000000	0.149107000	267	0.266999996	
./generated/m34-1.txt	2014-10-23 01:08:52	141403373202857840	2	34	0.152000000	0.150781000	269	0.269000011	
./generated/m36-1.txt	2014-10-23 01:08:52	141403373202877152	2	36	0.170000000	0.168093000	288	0.288000010	
./generated/m38-1.txt	2014-10-23 01:08:52	141403373202895520	2	38	0.159000000	0.158041000	284	0.284000009	
./generated/m40-1.txt	2014-10-23 01:08:52	141403373202914656	2	40	0.160000000	0.159158000	286	0.285999995	
./generated/m42-1.txt	2014-10-23 01:08:52	141403373202936752	2	42	0.181000000	0.179542000	308	0.307999988	
./generated/m44-1.txt	2014-10-23 01:08:52	141403373202955936	2	44	0.181000000	0.180659000	330	0.330000010	
./generated/m46-1.txt	2014-10-23 01:08:52	141403373202974368	2	46	0.203000000	0.202438000	377	0.376999989	
./generated/m48-1.txt	2014-10-23 01:08:52	141403373202995232	2	48	0.184000000	0.182335000	336	0.335999997	
./generated/m50-1.txt	2014-10-23 01:08:52	141403373203015536	2	50	0.222000000	0.221147000	412	0.411999994	
./generated/m52-1.txt	2014-10-23 01:08:52	141403373203041440	2	52	0.192000000	0.190432000	349	0.349000009	
./generated/m54-1.txt	2014-10-23 01:08:52	141403373203063216	2	54	0.205000000	0.203835000	375	0.375000003	
./generated/m56-1.txt	2014-10-23 01:08:52	141403373203093120	2	56	0.205000000	0.204113000	376	0.376000011	
./generated/m58-1.txt	2014-10-23 01:08:52	141403373203118912	2	58	0.207000000	0.206627000	382	0.381999998	
./generated/m60-1.txt	2014-10-23 01:08:52	141403373203139344	2	60	0.215000000	0.206906000	376	0.376000011	
./generated/m62-1.txt	2014-10-23 01:08:52	141403373203166448	2	62	0.212000000	0.211094000	392	0.391999987	
./generated/m64-1.txt	2014-10-23 01:08:52	141403373203191088	2	64	0.312000000	0.310499000	412	0.411999994	
./generated/m66-1.txt	2014-10-23 01:08:52	141403373203215952	2	66	0.221000000	0.220588000	397	0.396999996	
./generated/m68-1.txt	2014-10-23 01:08:52	141403373203241632	2	68	0.222000000	0.221426000	411	0.410999986	
./generated/m70-1.txt	2014-10-23 01:08:52	141403373203268736	2	70	0.443000000	0.441735000	750	0.750000007	
./generated/m72-1.txt	2014-10-23 01:08:52	141403373203294400	2	72	0.233000000	0.231757000	431	0.430999993	
./generated/m74-1.txt	2014-10-23 01:08:52	141403373203325408	2	74	0.313000000	0.311336000	590	0.590000011	
./generated/m76-1.txt	2014-10-23 01:08:52	141403373203357072	2	76	0.238000000	0.236224000	440	0.440000003	
./generated/m78-1.txt	2014-10-23 01:08:52	141403373203387408	2	78	0.531000000	0.530808000	1008	1.007999992	
./generated/m80-1.txt	2014-10-23 01:08:52	141403373203417152	2	80	0.259000000	0.257446000	484	0.483999989	
./generated/m82-1.txt	2014-10-23 01:08:52	141403373203447040	2	82	0.269000000	0.268336000	506	0.506000011	
./generated/m84-1.txt	2014-10-23 01:08:52	141403373203476736	2	84	0.358000000	0.357130000	681	0.681000005	
./generated/m86-1.txt	2014-10-23 01:08:52	141403373203510080	2	86	0.267000000	0.266102000	498	0.498000009	
./generated/m88-1.txt	2014-10-23 01:08:52	141403373203540960	2	88	0.267000000	0.265823000	500	0.500000024	
./generated/m90-1.txt	2014-10-23 01:08:52	141403373203575728	2	90	0.275000000	0.273362000	514	0.514000014	
./generated/m92-1.txt	2014-10-23 01:08:52	141403373203607808	2	92	0.273000000	0.272244000	513	0.513000006	
./generated/m94-1.txt	2014-10-23 01:08:52	141403373203642736	2	94	0.493000000	0.493112000	954	0.953999988	
./generated/m96-1.txt	2014-10-23 01:08:52	141403373203676544	2	96	0.280000000	0.279226000	530	0.530000019	
./generated/m98-1.txt	2014-10-23 01:08:52	141403373203710208	2	98	0.294000000	0.294582000	561	0.561000023	
./generated/m100-1.txt	2014-10-23 01:08:52	141403373203744048	2	100	0.302000000	0.301843000	575	0.575000013	
./generated/m102-1.txt	2014-10-23 01:08:52	141403373203780368	2	102	0.308000000	0.307427000	586	0.585999980	
./generated/m104-1.txt	2014-10-23 01:08:52	141403373203815632	2	104	0.325000000	0.323902000	614	0.614000019	
./generated/m106-1.txt	2014-10-23 01:08:52	141403373203855088	2	106	0.331000000	0.329486000	627	0.627000001	
./generated/m108-1.txt	2014-10-23 01:08:52	141403373203896512	2	108	0.324000000	0.323064000	616	0.615999976	
./generated/m110-1.txt	2014-10-23 01:08:52	141403373203936544	2	110	0.342000000	0.340934000	651	0.651000009	
./generated/m112-1.txt	2014-10-23 01:08:52	141403373203978864	2	112	0.328000000	0.327811000	625	0.624999986	
./generated/m114-1.txt	2014-10-23 01:08:52	141403373204015712	2	114	0.355000000	0.353499000	676	0.676000025	
./generated/m116-1.txt	2014-10-23 01:08:52	141403373204056544	2	116	0.364000000	0.362714000	693	0.692999980	
./generated/m118-1.txt	2014-10-23 01:08:52	141403373204102224	2	118	0.356000000	0.355454000	682	0.682000013	
./generated/m120-1.txt	2014-10-23 01:08:52	141403373204153936	2	120	1.166000000	0.402364000	666	0.666000007	
./generated/m122-1.txt	2014-10-23 01:08:52	141403373204195168	2	122	0.380000000	0.378072000	724	0.723999983	
./generated/m124-1.txt	2014-10-23 01:08:52	141403373204241728	2	124	0.317000000	0.316362000	601	0.600999978	
./generated/m126-1.txt	2014-10-23 01:08:52	141403373204286944	2	126	0.379000000	0.377513000	723	0.722999976	
./generated/m128-1.txt	2014-10-23 01:08:52	141403373204336352	2	128	0.409000000	0.407669000	783	0.783000025	
./generated/m2-1.txt	2014-10-23 01:08:52	141403373204375792	2	2	0.277000000	0.274758000	520	0.520000001	
./generated/m4-1.txt	2014-10-23 01:08:52	141403373204392480	2	4	0.152000000	0.151619000	274	0.273999991	
./generated/m6-1.txt	2014-10-23 01:08:52	141403373204407152	2	6	0.151000000	0.149665000	269	0.269000011	
./generated/m8-1.txt	2014-10-23 01:08:52	141403373204421904	2	8	0.153000000	0.152178000	275	0.274999999	
./generated/m10-1.txt	2014-10-23 01:08:52	141403373204440320	2	10	0.157000000	0.156087000	281	0.280999986	
./generated/m12-1.txt	2014-10-23 01:08:52	141403373204455392	2	12	0.157000000	0.155529000	280	0.280000007	
./generated/m14-1.txt	2014-10-23 01:08:52	141403373204471424	2	14	0.155000000	0.154132000	277	0.277000014	
./generated/m16-1.txt	2014-10-23 01:08:52	141403373204489008	2	16	0.364000000	0.362714000	553	0.553000020	
./generated/m18-1.txt	2014-10-23 01:08:52	141403373204505744	2	18	0.226000000	0.225056000	274	0.273999991	
./generated/m20-1.txt	2014-10-23 01:08:52	141403373204521792	2	20	0.159000000	0.158042000	286	0.285999995	
./generated/m22-1.txt	2014-10-23 01:08:52	141403373204541264	2	22	0.172000000	0.170607000	300	0.300000014	
./generated/m24-1.txt	2014-10-23 01:08:52	141403373204562720	2	24	0.138000000	0.137938000	244	0.243999995	
./generated/m26-1.txt	2014-10-23 01:08:52	141403373204578656	2	26	0.164000000	0.163905000	297	0.296999991	
./generated/m28-1.txt	2014-10-23 01:08:52	141403373204597024	2	28	0.147000000	0.146873000	262	0.261999987	
./generated/m30-1.txt	2014-10-23 01:08:52	141403373204612784	2	30	0.152000000	0.150782000	272	0.272000005	
./generated/m32-1.txt	2014-10-23 01:08:52	141403373204628656	2	32	0.256000000	0.248511000	309	0.308999995	
./generated/m34-1.txt	2014-10-23 01:08:52	141403373204645712	2	34	0.174000000	0.172841000	313	0.312999997	
./generated/m36-1.txt	2014-10-23 01:08:52	141403373204666000	2	36	0.211000000	0.209978000	274	0.273999991	
./generated/m38-1.txt	2014-10-23 01:08:52	141403373204683936	2	38	0.179000000	0.177588000	326	0.326000008	
./generated/m40-1.txt	2014-10-23 01:08:52	141403373204701424	2	40	0.181000000	0.180938000	328	0.327999995	
./generated/m42-1.txt	2014-10-23 01:08:52	141403373204723536	2	42	0.176000000	0.174795000	320	0.319999992	
./generated/m44-1.txt	2014-10-23 01:08:52	141403373204741872	2	44	0.214000000	0.214166000	402	0.402000005	
./generated/m46-1.txt	2014-10-23 01:08:52	141403373204761744	2	46	0.219000000	0.217796000	406	0.406000006	
./generated/m48-1.txt	2014-10-23 01:08:52	141403373204780624	2	48	0.221000000	0.220867000	413	0.413000002	
./generated/m50-1.txt	2014-10-23 01:08:52	141403373204802960	2	50	0.180000000	0.179821000	328	0.327999995	
./generated/m52-1.txt	2014-10-23 01:08:52	141403373204823472	2	52	0.194000000	0.192945000	354	0.353999989	
./generated/m54-1.txt	2014-10-23 01:08:52	141403373204845296	2	54	0.193000000	0.192386000	354	0.353999989	
./generated/m56-1.txt	2014-10-23 01:08:52	141403373204867456	2	56	0.238000000	0.236504000	435	0.434999994	
./generated/m58-1.txt	2014-10-23 01:08:52	141403373204888624	2	58	0.257000000	0.255491000	480	0.479999988	
./generated/m60-1.txt	2014-10-23 01:08:52	141403373204907488	2	60	0.244000000	0.242367000	447	0.446999999	
./generated/m62-1.txt	2014-10-23 01:08:52	141403373204929360	2	62	0.244000000	0.243764000	457	0.456999987	
./generated/m64-1.txt	2014-10-23 01:08:52	141403373204953440	2	64	0.229000000	0.227289000	423	0.422999990	
./generated/m66-1.txt	2014-10-23 01:08:52	141403373204977184	2	66	0.246000000	0.244881000	444	0.444000005	
./generated/m68-1.txt	2014-10-23 01:08:52	141403373205007424	2	68	0.250000000	0.249628000	467	0.467000005	
./generated/m70-1.txt	2014-10-23 01:08:52	141403373205029584	2	70	0.255000000	0.254095000	477	0.476999994	
./generated/m72-1.txt	2014-10-23 01:08:52	141403373205054320	2	72	0.244000000	0.242926000	470	0.469999999	
./generated/m74-1.txt	2014-10-23 01:08:52	141403373205080512	2	74	0.247000000	0.245719000	461	0.460999989	
./generated/m76-1.txt	2014-10-23 01:08:52	141403373205107360	2	76	0.331000000	0.330882000	553	0.553000020	
./generated/m78-1.txt	2014-10-23 01:08:52	141403373205135328	2	78	0.278000000	0.275875000	518	0.517999986	
./generated/m80-1.txt	2014-10-23 01:08:52	141403373205160624	2	80	0.256000000	0.255212000	479	0.479000009	
./generated/m82-1.txt	2014-10-23 01:08:52	141403373205187824	2	82	0.215000000	0.214446000	354	0.353999989	
./generated/m84-1.txt	2014-10-23 01:08:52	141403373205216288	2	84	0.280000000	0.279225000	528	0.528000004	
./generated/m86-1.txt	2014-10-23 01:08:52	141403373205246384	2	86	0.286000000	0.284531000	538	0.538000022	
./generated/m88-1.txt	2014-10-23 01:08:52	141403373205276688	2	88	0.289000000	0.287603000	545	0.545000017	
./generated/m90-1.txt	2014-10-23 01:08:52	141403373205310816	2	90	0.711000000	0.710908000	1391	1.390999998	
./generated/m92-1.txt	2014-10-23 01:08:52	141403373205341456	2	92	0.300000000	0.298771000	566	0.566000002	
./generated/m94-1.txt	2014-10-23 01:08:52	141403373205373872	2	94	0.295000000	0.294024000	557	0.556999992	
./generated/m96-1.txt	2014-10-23 01:08:52	141403373205407968	2	96	0.298000000	0.297933000	565	0.564999995	
./generated/m98-1.txt	2014-10-23 01:08:52	141403373205443088	2	98	0.307000000	0.305472000	579	0.578999985	
./generated/m100-1.txt	2014-10-23 01:08:52	141403373205477280	2	100	0.322000000	0.320271000	599	0.599000021	
./generated/m102-1.txt	2014-10-23 01:08:52	141403373205519088	2	102	0.261000000	0.260238000	447	0.446999999	
./generated/m104-1.txt	2014-10-23 01:08:52	141403373205554176	2	104	0.301000000	0.299888000	567	0.567000010	
./generated/m106-1.txt	2014-10-23 01:08:52	141403373205591008	2	106	0.314000000	0.312732000	595	0.594999990	
./generated/m108-1.txt	2014-10-23 01:08:52	141403373205627664	2	108	0.378000000	0.377513000	640	0.639999984	
./generated/m110-1.txt	2014-10-23 01:08:52	141403373205663488	2	110	0.326000000	0.324180000	617	0.616999983	
./generated/m112-1.txt	2014-10-23 01:08:52	141403373205705792	2	112	0.426000000	0.425260000	816	0.815999985	
./generated/m114-1.txt	2014-10-23 01:08:52	141403373205747328	2	114	0.199000000	0.483060000	933	0.933000003	
./generated/m116-1.txt	2014-10-23 01:08:52	141403373205788336	2	116	0.400000000	0.399013000	737	0.737000024	
./generated/m118-1.txt	2014-10-23 01:08:52	141403373205831552	2	118	0.599000000	0.597263000	1155	1.154999947	
./generated/m120-1.txt	2014-10-23 01:08:52	141403373205874000	2	120	0.376000000	0.375558000	712	0.712000008	
./generated/m122-1.txt	2014-10-23 01:08:52	141403373205921248	2	122	0.398000000	0.396780000	759	0.759000017	
./generated/m124-1.txt	2014-10-23 01:08:52	141403373205968976	2	124	0.346000000	0.345402000	659	0.659000012	
./generated/m126-1.txt	2014-10-23 01:08:52	141403373206015872	2	126	0.408000000	0.407669000	781	0.781000010	
./generated/m128-1.txt	2014-10-23 01:08:52	141403373206065232	2	128	0.637000000	0.635517000	1083	1.082999981	
./generated/m2-1.txt	2014-10-23 01:08:52	141403373206102448	2	2	0.158000000	0.146035000	261	0.261000008	
./generated/m4-1.txt	2014-10-23 01:08:52	141403373206118416	2	4	0.140000000	0.139334000	253	0.253000006	
./generated/m6-1.txt	2014-10-23 01:08:52	141403373206133696	2	6	0.138000000	0.137658000	249	0.249000004	
./generated/m8-1.txt	2014-10-23 01:08:52	141403373206151120	2	8	0.138000000	0.145755000	265	0.265000010	
./generated/m10-1.txt	2014-10-23 01:08:52	141403373206167456	2	10	0.140000000	0.139613000	254	0.254000013	
./generated/m12-1.txt	2014-10-23 01:08:52	141403373206183488	2	12	0.141000000	0.140171000	253	0.253000006	
./generated/m14-1.txt	2014-10-23 01:08:52	141403373206200592	2	14	0.158000000	0.157204000	287	0.287000003	
./generated/m16-1.txt	2014-10-23 01:08:52	141403373206220976	2	16	0.193000000	0.192107000	357	0.357000012	
./generated/m18-1.txt	2014-10-23 01:08:52	141403373206241104	2	18	0.155000000	0.154691000	282	0.281999994	
./generated/m20-1.txt	2014-10-23 01:08:52	141403373206257792	2	20	0.172000000	0.171165000	316	0.315999991	
./generated/m22-1.txt	2014-10-23 01:08:52	141403373206273728	2	22	0.175000000	0.175075000	324	0.323999993	
./generated/m24-1.txt	2014-10-23 01:08:52	141403373206288976	2	24	0.182000000	0.180659000	335	0.334999990	
./generated/m26-1.txt	2014-10-23 01:08:52	141403373206306112	2	26	0.326000000	0.313291000	523	0.523000024	
./generated/m28-1.txt	2014-10-23 01:08:52	141403373206323456	2	28	0.181000000	0.180938000	333	0.333000004	
./generated/m30-1.txt	2014-10-23 01:08:52	141403373206339728	2	30	0.179000000	0.178704000	331	0.330999988	
./generated/m32-1.txt	2014-10-23 01:08:52	141403373206358688	2	32	0.186000000	0.185964000	343	0.342999992	
./generated/m34-1.txt	2014-10-23 01:08:52	141403373206375552	2	34	0.167000000	0.166977000	306	0.306000002	
./generated/m36-1.txt	2014-10-23 01:08:52	141403373206393408	2	36	0.160000000	0.158880000	291	0.291000004	
./generated/m38-1.txt	2014-10-23 01:08:52	141403373206411088	2	38	0.177000000	0.176470000	310	0.310000003	
./generated/m40-1.txt	2014-10-23 01:08:52	141403373206429904	2	40	0.191000000	0.190711000	354	0.353999989	
./generated/m42-1.txt	2014-10-23 01:08:52	141403373206448144	2	42	0.195000000	0.194062000	361	0.361000013	
./generated/m44-1.txt	2014-10-23 01:08:52	141403373206467136	2	44	0.220000000	0.180938000	327	0.326999987	
./generated/m46-1.txt	2014-10-23 01:08:52	141403373206487968	2	46	0.255000000	0.254095000	402	0.402000005	
./generated/m48-1.txt	2014-10-23 01:08:52	141403373206510640	2	48	0.177000000	0.176470000	327	0.326999987	
./generated/m50-1.txt	2014-10-23 01:08:52	141403373206530336	2	50	0.204000000	0.203276000	379	0.379000005	
./generated/m52-1.txt	2014-10-23 01:08:52	141403373206557552	2	52	0.236000000	0.196016000	346	0.345999986	
./generated/m54-1.txt	2014-10-23 01:08:52	141403373206577904	2	54	0.186000000	0.185964000	341	0.341000006	
./generated/m56-1.txt	2014-10-23 01:08:52	141403373206598480	2	56	0.181000000	0.181217000	335	0.334999990	
./generated/m58-1.txt	2014-10-23 01:08:52	141403373206619120	2	58	0.187000000	0.186244000	345	0.345000008	
./generated/m60-1.txt	2014-10-23 01:08:52	141403373206642128	2	60	0.215000000	0.214724000	397	0.396999996	
./generated/m62-1.txt	2014-10-23 01:08:52	141403373206663376	2	62	0.190000000	0.180938000	280	0.280000007	
./generated/m64-1.txt	2014-10-23 01:08:52	141403373206687392	2	64	0.250000000	0.249069000	464	0.464000012	
./generated/m66-1.txt	2014-10-23 01:08:52	141403373206712240	2	66	0.255000000	0.254653000	477	0.476999994	
./generated/m68-1.txt	2014-10-23 01:08:52	141403373206736880	2	68	0.257000000	0.256050000	479	0.479000009	
./generated/m70-1.txt	2014-10-23 01:08:52	141403373206762384	2	70	0.261000000	0.260796000	489	0.488999998	
./generated/m72-1.txt	2014-10-23 01:08:52	141403373206792112	2	72	0.256000000	0.254654000	468	0.468000013	
./generated/m74-1.txt	2014-10-23 01:08:52	141403373206819488	2	74	0.268000000	0.266940000	503	0.502999988	
./generated/m76-1.txt	2014-10-23 01:08:52	141403373206846256	2	76	0.255000000	0.254374000	479	0.479000009	
./generated/m78-1.txt	2014-10-23 01:08:52	141403373206871152	2	78	0.235000000	0.234270000	437	0.437000010	
./generated/m80-1.txt	2014-10-23 01:08:52	141403373206900208	2	80	0.277000000	0.276433000	522	0.522000017	
./generated/m82-1.txt	2014-10-23 01:08:52	141403373206934464	2	82	0.271000000	0.270570000	511	0.510999991	
./generated/m84-1.txt	2014-10-23 01:08:52	141403373206962896	2	84	0.272000000	0.270569000	510	0.509999983	
./generated/m86-1.txt	2014-10-23 01:08:52	141403373206992752	2	86	0.284000000	0.283693000	533	0.532999984	
./generated/m88-1.txt	2014-10-23 01:08:52	141403373207030384	2	88	0.295000000	0.293466000	555	0.554999977	
./generated/m90-1.txt	2014-10-23 01:08:52	141403373207061040	2	90	0.290000000	0.288999000	547	0.546999974	
./generated/m92-1.txt	2014-10-23 01:08:52	141403373207101856	2	92	0.273000000	0.271408000	509	0.508999976	
./generated/m94-1.txt	2014-10-23 01:08:52	141403373207134848	2	94	0.270000000	0.268894000	506	0.506000011	
./generated/m96-1.txt	2014-10-23 01:08:52	141403373207170688	2	96	0.272000000	0.270849000	511	0.510999991	
./generated/m98-1.txt	2014-10-23 01:08:52	141403373207200400	2	98	0.299000000	0.297654000	564	0.563999987	
./generated/m100-1.txt	2014-10-23 01:08:52	141403373207235088	2	100	0.353000000	0.352103000	673	0.673000002	
./generated/m102-1.txt	2014-10-23 01:08:52	141403373207270784	2	102	0.349000000	0.347357000	661	0.661000027	
./generated/m104-1.txt	2014-10-23 01:08:52	141403373207308608	2	104	0.459000000	0.457930000	762	0.761999981	
./generated/m106-1.txt	2014-10-23 01:08:52	141403373207346704	2	106	0.466000000	0.465748000	897	0.897000020	
./generated/m108-1.txt	2014-10-23 01:08:52	141403373207393728	2	108	1.179000000	1.179169000	2325	2.325000009	
./generated/m110-1.txt	2014-10-23 01:08:52	141403373207429360	2	110	0.288000000	0.287323000	541	0.540999987	
./generated/m112-1.txt	2014-10-23 01:08:52	141403373207468704	2	112	0.353000000	0.352103000	666	0.666000007	
./generated/m114-1.txt	2014-10-23 01:08:52	141403373207509280	2	114	0.511000000	0.509865000	837	0.837000029	
./generated/m116-1.txt	2014-10-23 01:08:52	141403373207550000	2	116	0.373000000	0.372207000	713	0.713000016	
./generated/m118-1.txt	2014-10-23 01:08:52	141403373207591280	2	118	0.367000000	0.365506000	699	0.699000026	
./generated/m120-1.txt	2014-10-23 01:08:52	141403373207628800	2	120	0.376000000	0.374441000	712	0.712000008	
./generated/m122-1.txt	2014-10-23 01:08:52	141403373207673408	2	122	0.466000000	0.466307000	901	0.900999992	
./generated/m124-1.txt	2014-10-23 01:08:52	141403373207716528	2	124	0.352000000	0.350986000	670	0.669999979	
./generated/m126-1.txt	2014-10-23 01:08:52	141403373207773632	2	126	0.400000000	0.399571000	767	0.767000020	
./generated/m128-1.txt	2014-10-23 01:08:52	141403373207819712	2	128	0.397000000	0.395104000	759	0.759000017	
big/c-33/c-33.mtx	2014-10-23 01:29:17	141403495702983440	2	6317	2640.752000000	2640.662819000	5265333	5265.333175659	
big/c-33/c-33.mtx	2014-10-23 01:29:20	141403496001608800	2	6317	2630.449000000	2630.328965000	5256571	5256.570816040	
big/c-33/c-33.mtx	2014-10-23 01:29:23	141403496300344176	2	6317	2648.528000000	2648.498443000	5287435	5287.435054779	
big/c-33/c-33.mtx	2014-10-23 01:29:25	141403496509450816	2	6317	2681.232000000	2681.174520000	5324104	5324.103832245	
big/c-33/c-33.mtx	2014-10-23 01:29:28	141403496808555408	2	6317	2683.370000000	2683.303055000	5281503	5281.503200531	
