./generated/m2-1.txt	2014-10-23 01:08:52	141403373207866752	3	2	0.804000000	0.803331000	1408	1.408000011	
./generated/m4-1.txt	2014-10-23 01:08:52	141403373207888080	3	4	0.209000000	0.207744000	498	0.498000009	
./generated/m6-1.txt	2014-10-23 01:08:52	141403373207910224	3	6	0.672000000	0.670421000	833	0.832999998	
./generated/m8-1.txt	2014-10-23 01:08:52	141403373207978752	3	8	0.202000000	0.200484000	431	0.430999993	
./generated/m10-1.txt	2014-10-23 01:08:52	141403373208006352	3	10	0.383000000	0.381142000	777	0.776999979	
./generated/m12-1.txt	2014-10-23 01:08:52	141403373208031520	3	12	0.344000000	0.342331000	693	0.692999980	
./generated/m14-1.txt	2014-10-23 01:08:52	141403373208049616	3	14	0.191000000	0.189874000	454	0.453999994	
./generated/m16-1.txt	2014-10-23 01:08:52	141403373208068864	3	16	0.215000000	0.214446000	514	0.514000014	
./generated/m18-1.txt	2014-10-23 01:08:52	141403373208086832	3	18	0.217000000	0.215562000	521	0.521000009	
./generated/m20-1.txt	2014-10-23 01:08:52	141403373208103712	3	20	0.225000000	0.223938000	548	0.547999982	
./generated/m22-1.txt	2014-10-23 01:08:52	141403373208129888	3	22	0.222000000	0.220309000	564	0.563999987	
./generated/m24-1.txt	2014-10-23 01:08:52	141403373208146928	3	24	0.259000000	0.258283000	559	0.559000007	
./generated/m26-1.txt	2014-10-23 01:08:52	141403373208165520	3	26	0.233000000	0.231199000	558	0.558000000	
./generated/m28-1.txt	2014-10-23 01:08:52	141403373208182928	3	28	0.207000000	0.206069000	491	0.491000013	
./generated/m30-1.txt	2014-10-23 01:08:52	141403373208201856	3	30	0.221000000	0.220867000	538	0.538000022	
./generated/m32-1.txt	2014-10-23 01:08:52	141403373208218960	3	32	0.208000000	0.207465000	508	0.508000026	
./generated/m34-1.txt	2014-10-23 01:08:52	141403373208238528	3	34	0.208000000	0.206906000	493	0.493000029	
./generated/m36-1.txt	2014-10-23 01:08:52	141403373208256688	3	36	0.237000000	0.236225000	574	0.574000005	
./generated/m38-1.txt	2014-10-23 01:08:52	141403373208276432	3	38	0.231000000	0.230081000	564	0.563999987	
./generated/m40-1.txt	2014-10-23 01:08:52	141403373208296176	3	40	0.242000000	0.240693000	587	0.586999988	
./generated/m42-1.txt	2014-10-23 01:08:52	141403373208318976	3	42	0.234000000	0.232874000	571	0.570999982	
./generated/m44-1.txt	2014-10-23 01:08:52	141403373208340256	3	44	0.245000000	0.243205000	604	0.604000001	
./generated/m46-1.txt	2014-10-23 01:08:52	141403373208360976	3	46	0.240000000	0.238459000	589	0.589000003	
./generated/m48-1.txt	2014-10-23 01:08:52	141403373208381008	3	48	0.249000000	0.247673000	611	0.610999996	
./generated/m50-1.txt	2014-10-23 01:08:52	141403373208407216	3	50	0.221000000	0.220588000	527	0.526999997	
./generated/m52-1.txt	2014-10-23 01:08:52	141403373208428576	3	52	0.255000000	0.253816000	542	0.541999994	
./generated/m54-1.txt	2014-10-23 01:08:52	141403373208449792	3	54	0.223000000	0.222542000	543	0.543000002	
./generated/m56-1.txt	2014-10-23 01:08:52	141403373208477808	3	56	0.187000000	0.185964000	375	0.375000003	
./generated/m58-1.txt	2014-10-23 01:08:52	141403373208502208	3	58	0.268000000	0.266940000	667	0.667000015	
./generated/m60-1.txt	2014-10-23 01:08:52	141403373208527536	3	60	0.225000000	0.223660000	549	0.548999989	
./generated/m62-1.txt	2014-10-23 01:08:52	141403373208566624	3	62	1.838000000	1.836745000	3695	3.694999963	
./generated/m64-1.txt	2014-10-23 01:08:52	141403373208590976	3	64	0.240000000	0.239017000	584	0.584000023	
./generated/m66-1.txt	2014-10-23 01:08:52	141403373208616592	3	66	0.243000000	0.240413000	592	0.592000026	
./generated/m68-1.txt	2014-10-23 01:08:52	141403373208644640	3	68	0.281000000	0.280342000	712	0.712000008	
./generated/m70-1.txt	2014-10-23 01:08:52	141403373208685120	3	70	1.835000000	1.833674000	3724	3.723999951	
./generated/m72-1.txt	2014-10-23 01:08:52	141403373208717840	3	72	0.229000000	0.158879000	351	0.350999995	
./generated/m74-1.txt	2014-10-23 01:08:52	141403373208746656	3	74	0.311000000	0.310219000	747	0.746999984	
./generated/m76-1.txt	2014-10-23 01:08:52	141403373208772976	3	76	0.250000000	0.249907000	633	0.632999989	
./generated/m78-1.txt	2014-10-23 01:08:52	141403373208801104	3	78	0.294000000	0.294583000	768	0.768000027	
./generated/m80-1.txt	2014-10-23 01:08:52	141403373208833744	3	80	0.253000000	0.252420000	640	0.639999984	
./generated/m82-1.txt	2014-10-23 01:08:52	141403373208862848	3	82	0.277000000	0.275596000	703	0.702999998	
./generated/m84-1.txt	2014-10-23 01:08:52	141403373208896720	3	84	0.274000000	0.271965000	692	0.691999972	
./generated/m86-1.txt	2014-10-23 01:08:52	141403373208926512	3	86	0.295000000	0.294583000	757	0.757000002	
./generated/m88-1.txt	2014-10-23 01:08:52	141403373208972800	3	88	1.878000000	1.877511000	3785	3.784999950	
./generated/m90-1.txt	2014-10-23 01:08:52	141403373209021040	3	90	1.928000000	1.926097000	3893	3.893000074	
./generated/m92-1.txt	2014-10-23 01:08:52	141403373209056416	3	92	0.288000000	0.287602000	739	0.738999981	
./generated/m94-1.txt	2014-10-23 01:08:52	141403373209107584	3	94	2.076000000	2.075762000	4105	4.104999825	
./generated/m96-1.txt	2014-10-23 01:08:52	141403373209150496	3	96	0.888000000	0.888216000	2416	2.416000003	
./generated/m98-1.txt	2014-10-23 01:08:52	141403373209189904	3	98	1.016000000	1.014705000	2148	2.148000058	
./generated/m100-1.txt	2014-10-23 01:08:52	141403373209237152	3	100	1.554000000	1.553052000	4536	4.536000080	
./generated/m102-1.txt	2014-10-23 01:08:52	141403373209273104	3	102	0.324000000	0.322784000	841	0.841000001	
./generated/m104-1.txt	2014-10-23 01:08:52	141403373209309248	3	104	0.419000000	0.418000000	1035	1.034999965	
./generated/m106-1.txt	2014-10-23 01:08:52	141403373209347424	3	106	0.339000000	0.338980000	847	0.846999988	
./generated/m108-1.txt	2014-10-23 01:08:52	141403373209393072	3	108	1.061000000	1.060219000	1471	1.471000025	
./generated/m110-1.txt	2014-10-23 01:08:52	141403373209428384	3	110	0.328000000	0.327810000	847	0.846999988	
./generated/m112-1.txt	2014-10-23 01:08:52	141403373209493600	3	112	1.996000000	1.994786000	4143	4.143000115	
./generated/m114-1.txt	2014-10-23 01:08:52	141403373209538448	3	114	0.319000000	0.317479000	826	0.826000003	
./generated/m116-1.txt	2014-10-23 01:08:52	141403373209580016	3	116	0.365000000	0.363831000	963	0.962999999	
./generated/m118-1.txt	2014-10-23 01:08:52	141403373209623456	3	118	0.374000000	0.373603000	988	0.987999956	
./generated/m120-1.txt	2014-10-23 01:08:52	141403373209696576	3	120	2.004000000	2.002046000	4197	4.197000060	
./generated/m122-1.txt	2014-10-23 01:08:52	141403373209748992	3	122	0.644000000	0.643894000	1488	1.488000038	
./generated/m124-1.txt	2014-10-23 01:08:52	141403373209814448	3	124	1.922000000	1.919954000	3970	3.969999962	
./generated/m126-1.txt	2014-10-23 01:08:52	141403373209866256	3	126	0.481000000	0.479989000	1273	1.273000031	
./generated/m128-1.txt	2014-10-23 01:08:52	141403373209931120	3	128	2.057000000	2.055657000	4360	4.360000137	
./generated/m2-1.txt	2014-10-23 01:08:52	141403373209973168	3	2	0.231000000	0.230082000	566	0.566000002	
./generated/m4-1.txt	2014-10-23 01:08:52	141403373209990656	3	4	0.228000000	0.225894000	555	0.554999977	
./generated/m6-1.txt	2014-10-23 01:08:52	141403373300013232	3	6	0.213000000	0.212211000	511	0.510999991	
./generated/m8-1.txt	2014-10-23 01:08:52	141403373300047408	3	8	1.739000000	1.737899000	3560	3.560000099	
./generated/m10-1.txt	2014-10-23 01:08:53	141403373300066144	3	10	0.319000000	0.317479000	511	0.510999991	
./generated/m12-1.txt	2014-10-23 01:08:53	141403373300083248	3	12	0.189000000	0.188477000	448	0.448000006	
./generated/m14-1.txt	2014-10-23 01:08:53	141403373300102928	3	14	0.243000000	0.242088000	601	0.600999978	
./generated/m16-1.txt	2014-10-23 01:08:53	141403373300125984	3	16	0.387000000	0.386169000	1032	1.031999942	
./generated/m18-1.txt	2014-10-23 01:08:53	141403373300143488	3	18	0.212000000	0.211094000	505	0.505000004	
./generated/m20-1.txt	2014-10-23 01:08:53	141403373300161248	3	20	0.209000000	0.207743000	502	0.501999981	
./generated/m22-1.txt	2014-10-23 01:08:53	141403373300178736	3	22	0.260000000	0.259121000	546	0.546000025	
./generated/m24-1.txt	2014-10-23 01:08:53	141403373300196112	3	24	0.216000000	0.215283000	532	0.531999976	
./generated/m26-1.txt	2014-10-23 01:08:53	141403373300215568	3	26	0.219000000	0.217238000	524	0.523999974	
./generated/m28-1.txt	2014-10-23 01:08:53	141403373300235216	3	28	0.235000000	0.234270000	563	0.562999980	
./generated/m30-1.txt	2014-10-23 01:08:53	141403373300254000	3	30	0.243000000	0.242089000	597	0.597000006	
./generated/m32-1.txt	2014-10-23 01:08:53	141403373300289744	3	32	1.782000000	1.781179000	3651	3.651000094	
./generated/m34-1.txt	2014-10-23 01:08:53	141403373300309888	3	34	0.543000000	0.248790000	507	0.507000019	
./generated/m36-1.txt	2014-10-23 01:08:53	141403373300329600	3	36	0.230000000	0.229244000	560	0.560000015	
./generated/m38-1.txt	2014-10-23 01:08:53	141403373300365984	3	38	1.972000000	1.969098000	3874	3.873999929	
./generated/m40-1.txt	2014-10-23 01:08:53	141403373300386928	3	40	0.283000000	0.281459000	557	0.556999992	
./generated/m42-1.txt	2014-10-23 01:08:53	141403373300407808	3	42	0.225000000	0.223939000	549	0.548999989	
./generated/m44-1.txt	2014-10-23 01:08:53	141403373300444176	3	44	1.809000000	1.808264000	3648	3.648000071	
./generated/m46-1.txt	2014-10-23 01:08:53	141403373300467904	3	46	0.412000000	0.411020000	759	0.759000017	
./generated/m48-1.txt	2014-10-23 01:08:53	141403373300493600	3	48	0.353000000	0.352383000	942	0.942000013	
./generated/m50-1.txt	2014-10-23 01:08:53	141403373300534656	3	50	1.970000000	1.959324000	3968	3.967999946	
./generated/m52-1.txt	2014-10-23 01:08:53	141403373300560208	3	52	0.261000000	0.259679000	667	0.667000015	
./generated/m54-1.txt	2014-10-23 01:08:53	141403373300588416	3	54	0.596000000	0.595029000	1486	1.486000023	
./generated/m56-1.txt	2014-10-23 01:08:53	141403373300610480	3	56	0.245000000	0.244322000	620	0.620000006	
./generated/m58-1.txt	2014-10-23 01:08:53	141403373300656176	3	58	1.866000000	1.865226000	3769	3.769000061	
./generated/m60-1.txt	2014-10-23 01:08:53	141403373300698000	3	60	1.802000000	1.801562000	3694	3.693999955	
./generated/m62-1.txt	2014-10-23 01:08:53	141403373300727840	3	62	0.541000000	0.540301000	1493	1.492999960	
./generated/m64-1.txt	2014-10-23 01:08:53	141403373300751024	3	64	0.342000000	0.341493000	897	0.897000020	
./generated/m66-1.txt	2014-10-23 01:08:53	141403373300781520	3	66	0.308000000	0.307427000	796	0.796000008	
./generated/m68-1.txt	2014-10-23 01:08:53	141403373300811248	3	68	0.268000000	0.266661000	677	0.676999975	
./generated/m70-1.txt	2014-10-23 01:08:53	141403373300842336	3	70	0.244000000	0.243484000	597	0.597000006	
./generated/m72-1.txt	2014-10-23 01:08:53	141403373300868864	3	72	0.265000000	0.263589000	658	0.658000004	
./generated/m74-1.txt	2014-10-23 01:08:53	141403373300895088	3	74	0.258000000	0.257167000	644	0.644000014	
./generated/m76-1.txt	2014-10-23 01:08:53	141403373300922160	3	76	0.254000000	0.252420000	631	0.630999974	
./generated/m78-1.txt	2014-10-23 01:08:53	141403373300965616	3	78	1.856000000	1.854616000	3724	3.723999951	
./generated/m80-1.txt	2014-10-23 01:08:53	141403373301001072	3	80	0.334000000	0.333116000	865	0.865000009	
./generated/m82-1.txt	2014-10-23 01:08:53	141403373301047760	3	82	1.906000000	1.904876000	3836	3.836000105	
./generated/m84-1.txt	2014-10-23 01:08:53	141403373301074592	3	84	0.278000000	0.277550000	707	0.707000028	
./generated/m86-1.txt	2014-10-23 01:08:53	141403373301103712	3	86	0.266000000	0.264985000	672	0.671999995	
./generated/m88-1.txt	2014-10-23 01:08:53	141403373301139536	3	88	0.286000000	0.284810000	725	0.724999991	
./generated/m90-1.txt	2014-10-23 01:08:53	141403373301174464	3	90	0.311000000	0.310499000	805	0.805000018	
./generated/m92-1.txt	2014-10-23 01:08:53	141403373301208416	3	92	0.318000000	0.317479000	833	0.832999998	
./generated/m94-1.txt	2014-10-23 01:08:53	141403373301259024	3	94	1.875000000	1.874720000	3889	3.889000043	
./generated/m96-1.txt	2014-10-23 01:08:53	141403373301293824	3	96	0.346000000	0.335070000	873	0.873000012	
./generated/m98-1.txt	2014-10-23 01:08:53	141403373301329952	3	98	0.411000000	0.410741000	1115	1.114999992	
./generated/m100-1.txt	2014-10-23 01:08:53	141403373301368336	3	100	0.305000000	0.304077000	794	0.793999992	
./generated/m102-1.txt	2014-10-23 01:08:53	141403373301427488	3	102	2.078000000	2.077158000	4077	4.077000078	
./generated/m104-1.txt	2014-10-23 01:08:53	141403373301469456	3	104	0.572000000	0.571295000	1314	1.313999994	
./generated/m106-1.txt	2014-10-23 01:08:53	141403373301512304	3	106	0.733000000	0.662602000	1535	1.535000047	
./generated/m108-1.txt	2014-10-23 01:08:53	141403373301568480	3	108	1.910000000	1.908785000	3962	3.961999901	
./generated/m110-1.txt	2014-10-23 01:08:53	141403373301612752	3	110	0.380000000	0.379188000	992	0.991999987	
./generated/m112-1.txt	2014-10-23 01:08:53	141403373301655728	3	112	0.382000000	0.370811000	989	0.988999964	
./generated/m114-1.txt	2014-10-23 01:08:53	141403373301708448	3	114	1.540000000	1.540486000	3010	3.010000102	
./generated/m116-1.txt	2014-10-23 01:08:53	141403373301765232	3	116	2.019000000	1.948993000	4057	4.056999926	
./generated/m118-1.txt	2014-10-23 01:08:53	141403373301809840	3	118	0.365000000	0.354895000	942	0.942000013	
./generated/m120-1.txt	2014-10-23 01:08:53	141403373301878944	3	120	2.280000000	2.280155000	4660	4.660000093	
./generated/m122-1.txt	2014-10-23 01:08:53	141403373301928624	3	122	0.441000000	0.422468000	1126	1.125999959	
./generated/m124-1.txt	2014-10-23 01:08:53	141403373301975056	3	124	0.394000000	0.392870000	1051	1.050999970	
./generated/m126-1.txt	2014-10-23 01:08:53	141403373302025648	3	126	0.423000000	0.422468000	1105	1.105000032	
./generated/m128-1.txt	2014-10-23 01:08:53	141403373302087024	3	128	2.007000000	2.006793000	4217	4.217000213	
./generated/m2-1.txt	2014-10-23 01:08:53	141403373302125088	3	2	0.257000000	0.256329000	656	0.655999989	
./generated/m4-1.txt	2014-10-23 01:08:53	141403373302148992	3	4	0.277000000	0.276712000	1418	1.417999971	
./generated/m6-1.txt	2014-10-23 01:08:53	141403373302168448	3	6	0.231000000	0.218354000	534	0.533999992	
./generated/m8-1.txt	2014-10-23 01:08:53	141403373302185728	3	8	0.219000000	0.217237000	540	0.539999979	
./generated/m10-1.txt	2014-10-23 01:08:53	141403373302205344	3	10	0.213000000	0.211932000	523	0.523000024	
./generated/m12-1.txt	2014-10-23 01:08:53	141403373302220880	3	12	0.216000000	0.215841000	530	0.530000019	
./generated/m14-1.txt	2014-10-23 01:08:53	141403373302238688	3	14	0.213000000	0.212490000	526	0.525999989	
./generated/m16-1.txt	2014-10-23 01:08:53	141403373302255456	3	16	0.246000000	0.245439000	592	0.592000026	
./generated/m18-1.txt	2014-10-23 01:08:53	141403373302289584	3	18	1.846000000	1.844284000	3709	3.709000070	
./generated/m20-1.txt	2014-10-23 01:08:53	141403373302307008	3	20	0.273000000	0.273083000	410	0.410000008	
./generated/m22-1.txt	2014-10-23 01:08:53	141403373302324752	3	22	0.219000000	0.217796000	542	0.541999994	
./generated/m24-1.txt	2014-10-23 01:08:53	141403373302342000	3	24	0.215000000	0.215283000	532	0.531999976	
./generated/m26-1.txt	2014-10-23 01:08:53	141403373302360688	3	26	0.226000000	0.224777000	557	0.556999992	
./generated/m28-1.txt	2014-10-23 01:08:53	141403373302377808	3	28	0.218000000	0.217517000	539	0.538999971	
./generated/m30-1.txt	2014-10-23 01:08:53	141403373302396912	3	30	0.224000000	0.223381000	540	0.539999979	
./generated/m32-1.txt	2014-10-23 01:08:53	141403373302414960	3	32	0.232000000	0.231757000	569	0.569000025	
./generated/m34-1.txt	2014-10-23 01:08:53	141403373302435120	3	34	0.229000000	0.228686000	571	0.570999982	
./generated/m36-1.txt	2014-10-23 01:08:53	141403373302454832	3	36	0.272000000	0.271408000	689	0.689000008	
./generated/m38-1.txt	2014-10-23 01:08:53	141403373302476576	3	38	0.233000000	0.231199000	569	0.569000025	
./generated/m40-1.txt	2014-10-23 01:08:53	141403373302495536	3	40	0.227000000	0.226452000	557	0.556999992	
./generated/m42-1.txt	2014-10-23 01:08:53	141403373302516288	3	42	0.213000000	0.212490000	526	0.525999989	
./generated/m44-1.txt	2014-10-23 01:08:53	141403373302537408	3	44	0.263000000	0.261634000	655	0.654999982	
./generated/m46-1.txt	2014-10-23 01:08:53	141403373302563840	3	46	0.247000000	0.246276000	611	0.610999996	
./generated/m48-1.txt	2014-10-23 01:08:53	141403373302588768	3	48	0.608000000	0.607316000	1252	1.251999987	
./generated/m50-1.txt	2014-10-23 01:08:53	141403373302611232	3	50	0.241000000	0.240134000	586	0.585999980	
./generated/m52-1.txt	2014-10-23 01:08:53	141403373302651408	3	52	1.880000000	1.878071000	3821	3.820999991	
./generated/m54-1.txt	2014-10-23 01:08:53	141403373302674752	3	54	0.225000000	0.223660000	545	0.545000017	
./generated/m56-1.txt	2014-10-23 01:08:53	141403373302730992	3	56	3.386000000	3.385050000	6806	6.806000136	
./generated/m58-1.txt	2014-10-23 01:08:53	141403373302770960	3	58	1.802000000	1.801004000	3736	3.736000042	
./generated/m60-1.txt	2014-10-23 01:08:53	141403373302816768	3	60	2.428000000	2.424514000	4915	4.914999940	
./generated/m62-1.txt	2014-10-23 01:08:53	141403373302845776	3	62	0.278000000	0.276992000	696	0.696000003	
./generated/m64-1.txt	2014-10-23 01:08:53	141403373302890112	3	64	1.934000000	1.933077000	3911	3.911000211	
./generated/m66-1.txt	2014-10-23 01:08:53	141403373302921152	3	66	0.251000000	0.249907000	633	0.632999989	
./generated/m68-1.txt	2014-10-23 01:08:53	141403373302963776	3	68	1.870000000	1.797095000	3710	3.710000077	
./generated/m70-1.txt	2014-10-23 01:08:53	141403373303004080	3	70	1.797000000	1.789556000	3680	3.680000082	
./generated/m72-1.txt	2014-10-23 01:08:53	141403373303043952	3	72	1.884000000	1.811615000	3744	3.744000103	
./generated/m74-1.txt	2014-10-23 01:08:53	141403373303080432	3	74	0.292000000	0.290395000	735	0.735000009	
./generated/m76-1.txt	2014-10-23 01:08:53	141403373303108576	3	76	0.410000000	0.352941000	689	0.689000008	
./generated/m78-1.txt	2014-10-23 01:08:53	141403373303146400	3	78	1.236000000	1.235293000	2468	2.467999933	
./generated/m80-1.txt	2014-10-23 01:08:53	141403373303178992	3	80	0.288000000	0.286485000	733	0.732999993	
./generated/m82-1.txt	2014-10-23 01:08:53	141403373303208368	3	82	0.274000000	0.273362000	705	0.705000013	
./generated/m84-1.txt	2014-10-23 01:08:53	141403373303244192	3	84	0.285000000	0.283414000	717	0.716999988	
./generated/m86-1.txt	2014-10-23 01:08:53	141403373303292432	3	86	1.899000000	1.898175000	3958	3.957999870	
./generated/m88-1.txt	2014-10-23 01:08:53	141403373303328720	3	88	0.291000000	0.290115000	746	0.745999976	
./generated/m90-1.txt	2014-10-23 01:08:53	141403373303376160	3	90	2.134000000	2.133003000	4368	4.368000198	
./generated/m92-1.txt	2014-10-23 01:08:53	141403373303411264	3	92	0.333000000	0.331720000	861	0.860999979	
./generated/m94-1.txt	2014-10-23 01:08:53	141403373303467824	3	94	1.889000000	1.890077000	3968	3.967999946	
./generated/m96-1.txt	2014-10-23 01:08:53	141403373303502544	3	96	0.393000000	0.392870000	1063	1.062999945	
./generated/m98-1.txt	2014-10-23 01:08:53	141403373303541184	3	98	0.302000000	0.301005000	776	0.775999972	
./generated/m100-1.txt	2014-10-23 01:08:53	141403373303576608	3	100	0.309000000	0.307986000	798	0.798000023	
./generated/m102-1.txt	2014-10-23 01:08:53	141403373303612560	3	102	0.321000000	0.319993000	835	0.835000013	
./generated/m104-1.txt	2014-10-23 01:08:53	141403373303648624	3	104	0.357000000	0.356013000	943	0.943000021	
./generated/m106-1.txt	2014-10-23 01:08:53	141403373303686976	3	106	0.346000000	0.345961000	920	0.920000020	
./generated/m108-1.txt	2014-10-23 01:08:53	141403373303726336	3	108	0.311000000	0.310778000	819	0.819000008	
./generated/m110-1.txt	2014-10-23 01:08:53	141403373303765792	3	110	0.320000000	0.319713000	843	0.843000016	
./generated/m112-1.txt	2014-10-23 01:08:53	141403373303821904	3	112	1.972000000	1.960721000	4053	4.052999895	
./generated/m114-1.txt	2014-10-23 01:08:53	141403373303871040	3	114	0.740000000	0.739389000	1764	1.764000044	
./generated/m116-1.txt	2014-10-23 01:08:53	141403373303932272	3	116	1.913000000	1.912694000	3966	3.965999931	
./generated/m118-1.txt	2014-10-23 01:08:53	141403373304033856	3	118	6.044000000	6.043276000	11545	11.544999667	
./generated/m120-1.txt	2014-10-23 01:08:53	141403373304083744	3	120	0.346000000	0.344564000	892	0.891999982	
./generated/m122-1.txt	2014-10-23 01:08:53	141403373304134752	3	122	0.437000000	0.436150000	1177	1.176999998	
./generated/m124-1.txt	2014-10-23 01:08:53	141403373304184096	3	124	0.351000000	0.350428000	915	0.914999982	
./generated/m126-1.txt	2014-10-23 01:08:53	141403373304248992	3	126	2.064000000	2.062918000	4370	4.370000213	
./generated/m128-1.txt	2014-10-23 01:08:53	141403373304297616	3	128	0.393000000	0.391753000	1048	1.047999947	
./generated/m2-1.txt	2014-10-23 01:08:53	141403373304338832	3	2	0.227000000	0.226452000	556	0.555999984	
./generated/m4-1.txt	2014-10-23 01:08:53	141403373304373312	3	4	1.797000000	1.795140000	3562	3.562000114	
./generated/m6-1.txt	2014-10-23 01:08:53	141403373304390352	3	6	0.255000000	0.253257000	615	0.615000026	
./generated/m8-1.txt	2014-10-23 01:08:53	141403373304407248	3	8	0.242000000	0.241251000	602	0.601999986	
./generated/m10-1.txt	2014-10-23 01:08:53	141403373304425472	3	10	0.223000000	0.221985000	728	0.728000014	
./generated/m12-1.txt	2014-10-23 01:08:53	141403373304442800	3	12	0.260000000	0.258842000	654	0.653999974	
./generated/m14-1.txt	2014-10-23 01:08:53	141403373304459888	3	14	0.202000000	0.199925000	474	0.474000000	
./generated/m16-1.txt	2014-10-23 01:08:53	141403373304477136	3	16	0.227000000	0.225615000	554	0.554000027	
./generated/m18-1.txt	2014-10-23 01:08:53	141403373304494800	3	18	0.226000000	0.225056000	551	0.551000005	
./generated/m20-1.txt	2014-10-23 01:08:53	141403373304513488	3	20	0.234000000	0.232594000	566	0.566000002	
./generated/m22-1.txt	2014-10-23 01:08:53	141403373304531040	3	22	0.227000000	0.226172000	557	0.556999992	
./generated/m24-1.txt	2014-10-23 01:08:53	141403373304556640	3	24	0.384000000	0.312175000	804	0.804000010	
./generated/m26-1.txt	2014-10-23 01:08:53	141403373304574672	3	26	0.228000000	0.227569000	559	0.559000007	
./generated/m28-1.txt	2014-10-23 01:08:53	141403373304595536	3	28	0.229000000	0.227010000	557	0.556999992	
./generated/m30-1.txt	2014-10-23 01:08:53	141403373304615088	3	30	0.242000000	0.240134000	596	0.595999998	
./generated/m32-1.txt	2014-10-23 01:08:53	141403373304634672	3	32	0.238000000	0.236784000	581	0.581000000	
./generated/m34-1.txt	2014-10-23 01:08:53	141403373304656928	3	34	0.238000000	0.235946000	577	0.577000028	
./generated/m36-1.txt	2014-10-23 01:08:53	141403373304692448	3	36	1.867000000	1.866343000	3852	3.851999994	
./generated/m38-1.txt	2014-10-23 01:08:53	141403373304730368	3	38	1.919000000	1.917720000	3922	3.922000062	
./generated/m40-1.txt	2014-10-23 01:08:53	141403373304765136	3	40	1.828000000	1.826971000	3777	3.776999889	
./generated/m42-1.txt	2014-10-23 01:08:53	141403373304787888	3	42	0.239000000	0.238737000	520	0.520000001	
./generated/m44-1.txt	2014-10-23 01:08:53	141403373304809472	3	44	0.259000000	0.258284000	616	0.615999976	
./generated/m46-1.txt	2014-10-23 01:08:53	141403373304836368	3	46	0.285000000	0.211932000	487	0.487000012	
./generated/m48-1.txt	2014-10-23 01:08:53	141403373304857568	3	48	0.268000000	0.266939000	706	0.706000021	
./generated/m50-1.txt	2014-10-23 01:08:53	141403373304881584	3	50	0.285000000	0.283134000	720	0.720000011	
./generated/m52-1.txt	2014-10-23 01:08:53	141403373304904080	3	52	0.268000000	0.266940000	678	0.677999982	
./generated/m54-1.txt	2014-10-23 01:08:53	141403373304929984	3	54	0.221000000	0.221146000	532	0.531999976	
./generated/m56-1.txt	2014-10-23 01:08:53	141403373304948960	3	56	0.302000000	0.293745000	644	0.644000014	
./generated/m58-1.txt	2014-10-23 01:08:53	141403373304972688	3	58	0.248000000	0.246835000	616	0.615999976	
./generated/m60-1.txt	2014-10-23 01:08:53	141403373305012176	3	60	1.838000000	1.838141000	3736	3.736000042	
./generated/m62-1.txt	2014-10-23 01:08:53	141403373305053008	3	62	1.885000000	1.885330000	3834	3.834000090	
./generated/m64-1.txt	2014-10-23 01:08:53	141403373305083712	3	64	0.283000000	0.281459000	715	0.714999973	
./generated/m66-1.txt	2014-10-23 01:08:53	141403373305112240	3	66	0.642000000	0.653108000	1691	1.690999954	
./generated/m68-1.txt	2014-10-23 01:08:53	141403373305140128	3	68	0.235000000	0.234549000	589	0.589000003	
./generated/m70-1.txt	2014-10-23 01:08:53	141403373305170272	3	70	0.255000000	0.254095000	635	0.635000004	
./generated/m72-1.txt	2014-10-23 01:08:53	141403373305213696	3	72	1.706000000	1.706068000	3453	3.452999983	
./generated/m74-1.txt	2014-10-23 01:08:53	141403373305242656	3	74	0.268000000	0.267219000	673	0.673000002	
./generated/m76-1.txt	2014-10-23 01:08:53	141403373305289296	3	76	1.991000000	1.990877000	4007	4.007000010	
./generated/m78-1.txt	2014-10-23 01:08:53	141403373305319600	3	78	0.280000000	0.278946000	710	0.709999993	
./generated/m80-1.txt	2014-10-23 01:08:53	141403373305348048	3	80	0.250000000	0.248232000	554	0.554000027	
./generated/m82-1.txt	2014-10-23 01:08:53	141403373305381120	3	82	0.531000000	0.530808000	1468	1.468000002	
./generated/m84-1.txt	2014-10-23 01:08:53	141403373305413728	3	84	0.290000000	0.288440000	734	0.734000001	
./generated/m86-1.txt	2014-10-23 01:08:53	141403373305462864	3	86	2.047000000	2.045327000	4241	4.240999930	
./generated/m88-1.txt	2014-10-23 01:08:53	141403373305496416	3	88	0.278000000	0.277829000	706	0.706000021	
./generated/m90-1.txt	2014-10-23 01:08:53	141403373305540464	3	90	0.283000000	0.280901000	682	0.682000013	
./generated/m92-1.txt	2014-10-23 01:08:53	141403373305574080	3	92	0.305000000	0.303797000	785	0.784999982	
./generated/m94-1.txt	2014-10-23 01:08:53	141403373305610288	3	94	0.287000000	0.285089000	715	0.714999973	
./generated/m96-1.txt	2014-10-23 01:08:53	141403373305649040	3	96	0.560000000	0.559847000	1553	1.552999951	
./generated/m98-1.txt	2014-10-23 01:08:53	141403373305703456	3	98	1.965000000	1.962675000	4049	4.048999865	
./generated/m100-1.txt	2014-10-23 01:08:53	141403373305750880	3	100	0.628000000	0.579114000	1499	1.499000005	
./generated/m102-1.txt	2014-10-23 01:08:53	141403373305788080	3	102	0.303000000	0.301285000	768	0.768000027	
./generated/m104-1.txt	2014-10-23 01:08:53	141403373305845792	3	104	2.071000000	2.069619000	4216	4.215999972	
./generated/m106-1.txt	2014-10-23 01:08:53	141403373305885792	3	106	0.440000000	0.439222000	1192	1.191999996	
./generated/m108-1.txt	2014-10-23 01:08:53	141403373305929104	3	108	0.358000000	0.358246000	951	0.951000024	
./generated/m110-1.txt	2014-10-23 01:08:53	141403373305973472	3	110	0.521000000	0.520197000	1285	1.285000006	
./generated/m112-1.txt	2014-10-23 01:08:53	141403373306019936	3	112	0.381000000	0.379188000	1009	1.009000000	
./generated/m114-1.txt	2014-10-23 01:08:53	141403373306061568	3	114	0.375000000	0.434196000	1180	1.180000021	
./generated/m116-1.txt	2014-10-23 01:08:53	141403373306109536	3	116	0.378000000	0.378071000	960	0.959999976	
./generated/m118-1.txt	2014-10-23 01:08:53	141403373306169280	3	118	1.989000000	1.979708000	4121	4.120999947	
./generated/m120-1.txt	2014-10-23 01:08:53	141403373306215728	3	120	0.468000000	0.467144000	1276	1.276000054	
./generated/m122-1.txt	2014-10-23 01:08:53	141403373306294224	3	122	3.448000000	3.446759000	6978	6.978000049	
./generated/m124-1.txt	2014-10-23 01:08:53	141403373306347760	3	124	0.275000000	0.316921000	799	0.798999972	
./generated/m126-1.txt	2014-10-23 01:08:53	141403373306410000	3	126	2.074000000	2.072412000	4234	4.234000109	
./generated/m128-1.txt	2014-10-23 01:08:53	141403373306460304	3	128	0.379000000	0.377233000	1004	1.003999962	
./generated/m2-1.txt	2014-10-23 01:08:53	141403373306506240	3	2	0.281000000	0.285927000	732	0.731999986	
./generated/m4-1.txt	2014-10-23 01:08:53	141403373306525648	3	4	0.232000000	0.229803000	566	0.566000002	
./generated/m6-1.txt	2014-10-23 01:08:53	141403373306542432	3	6	0.222000000	0.220030000	537	0.537000014	
./generated/m8-1.txt	2014-10-23 01:08:53	141403373306563232	3	8	0.227000000	0.225615000	551	0.551000005	
./generated/m10-1.txt	2014-10-23 01:08:53	141403373306579904	3	10	0.232000000	0.230361000	555	0.554999977	
./generated/m12-1.txt	2014-10-23 01:08:53	141403373306597616	3	12	0.196000000	0.194341000	460	0.460000010	
./generated/m14-1.txt	2014-10-23 01:08:53	141403373306613984	3	14	0.228000000	0.226452000	551	0.551000005	
./generated/m16-1.txt	2014-10-23 01:08:53	141403373306630944	3	16	0.228000000	0.227568000	559	0.559000007	
./generated/m18-1.txt	2014-10-23 01:08:53	141403373306650848	3	18	0.231000000	0.230920000	566	0.566000002	
./generated/m20-1.txt	2014-10-23 01:08:53	141403373306670720	3	20	0.204000000	0.202438000	481	0.480999995	
./generated/m22-1.txt	2014-10-23 01:08:53	141403373306690368	3	22	0.229000000	0.227848000	559	0.559000007	
./generated/m24-1.txt	2014-10-23 01:08:53	141403373306731664	3	24	2.397000000	2.396312000	4843	4.842999857	
./generated/m26-1.txt	2014-10-23 01:08:53	141403373306770384	3	26	1.901000000	1.900129000	3801	3.801000072	
./generated/m28-1.txt	2014-10-23 01:08:53	141403373306808528	3	28	1.903000000	1.901246000	3805	3.805000102	
./generated/m30-1.txt	2014-10-23 01:08:53	141403373306848208	3	30	1.965000000	1.962955000	3869	3.868999891	
./generated/m32-1.txt	2014-10-23 01:08:53	141403373306885504	3	32	2.006000000	2.005677000	3975	3.975000232	
./generated/m34-1.txt	2014-10-23 01:08:53	141403373306907712	3	34	0.208000000	0.206627000	426	0.426000013	
./generated/m36-1.txt	2014-10-23 01:08:53	141403373306929312	3	36	0.257000000	0.256329000	650	0.650000002	
./generated/m38-1.txt	2014-10-23 01:08:53	141403373306970784	3	38	1.970000000	1.968819000	3991	3.990999889	
./generated/m40-1.txt	2014-10-23 01:08:53	141403373306996512	3	40	0.258000000	0.257167000	646	0.645999971	
./generated/m42-1.txt	2014-10-23 01:08:53	141403373307018096	3	42	0.251000000	0.250186000	629	0.629000016	
./generated/m44-1.txt	2014-10-23 01:08:53	141403373307043664	3	44	0.217000000	0.215841000	531	0.531000027	
./generated/m46-1.txt	2014-10-23 01:08:53	141403373307062864	3	46	0.205000000	0.204672000	502	0.501999981	
./generated/m48-1.txt	2014-10-23 01:08:53	141403373307088352	3	48	0.245000000	0.244323000	610	0.609999988	
./generated/m50-1.txt	2014-10-23 01:08:53	141403373307110816	3	50	0.261000000	0.259401000	654	0.653999974	
./generated/m52-1.txt	2014-10-23 01:08:53	141403373307132144	3	52	0.236000000	0.235666000	572	0.571999990	
./generated/m54-1.txt	2014-10-23 01:08:53	141403373307170608	3	54	1.816000000	1.815245000	3698	3.697999986	
./generated/m56-1.txt	2014-10-23 01:08:53	141403373307209552	3	56	1.950000000	1.948714000	3918	3.918000031	
./generated/m58-1.txt	2014-10-23 01:08:53	141403373307250128	3	58	1.932000000	1.931402000	3902	3.901999909	
./generated/m60-1.txt	2014-10-23 01:08:53	141403373307294496	3	60	1.925000000	1.923584000	3876	3.875999944	
./generated/m62-1.txt	2014-10-23 01:08:53	141403373307337360	3	62	1.929000000	1.927772000	3866	3.866000101	
./generated/m64-1.txt	2014-10-23 01:08:53	141403373307367440	3	64	0.284000000	0.283414000	705	0.705000013	
./generated/m66-1.txt	2014-10-23 01:08:53	141403373307411760	3	66	1.905000000	1.904596000	3838	3.837999888	
./generated/m68-1.txt	2014-10-23 01:08:53	141403373307443440	3	68	0.248000000	0.247115000	624	0.623999978	
./generated/m70-1.txt	2014-10-23 01:08:53	141403373307489312	3	70	1.878000000	1.877512000	3789	3.788999980	
./generated/m72-1.txt	2014-10-23 01:08:53	141403373307532672	3	72	1.893000000	1.892311000	3865	3.865000093	
./generated/m74-1.txt	2014-10-23 01:08:53	141403373307579744	3	74	2.015000000	2.003721000	4095	4.095000215	
./generated/m76-1.txt	2014-10-23 01:08:53	141403373307608752	3	76	0.291000000	0.290394000	756	0.755999994	
./generated/m78-1.txt	2014-10-23 01:08:53	141403373307657264	3	78	1.931000000	1.930564000	3891	3.891000059	
./generated/m80-1.txt	2014-10-23 01:08:53	141403373307685280	3	80	0.300000000	0.298492000	769	0.768999977	
./generated/m82-1.txt	2014-10-23 01:08:53	141403373307732416	3	82	1.885000000	1.884213000	3718	3.717999905	
./generated/m84-1.txt	2014-10-23 01:08:53	141403373307763216	3	84	0.294000000	0.293745000	752	0.752000022	
./generated/m86-1.txt	2014-10-23 01:08:53	141403373307806864	3	86	1.868000000	1.867180000	3919	3.918999806	
./generated/m88-1.txt	2014-10-23 01:08:53	141403373307855968	3	88	1.861000000	1.859920000	3900	3.899999894	
./generated/m90-1.txt	2014-10-23 01:08:53	141403373307893664	3	90	0.329000000	0.328648000	825	0.824999996	
./generated/m92-1.txt	2014-10-23 01:08:53	141403373307927792	3	92	0.334000000	0.332836000	859	0.859000022	
./generated/m94-1.txt	2014-10-23 01:08:53	141403373307960096	3	94	0.321000000	0.320271000	844	0.844000024	
./generated/m96-1.txt	2014-10-23 01:08:53	141403373308001712	3	96	0.326000000	0.324739000	859	0.859000022	
./generated/m98-1.txt	2014-10-23 01:08:53	141403373308053632	3	98	1.954000000	1.954299000	3988	3.988000099	
./generated/m100-1.txt	2014-10-23 01:08:53	141403373308089520	3	100	0.293000000	0.292349000	759	0.759000017	
./generated/m102-1.txt	2014-10-23 01:08:53	141403373308140144	3	102	1.900000000	1.900967000	3932	3.932000138	
./generated/m104-1.txt	2014-10-23 01:08:53	141403373308178992	3	104	0.340000000	0.338701000	885	0.884999987	
./generated/m106-1.txt	2014-10-23 01:08:53	141403373308217376	3	106	0.425000000	0.423306000	1147	1.147000003	
./generated/m108-1.txt	2014-10-23 01:08:53	141403373308268720	3	108	0.867000000	0.865320000	1806	1.806000015	
./generated/m110-1.txt	2014-10-23 01:08:53	141403373308309232	3	110	0.488000000	0.487807000	1103	1.103000017	
./generated/m112-1.txt	2014-10-23 01:08:53	141403373308371040	3	112	1.982000000	1.981384000	4106	4.106000066	
./generated/m114-1.txt	2014-10-23 01:08:53	141403373308411712	3	114	0.343000000	0.342889000	910	0.910000002	
./generated/m116-1.txt	2014-10-23 01:08:53	141403373308468304	3	116	1.645000000	1.644637000	3380	3.379999893	
./generated/m118-1.txt	2014-10-23 01:08:53	141403373308521968	3	118	0.396000000	0.375279000	1001	1.001000055	
./generated/m120-1.txt	2014-10-23 01:08:53	141403373308582144	3	120	2.011000000	2.010144000	4140	4.139999859	
./generated/m122-1.txt	2014-10-23 01:08:53	141403373308632368	3	122	0.344000000	0.343448000	908	0.907999987	
./generated/m124-1.txt	2014-10-23 01:08:53	141403373308690704	3	124	2.026000000	2.024105000	4194	4.193999805	
./generated/m126-1.txt	2014-10-23 01:08:53	141403373308739344	3	126	0.394000000	0.392312000	1041	1.041000010	
./generated/m128-1.txt	2014-10-23 01:08:53	141403373308789280	3	128	0.390000000	0.388123000	987	0.986999949	
big/c-33/c-33.mtx	2014-10-23 01:29:30	141403497008917328	3	6317	1807.744000000	1807.743970000	5410845	5410.844802856	
big/c-33/c-33.mtx	2014-10-23 01:29:32	141403497209155056	3	6317	1794.343000000	1794.278323000	5366583	5366.582870483	
big/c-33/c-33.mtx	2014-10-23 01:29:34	141403497409635952	3	6317	1822.007000000	1821.943701000	5457328	5457.327842712	
big/c-33/c-33.mtx	2014-10-23 01:29:37	141403497700076592	3	6317	1811.901000000	1811.840207000	5411323	5411.323070526	
big/c-33/c-33.mtx	2014-10-23 01:29:39	141403497901402912	3	6317	1904.408000000	1904.381937000	5641544	5641.543865204	
